date,year,title,artist,cover_url,issue_url,file,bytes,status
1925-02-21,1925,"The New Yorker February 21, 1925",,"https://media.newyorker.com/photos/59094e4bc14b3c606c102ff8/master/w_1600,c_limit/1925_02_21.jpg",https://www.newyorker.com/magazine/1925/02/21,covers/1925/1925-02-21.jpg,76164,ok
1925-02-28,1925,"The New Yorker February 28, 1925",,"https://media.newyorker.com/photos/59094e4c1c7a8e33fb389a96/master/w_1600,c_limit/1925_02_28.jpg",https://www.newyorker.com/magazine/1925/02/28,covers/1925/1925-02-28.jpg,322944,ok
1925-03-07,1925,"The New Yorker March 7, 1925",,"https://media.newyorker.com/photos/59094e4cebe912338a371fb0/master/w_1600,c_limit/1925_03_07.jpg",https://www.newyorker.com/magazine/1925/03/07,covers/1925/1925-03-07.jpg,434950,ok
1925-03-14,1925,"The New Yorker March 14, 1925",,"https://media.newyorker.com/photos/59094e4d6552fa0be682b41f/master/w_1600,c_limit/1925_03_14.jpg",https://www.newyorker.com/magazine/1925/03/14,covers/1925/1925-03-14.jpg,491200,ok
1925-03-21,1925,"The New Yorker March 21, 1925",,"https://media.newyorker.com/photos/59094e496552fa0be682b40f/master/w_1600,c_limit/1925_03_21.jpg",https://www.newyorker.com/magazine/1925/03/21,covers/1925/1925-03-21.jpg,187948,ok
1925-03-28,1925,"The New Yorker March 28, 1925",,"https://media.newyorker.com/photos/59094e49c14b3c606c102ff2/master/w_1600,c_limit/1925_03_28.jpg",https://www.newyorker.com/magazine/1925/03/28,covers/1925/1925-03-28.jpg,288799,ok
1925-04-04,1925,"The New Yorker April 4, 1925",,"https://media.newyorker.com/photos/59094e4ac14b3c606c102ff6/master/w_1600,c_limit/1925_04_04.jpg",https://www.newyorker.com/magazine/1925/04/04,covers/1925/1925-04-04.jpg,453802,ok
1925-04-11,1925,"The New Yorker April 11, 1925",,"https://media.newyorker.com/photos/59094e4b6552fa0be682b416/master/w_1600,c_limit/1925_04_11.jpg",https://www.newyorker.com/magazine/1925/04/11,covers/1925/1925-04-11.jpg,441129,ok
1925-04-18,1925,"The New Yorker April 18, 1925",,"https://media.newyorker.com/photos/59094e4b019dfc3494e9d127/master/w_1600,c_limit/1925_04_18.jpg",https://www.newyorker.com/magazine/1925/04/18,covers/1925/1925-04-18.jpg,573521,ok
1925-04-25,1925,"The New Yorker April 25, 1925",,"https://media.newyorker.com/photos/59094e4c1c7a8e33fb389a98/master/w_1600,c_limit/1925_04_25.jpg",https://www.newyorker.com/magazine/1925/04/25,covers/1925/1925-04-25.jpg,296168,ok
1925-05-02,1925,"The New Yorker May 2, 1925",,"https://media.newyorker.com/photos/59094e4debe912338a371fb2/master/w_1600,c_limit/1925_05_02.jpg",https://www.newyorker.com/magazine/1925/05/02,covers/1925/1925-05-02.jpg,461155,ok
1925-05-09,1925,"The New Yorker May 9, 1925",,"https://media.newyorker.com/photos/59094e4dc14b3c606c102ffa/master/w_1600,c_limit/1925_05_09.jpg",https://www.newyorker.com/magazine/1925/05/09,covers/1925/1925-05-09.jpg,280570,ok
1925-05-16,1925,"The New Yorker May 16, 1925",,"https://media.newyorker.com/photos/59094e4e2179605b11ad2722/master/w_1600,c_limit/1925_05_16.jpg",https://www.newyorker.com/magazine/1925/05/16,covers/1925/1925-05-16.jpg,330010,ok
1925-05-23,1925,"The New Yorker May 23, 1925",,"https://media.newyorker.com/photos/59094e4f019dfc3494e9d129/master/w_1600,c_limit/1925_05_23.jpg",https://www.newyorker.com/magazine/1925/05/23,covers/1925/1925-05-23.jpg,399122,ok
1925-05-30,1925,"The New Yorker May 30, 1925",,"https://media.newyorker.com/photos/59094e496552fa0be682b412/master/w_1600,c_limit/1925_05_30.jpg",https://www.newyorker.com/magazine/1925/05/30,covers/1925/1925-05-30.jpg,872792,ok
1925-06-06,1925,"The New Yorker June 6, 1925",,"https://media.newyorker.com/photos/59094e4aebe912338a371fa8/master/w_1600,c_limit/1925_06_06.jpg",https://www.newyorker.com/magazine/1925/06/06,covers/1925/1925-06-06.jpg,335565,ok
1925-06-13,1925,"The New Yorker June 13, 1925",,"https://media.newyorker.com/photos/59094e4a2179605b11ad2718/master/w_1600,c_limit/1925_06_13.jpg",https://www.newyorker.com/magazine/1925/06/13,covers/1925/1925-06-13.jpg,362679,ok
1925-06-20,1925,"The New Yorker June 20, 1925",,"https://media.newyorker.com/photos/59094e4b6552fa0be682b419/master/w_1600,c_limit/1925_06_20.jpg",https://www.newyorker.com/magazine/1925/06/20,covers/1925/1925-06-20.jpg,476892,ok
1925-06-27,1925,"The New Yorker June 27, 1925",,"https://media.newyorker.com/photos/59094e4c2179605b11ad271a/master/w_1600,c_limit/1925_06_27.jpg",https://www.newyorker.com/magazine/1925/06/27,covers/1925/1925-06-27.jpg,374820,ok
1925-07-04,1925,"The New Yorker July 4, 1925",,"https://media.newyorker.com/photos/59094e4d2179605b11ad271e/master/w_1600,c_limit/1925_07_04.jpg",https://www.newyorker.com/magazine/1925/07/04,covers/1925/1925-07-04.jpg,672807,ok
1925-07-11,1925,"The New Yorker July 11, 1925",,"https://media.newyorker.com/photos/59094e4eebe912338a371fb8/master/w_1600,c_limit/1925_07_11.jpg",https://www.newyorker.com/magazine/1925/07/11,covers/1925/1925-07-11.jpg,459795,ok
1925-07-18,1925,"The New Yorker July 18, 1925",,"https://media.newyorker.com/photos/59094e4ec14b3c606c102ffc/master/w_1600,c_limit/1925_07_18.jpg",https://www.newyorker.com/magazine/1925/07/18,covers/1925/1925-07-18.jpg,450351,ok
1925-07-25,1925,"The New Yorker July 25, 1925",,"https://media.newyorker.com/photos/59094e4febe912338a371fba/master/w_1600,c_limit/1925_07_25.jpg",https://www.newyorker.com/magazine/1925/07/25,covers/1925/1925-07-25.jpg,368784,ok
1925-08-01,1925,"The New Yorker August 1, 1925",,"https://media.newyorker.com/photos/59094e501c7a8e33fb389a9e/master/w_1600,c_limit/1925_08_01.jpg",https://www.newyorker.com/magazine/1925/08/01,covers/1925/1925-08-01.jpg,530859,ok
1925-08-08,1925,"The New Yorker August 8, 1925",,"https://media.newyorker.com/photos/59094e4ac14b3c606c102ff4/master/w_1600,c_limit/1925_08_08.jpg",https://www.newyorker.com/magazine/1925/08/08,covers/1925/1925-08-08.jpg,338678,ok
1925-08-15,1925,"The New Yorker August 15, 1925",,"https://media.newyorker.com/photos/59094e4b1c7a8e33fb389a94/master/w_1600,c_limit/1925_08_15.jpg",https://www.newyorker.com/magazine/1925/08/15,covers/1925/1925-08-15.jpg,457522,ok
1925-08-22,1925,"The New Yorker August 22, 1925",,"https://media.newyorker.com/photos/59094e4bebe912338a371fae/master/w_1600,c_limit/1925_08_22.jpg",https://www.newyorker.com/magazine/1925/08/22,covers/1925/1925-08-22.jpg,319203,ok
1925-08-29,1925,"The New Yorker August 29, 1925",,"https://media.newyorker.com/photos/59094e4c6552fa0be682b41b/master/w_1600,c_limit/1925_08_29.jpg",https://www.newyorker.com/magazine/1925/08/29,covers/1925/1925-08-29.jpg,534629,ok
1925-09-05,1925,"The New Yorker September 5, 1925",,"https://media.newyorker.com/photos/59094e4d1c7a8e33fb389a9a/master/w_1600,c_limit/1925_09_05.jpg",https://www.newyorker.com/magazine/1925/09/05,covers/1925/1925-09-05.jpg,402227,ok
1925-09-12,1925,"The New Yorker September 12, 1925",,"https://media.newyorker.com/photos/59094e4debe912338a371fb7/master/w_1600,c_limit/1925_09_12.jpg",https://www.newyorker.com/magazine/1925/09/12,covers/1925/1925-09-12.jpg,548751,ok
1925-09-19,1925,"The New Yorker September 19, 1925",,"https://media.newyorker.com/photos/59094e4e6552fa0be682b421/master/w_1600,c_limit/1925_09_19.jpg",https://www.newyorker.com/magazine/1925/09/19,covers/1925/1925-09-19.jpg,234517,ok
1925-09-26,1925,"The New Yorker September 26, 1925",,"https://media.newyorker.com/photos/59094e4f2179605b11ad2724/master/w_1600,c_limit/1925_09_26.jpg",https://www.newyorker.com/magazine/1925/09/26,covers/1925/1925-09-26.jpg,550429,ok
1925-10-03,1925,"The New Yorker October 3, 1925",,"https://media.newyorker.com/photos/59094e4f019dfc3494e9d12d/master/w_1600,c_limit/1925_10_03.jpg",https://www.newyorker.com/magazine/1925/10/03,covers/1925/1925-10-03.jpg,332735,ok
1925-10-10,1925,"The New Yorker October 10, 1925",,"https://media.newyorker.com/photos/59094e50c14b3c606c102ffe/master/w_1600,c_limit/1925_10_10.jpg",https://www.newyorker.com/magazine/1925/10/10,covers/1925/1925-10-10.jpg,258876,ok
1925-10-17,1925,"The New Yorker October 17, 1925",,"https://media.newyorker.com/photos/59094e4c2179605b11ad271c/master/w_1600,c_limit/1925_10_17.jpg",https://www.newyorker.com/magazine/1925/10/17,covers/1925/1925-10-17.jpg,500994,ok
1925-10-24,1925,"The New Yorker October 24, 1925",,"https://media.newyorker.com/photos/59094e4d6552fa0be682b41d/master/w_1600,c_limit/1925_10_24.jpg",https://www.newyorker.com/magazine/1925/10/24,covers/1925/1925-10-24.jpg,250404,ok
1925-10-31,1925,"The New Yorker October 31, 1925",,"https://media.newyorker.com/photos/59094e4debe912338a371fb5/master/w_1600,c_limit/1925_10_31.jpg",https://www.newyorker.com/magazine/1925/10/31,covers/1925/1925-10-31.jpg,372006,ok
1925-11-07,1925,"The New Yorker November 7, 1925",,"https://media.newyorker.com/photos/59094e4e2179605b11ad2720/master/w_1600,c_limit/1925_11_07.jpg",https://www.newyorker.com/magazine/1925/11/07,covers/1925/1925-11-07.jpg,455097,ok
1925-11-14,1925,"The New Yorker November 14, 1925",,"https://media.newyorker.com/photos/59094e4f1c7a8e33fb389a9c/master/w_1600,c_limit/1925_11_14.jpg",https://www.newyorker.com/magazine/1925/11/14,covers/1925/1925-11-14.jpg,545314,ok
1925-11-21,1925,"The New Yorker November 21, 1925",,"https://media.newyorker.com/photos/59094e50019dfc3494e9d12f/master/w_1600,c_limit/1925_11_21.jpg",https://www.newyorker.com/magazine/1925/11/21,covers/1925/1925-11-21.jpg,513898,ok
1925-11-28,1925,"The New Yorker November 28, 1925",,"https://media.newyorker.com/photos/59094e506552fa0be682b425/master/w_1600,c_limit/1925_11_28.jpg",https://www.newyorker.com/magazine/1925/11/28,covers/1925/1925-11-28.jpg,317045,ok
1925-12-05,1925,"The New Yorker December 5, 1925",,"https://media.newyorker.com/photos/59094e516552fa0be682b427/master/w_1600,c_limit/1925_12_05.jpg",https://www.newyorker.com/magazine/1925/12/05,covers/1925/1925-12-05.jpg,355002,ok
1925-12-12,1925,"The New Yorker December 12, 1925",,"https://media.newyorker.com/photos/59094e521c7a8e33fb389aa2/master/w_1600,c_limit/1925_12_12.jpg",https://www.newyorker.com/magazine/1925/12/12,covers/1925/1925-12-12.jpg,584575,ok
1925-12-19,1925,"The New Yorker December 19, 1925",,"https://media.newyorker.com/photos/59094e53ebe912338a371fc0/master/w_1600,c_limit/1925_12_19.jpg",https://www.newyorker.com/magazine/1925/12/19,covers/1925/1925-12-19.jpg,505091,ok
1925-12-26,1925,"The New Yorker December 26, 1925",,"https://media.newyorker.com/photos/59094e4f6552fa0be682b423/master/w_1600,c_limit/1925_12_26.jpg",https://www.newyorker.com/magazine/1925/12/26,covers/1925/1925-12-26.jpg,443715,ok
1926-01-02,1926,"The New Yorker January 2, 1926",,"https://media.newyorker.com/photos/59094e4f019dfc3494e9d12e/master/w_1600,c_limit/1926_01_02.jpg",https://www.newyorker.com/magazine/1926/01/02,covers/1926/1926-01-02.jpg,728086,ok
1926-01-09,1926,"The New Yorker January 9, 1926",,"https://media.newyorker.com/photos/59094e501c7a8e33fb389aa0/master/w_1600,c_limit/1926_01_09.jpg",https://www.newyorker.com/magazine/1926/01/09,covers/1926/1926-01-09.jpg,247955,ok
1926-01-16,1926,"The New Yorker January 16, 1926",,"https://media.newyorker.com/photos/59094e512179605b11ad2726/master/w_1600,c_limit/1926_01_16.jpg",https://www.newyorker.com/magazine/1926/01/16,covers/1926/1926-01-16.jpg,545797,ok
1926-01-23,1926,"The New Yorker January 23, 1926",,"https://media.newyorker.com/photos/59094e52ebe912338a371fbe/master/w_1600,c_limit/1926_01_23.jpg",https://www.newyorker.com/magazine/1926/01/23,covers/1926/1926-01-23.jpg,442417,ok
1926-01-30,1926,"The New Yorker January 30, 1926",,"https://media.newyorker.com/photos/59094e522179605b11ad272a/master/w_1600,c_limit/1926_01_30.jpg",https://www.newyorker.com/magazine/1926/01/30,covers/1926/1926-01-30.jpg,551479,ok
1926-02-06,1926,"The New Yorker February 6, 1926",,"https://media.newyorker.com/photos/59094e53ebe912338a371fc3/master/w_1600,c_limit/1926_02_06.jpg",https://www.newyorker.com/magazine/1926/02/06,covers/1926/1926-02-06.jpg,590476,ok
1926-02-13,1926,"The New Yorker February 13, 1926",,"https://media.newyorker.com/photos/59094e54c14b3c606c103004/master/w_1600,c_limit/1926_02_13.jpg",https://www.newyorker.com/magazine/1926/02/13,covers/1926/1926-02-13.jpg,554598,ok
1926-02-20,1926,"The New Yorker February 20, 1926",,"https://media.newyorker.com/photos/59094e541c7a8e33fb389aaa/master/w_1600,c_limit/1926_02_20.jpg",https://www.newyorker.com/magazine/1926/02/20,covers/1926/1926-02-20.jpg,464474,ok
1926-02-27,1926,"The New Yorker February 27, 1926",,"https://media.newyorker.com/photos/59094e551c7a8e33fb389aae/master/w_1600,c_limit/1926_02_27.jpg",https://www.newyorker.com/magazine/1926/02/27,covers/1926/1926-02-27.jpg,338231,ok
1926-03-06,1926,"The New Yorker March 6, 1926",,"https://media.newyorker.com/photos/59094e51c14b3c606c103000/master/w_1600,c_limit/1926_03_06.jpg",https://www.newyorker.com/magazine/1926/03/06,covers/1926/1926-03-06.jpg,549411,ok
1926-03-13,1926,"The New Yorker March 13, 1926",,"https://media.newyorker.com/photos/59094e51c14b3c606c103002/master/w_1600,c_limit/1926_03_13.jpg",https://www.newyorker.com/magazine/1926/03/13,covers/1926/1926-03-13.jpg,471982,ok
1926-03-20,1926,"The New Yorker March 20, 1926",,"https://media.newyorker.com/photos/59094e53019dfc3494e9d133/master/w_1600,c_limit/1926_03_20.jpg",https://www.newyorker.com/magazine/1926/03/20,covers/1926/1926-03-20.jpg,527975,ok
1926-03-27,1926,"The New Yorker March 27, 1926",,"https://media.newyorker.com/photos/59094e531c7a8e33fb389aa6/master/w_1600,c_limit/1926_03_27.jpg",https://www.newyorker.com/magazine/1926/03/27,covers/1926/1926-03-27.jpg,466308,ok
1926-04-03,1926,"The New Yorker April 3, 1926",,"https://media.newyorker.com/photos/59094e54019dfc3494e9d135/master/w_1600,c_limit/1926_04_03.jpg",https://www.newyorker.com/magazine/1926/04/03,covers/1926/1926-04-03.jpg,400382,ok
1926-04-10,1926,"The New Yorker April 10, 1926",,"https://media.newyorker.com/photos/59094e546552fa0be682b42f/master/w_1600,c_limit/1926_04_10.jpg",https://www.newyorker.com/magazine/1926/04/10,covers/1926/1926-04-10.jpg,453885,ok
1926-04-17,1926,"The New Yorker April 17, 1926",,"https://media.newyorker.com/photos/59094e551c7a8e33fb389aad/master/w_1600,c_limit/1926_04_17.jpg",https://www.newyorker.com/magazine/1926/04/17,covers/1926/1926-04-17.jpg,185284,ok
1926-04-24,1926,"The New Yorker April 24, 1926",,"https://media.newyorker.com/photos/59094e561c7a8e33fb389ab0/master/w_1600,c_limit/1926_04_24.jpg",https://www.newyorker.com/magazine/1926/04/24,covers/1926/1926-04-24.jpg,636201,ok
1926-05-01,1926,"The New Yorker May 1, 1926",,"https://media.newyorker.com/photos/59094e56019dfc3494e9d13f/master/w_1600,c_limit/1926_05_01.jpg",https://www.newyorker.com/magazine/1926/05/01,covers/1926/1926-05-01.jpg,430718,ok
1926-05-08,1926,"The New Yorker May 8, 1926",,"https://media.newyorker.com/photos/59094e57019dfc3494e9d144/master/w_1600,c_limit/1926_05_08.jpg",https://www.newyorker.com/magazine/1926/05/08,covers/1926/1926-05-08.jpg,412923,ok
1926-05-15,1926,"The New Yorker May 15, 1926",,"https://media.newyorker.com/photos/59094e51ebe912338a371fbc/master/w_1600,c_limit/1926_05_15.jpg",https://www.newyorker.com/magazine/1926/05/15,covers/1926/1926-05-15.jpg,554533,ok
1926-05-22,1926,"The New Yorker May 22, 1926",,"https://media.newyorker.com/photos/59094e526552fa0be682b429/master/w_1600,c_limit/1926_05_22.jpg",https://www.newyorker.com/magazine/1926/05/22,covers/1926/1926-05-22.jpg,329464,ok
1926-05-29,1926,"The New Yorker May 29, 1926",,"https://media.newyorker.com/photos/59094e531c7a8e33fb389aa4/master/w_1600,c_limit/1926_05_29.jpg",https://www.newyorker.com/magazine/1926/05/29,covers/1926/1926-05-29.jpg,447691,ok
1926-06-05,1926,"The New Yorker June 5, 1926",,"https://media.newyorker.com/photos/59094e546552fa0be682b42b/master/w_1600,c_limit/1926_06_05.jpg",https://www.newyorker.com/magazine/1926/06/05,covers/1926/1926-06-05.jpg,388213,ok
1926-06-12,1926,"The New Yorker June 12, 1926",,"https://media.newyorker.com/photos/59094e54ebe912338a371fc6/master/w_1600,c_limit/1926_06_12.jpg",https://www.newyorker.com/magazine/1926/06/12,covers/1926/1926-06-12.jpg,520101,ok
1926-06-19,1926,"The New Yorker June 19, 1926",,"https://media.newyorker.com/photos/59094e55019dfc3494e9d139/master/w_1600,c_limit/1926_06_19.jpg",https://www.newyorker.com/magazine/1926/06/19,covers/1926/1926-06-19.jpg,605290,ok
1926-06-26,1926,"The New Yorker June 26, 1926",,"https://media.newyorker.com/photos/59094e562179605b11ad272c/master/w_1600,c_limit/1926_06_26.jpg",https://www.newyorker.com/magazine/1926/06/26,covers/1926/1926-06-26.jpg,455050,ok
1926-07-03,1926,"The New Yorker July 3, 1926",,"https://media.newyorker.com/photos/59094e576552fa0be682b433/master/w_1600,c_limit/1926_07_03.jpg",https://www.newyorker.com/magazine/1926/07/03,covers/1926/1926-07-03.jpg,475252,ok
1926-07-10,1926,"The New Yorker July 10, 1926",,"https://media.newyorker.com/photos/59094e582179605b11ad272e/master/w_1600,c_limit/1926_07_10.jpg",https://www.newyorker.com/magazine/1926/07/10,covers/1926/1926-07-10.jpg,292769,ok
1926-07-17,1926,"The New Yorker July 17, 1926",,"https://media.newyorker.com/photos/59094e59ebe912338a371fcf/master/w_1600,c_limit/1926_07_17.jpg",https://www.newyorker.com/magazine/1926/07/17,covers/1926/1926-07-17.jpg,545831,ok
1926-07-24,1926,"The New Yorker July 24, 1926",,"https://media.newyorker.com/photos/59094e522179605b11ad2728/master/w_1600,c_limit/1926_07_24.jpg",https://www.newyorker.com/magazine/1926/07/24,covers/1926/1926-07-24.jpg,385269,ok
1926-07-31,1926,"The New Yorker July 31, 1926",,"https://media.newyorker.com/photos/59094e52019dfc3494e9d132/master/w_1600,c_limit/1926_07_31.jpg",https://www.newyorker.com/magazine/1926/07/31,covers/1926/1926-07-31.jpg,493628,ok
1926-08-07,1926,"The New Yorker August 7, 1926",,"https://media.newyorker.com/photos/59094e53ebe912338a371fc4/master/w_1600,c_limit/1926_08_07.jpg",https://www.newyorker.com/magazine/1926/08/07,covers/1926/1926-08-07.jpg,559714,ok
1926-08-21,1926,"The New Yorker August 21, 1926",,"https://media.newyorker.com/photos/59094e54c14b3c606c103006/master/w_1600,c_limit/1926_08_21.jpg",https://www.newyorker.com/magazine/1926/08/21,covers/1926/1926-08-21.jpg,583547,ok
1926-08-28,1926,"The New Yorker August 28, 1926",,"https://media.newyorker.com/photos/59094e55019dfc3494e9d138/master/w_1600,c_limit/1926_08_28.jpg",https://www.newyorker.com/magazine/1926/08/28,covers/1926/1926-08-28.jpg,428012,ok
1926-09-04,1926,"The New Yorker September 4, 1926",,"https://media.newyorker.com/photos/59094e56019dfc3494e9d13b/master/w_1600,c_limit/1926_09_04.jpg",https://www.newyorker.com/magazine/1926/09/04,covers/1926/1926-09-04.jpg,269509,ok
1926-09-11,1926,"The New Yorker September 11, 1926",,"https://media.newyorker.com/photos/59094e56019dfc3494e9d13e/master/w_1600,c_limit/1926_09_11.jpg",https://www.newyorker.com/magazine/1926/09/11,covers/1926/1926-09-11.jpg,309337,ok
1926-09-18,1926,"The New Yorker September 18, 1926",,"https://media.newyorker.com/photos/59094e57019dfc3494e9d142/master/w_1600,c_limit/1926_09_18.jpg",https://www.newyorker.com/magazine/1926/09/18,covers/1926/1926-09-18.jpg,470061,ok
1926-09-25,1926,"The New Yorker September 25, 1926",,"https://media.newyorker.com/photos/59094e586552fa0be682b435/master/w_1600,c_limit/1926_09_25.jpg",https://www.newyorker.com/magazine/1926/09/25,covers/1926/1926-09-25.jpg,600567,ok
1926-10-02,1926,"The New Yorker October 2, 1926",,"https://media.newyorker.com/photos/59094e546552fa0be682b42d/master/w_1600,c_limit/1926_10_02.jpg",https://www.newyorker.com/magazine/1926/10/02,covers/1926/1926-10-02.jpg,353865,ok
1926-10-09,1926,"The New Yorker October 9, 1926",,"https://media.newyorker.com/photos/59094e55c14b3c606c103008/master/w_1600,c_limit/1926_10_09.jpg",https://www.newyorker.com/magazine/1926/10/09,covers/1926/1926-10-09.jpg,384785,ok
1926-10-16,1926,"The New Yorker October 16, 1926",,"https://media.newyorker.com/photos/59094e55c14b3c606c10300a/master/w_1600,c_limit/1926_10_16.jpg",https://www.newyorker.com/magazine/1926/10/16,covers/1926/1926-10-16.jpg,376663,ok
1926-10-23,1926,"The New Yorker October 23, 1926",,"https://media.newyorker.com/photos/59094e566552fa0be682b431/master/w_1600,c_limit/1926_10_23.jpg",https://www.newyorker.com/magazine/1926/10/23,covers/1926/1926-10-23.jpg,438575,ok
1926-10-30,1926,"The New Yorker October 30, 1926",,"https://media.newyorker.com/photos/59094e57ebe912338a371fc8/master/w_1600,c_limit/1926_10_30.jpg",https://www.newyorker.com/magazine/1926/10/30,covers/1926/1926-10-30.jpg,446449,ok
1926-11-06,1926,"The New Yorker November 6, 1926",,"https://media.newyorker.com/photos/687feeccd12fdf58ba794f4c/master/w_1600,c_limit/1926_11_06.jpg",https://www.newyorker.com/magazine/1926/11/06,covers/1926/1926-11-06.jpg,889290,ok
1926-11-13,1926,"The New Yorker November 13, 1926",,"https://media.newyorker.com/photos/59094e586552fa0be682b437/master/w_1600,c_limit/1926_11_13.jpg",https://www.newyorker.com/magazine/1926/11/13,covers/1926/1926-11-13.jpg,491334,ok
1926-11-20,1926,"The New Yorker November 20, 1926",,"https://media.newyorker.com/photos/59094e59ebe912338a371fd0/master/w_1600,c_limit/1926_11_20.jpg",https://www.newyorker.com/magazine/1926/11/20,covers/1926/1926-11-20.jpg,366884,ok
1926-11-27,1926,"The New Yorker November 27, 1926",,"https://media.newyorker.com/photos/59094e5a1c7a8e33fb389ab2/master/w_1600,c_limit/1926_11_27.jpg",https://www.newyorker.com/magazine/1926/11/27,covers/1926/1926-11-27.jpg,349566,ok
1926-12-04,1926,"The New Yorker December 4, 1926",,"https://media.newyorker.com/photos/59094e5a2179605b11ad2736/master/w_1600,c_limit/1926_12_04.jpg",https://www.newyorker.com/magazine/1926/12/04,covers/1926/1926-12-04.jpg,424392,ok
1926-12-11,1926,"The New Yorker December 11, 1926",,"https://media.newyorker.com/photos/59094e57ebe912338a371fca/master/w_1600,c_limit/1926_12_11.jpg",https://www.newyorker.com/magazine/1926/12/11,covers/1926/1926-12-11.jpg,544301,ok
1926-12-18,1926,"The New Yorker December 18, 1926",,"https://media.newyorker.com/photos/59094e58ebe912338a371fcc/master/w_1600,c_limit/1926_12_18.jpg",https://www.newyorker.com/magazine/1926/12/18,covers/1926/1926-12-18.jpg,684779,ok
1926-12-25,1926,"The New Yorker December 25, 1926",,"https://media.newyorker.com/photos/59094e59019dfc3494e9d147/master/w_1600,c_limit/1926_12_25.jpg",https://www.newyorker.com/magazine/1926/12/25,covers/1926/1926-12-25.jpg,329337,ok
1927-01-01,1927,"The New Yorker January 1, 1927",,"https://media.newyorker.com/photos/59094e5a2179605b11ad2730/master/w_1600,c_limit/1927_01_01.jpg",https://www.newyorker.com/magazine/1927/01/01,covers/1927/1927-01-01.jpg,246458,ok
1927-01-08,1927,"The New Yorker January 8, 1927",,"https://media.newyorker.com/photos/59094e5a2179605b11ad2732/master/w_1600,c_limit/1927_01_08.jpg",https://www.newyorker.com/magazine/1927/01/08,covers/1927/1927-01-08.jpg,403240,ok
1927-01-15,1927,"The New Yorker January 15, 1927",,"https://media.newyorker.com/photos/59094e5b019dfc3494e9d14d/master/w_1600,c_limit/1927_01_15.jpg",https://www.newyorker.com/magazine/1927/01/15,covers/1927/1927-01-15.jpg,546818,ok
1927-01-22,1927,"The New Yorker January 22, 1927",,"https://media.newyorker.com/photos/59094e5b1c7a8e33fb389ab6/master/w_1600,c_limit/1927_01_22.jpg",https://www.newyorker.com/magazine/1927/01/22,covers/1927/1927-01-22.jpg,312394,ok
1927-01-29,1927,"The New Yorker January 29, 1927",,"https://media.newyorker.com/photos/59094e5c019dfc3494e9d151/master/w_1600,c_limit/1927_01_29.jpg",https://www.newyorker.com/magazine/1927/01/29,covers/1927/1927-01-29.jpg,580744,ok
1927-02-05,1927,"The New Yorker February 5, 1927",,"https://media.newyorker.com/photos/59094e5debe912338a371fd8/master/w_1600,c_limit/1927_02_05.jpg",https://www.newyorker.com/magazine/1927/02/05,covers/1927/1927-02-05.jpg,466493,ok
1927-02-12,1927,"The New Yorker February 12, 1927",,"https://media.newyorker.com/photos/59094e5eebe912338a371fdb/master/w_1600,c_limit/1927_02_12.jpg",https://www.newyorker.com/magazine/1927/02/12,covers/1927/1927-02-12.jpg,500413,ok
1927-02-19,1927,"The New Yorker February 19, 1927",,"https://media.newyorker.com/photos/59094e59019dfc3494e9d149/master/w_1600,c_limit/1927_02_19.jpg",https://www.newyorker.com/magazine/1927/02/19,covers/1927/1927-02-19.jpg,324021,ok
1927-02-26,1927,"The New Yorker February 26, 1927",,"https://media.newyorker.com/photos/59094e5ac14b3c606c10300c/master/w_1600,c_limit/1927_02_26.jpg",https://www.newyorker.com/magazine/1927/02/26,covers/1927/1927-02-26.jpg,576378,ok
1927-03-05,1927,"The New Yorker March 5, 1927",,"https://media.newyorker.com/photos/59094e5a1c7a8e33fb389ab4/master/w_1600,c_limit/1927_03_05.jpg",https://www.newyorker.com/magazine/1927/03/05,covers/1927/1927-03-05.jpg,590015,ok
1927-03-12,1927,"The New Yorker March 12, 1927",,"https://media.newyorker.com/photos/59094e5bebe912338a371fd4/master/w_1600,c_limit/1927_03_12.jpg",https://www.newyorker.com/magazine/1927/03/12,covers/1927/1927-03-12.jpg,464745,ok
1927-03-19,1927,"The New Yorker March 19, 1927",,"https://media.newyorker.com/photos/59094e5cc14b3c606c10300e/master/w_1600,c_limit/1927_03_19.jpg",https://www.newyorker.com/magazine/1927/03/19,covers/1927/1927-03-19.jpg,526650,ok
1927-03-26,1927,"The New Yorker March 26, 1927",,"https://media.newyorker.com/photos/59094e5c1c7a8e33fb389abc/master/w_1600,c_limit/1927_03_26.jpg",https://www.newyorker.com/magazine/1927/03/26,covers/1927/1927-03-26.jpg,412626,ok
1927-04-02,1927,"The New Yorker April 2, 1927",,"https://media.newyorker.com/photos/59094e5d6552fa0be682b43e/master/w_1600,c_limit/1927_04_02.jpg",https://www.newyorker.com/magazine/1927/04/02,covers/1927/1927-04-02.jpg,544117,ok
1927-04-09,1927,"The New Yorker April 9, 1927",,"https://media.newyorker.com/photos/59094e5e019dfc3494e9d153/master/w_1600,c_limit/1927_04_09.jpg",https://www.newyorker.com/magazine/1927/04/09,covers/1927/1927-04-09.jpg,475966,ok
1927-04-16,1927,"The New Yorker April 16, 1927",,"https://media.newyorker.com/photos/59094e5f6552fa0be682b443/master/w_1600,c_limit/1927_04_16.jpg",https://www.newyorker.com/magazine/1927/04/16,covers/1927/1927-04-16.jpg,648725,ok
1927-04-23,1927,"The New Yorker April 23, 1927",,"https://media.newyorker.com/photos/59094e60ebe912338a371fe0/master/w_1600,c_limit/1927_04_23.jpg",https://www.newyorker.com/magazine/1927/04/23,covers/1927/1927-04-23.jpg,428344,ok
1927-04-30,1927,"The New Yorker April 30, 1927",,"https://media.newyorker.com/photos/59094e596552fa0be682b439/master/w_1600,c_limit/1927_04_30.jpg",https://www.newyorker.com/magazine/1927/04/30,covers/1927/1927-04-30.jpg,583846,ok
1927-05-07,1927,"The New Yorker May 7, 1927",,"https://media.newyorker.com/photos/59094e5a019dfc3494e9d14b/master/w_1600,c_limit/1927_05_07.jpg",https://www.newyorker.com/magazine/1927/05/07,covers/1927/1927-05-07.jpg,922784,ok
1927-05-14,1927,"The New Yorker May 14, 1927",,"https://media.newyorker.com/photos/59094e5bebe912338a371fd3/master/w_1600,c_limit/1927_05_14.jpg",https://www.newyorker.com/magazine/1927/05/14,covers/1927/1927-05-14.jpg,362557,ok
1927-05-21,1927,"The New Yorker May 21, 1927",,"https://media.newyorker.com/photos/59094e5c1c7a8e33fb389ab8/master/w_1600,c_limit/1927_05_21.jpg",https://www.newyorker.com/magazine/1927/05/21,covers/1927/1927-05-21.jpg,579026,ok
1927-05-28,1927,"The New Yorker May 28, 1927",,"https://media.newyorker.com/photos/59094e5c1c7a8e33fb389abb/master/w_1600,c_limit/1927_05_28.jpg",https://www.newyorker.com/magazine/1927/05/28,covers/1927/1927-05-28.jpg,707077,ok
1927-06-04,1927,"The New Yorker June 4, 1927",,"https://media.newyorker.com/photos/59094e5d6552fa0be682b43f/master/w_1600,c_limit/1927_06_04.jpg",https://www.newyorker.com/magazine/1927/06/04,covers/1927/1927-06-04.jpg,496567,ok
1927-06-11,1927,"The New Yorker June 11, 1927",,"https://media.newyorker.com/photos/59094e5ec14b3c606c103010/master/w_1600,c_limit/1927_06_11.jpg",https://www.newyorker.com/magazine/1927/06/11,covers/1927/1927-06-11.jpg,480358,ok
1927-06-18,1927,"The New Yorker June 18, 1927",,"https://media.newyorker.com/photos/59094e5f2179605b11ad273e/master/w_1600,c_limit/1927_06_18.jpg",https://www.newyorker.com/magazine/1927/06/18,covers/1927/1927-06-18.jpg,465260,ok
1927-06-25,1927,"The New Yorker June 25, 1927",,"https://media.newyorker.com/photos/59094e602179605b11ad2742/master/w_1600,c_limit/1927_06_25.jpg",https://www.newyorker.com/magazine/1927/06/25,covers/1927/1927-06-25.jpg,507807,ok
1927-07-02,1927,"The New Yorker July 2, 1927",,"https://media.newyorker.com/photos/59094e612179605b11ad2746/master/w_1600,c_limit/1927_07_02.jpg",https://www.newyorker.com/magazine/1927/07/02,covers/1927/1927-07-02.jpg,589191,ok
1927-07-09,1927,"The New Yorker July 9, 1927",,"https://media.newyorker.com/photos/59094e5a2179605b11ad2735/master/w_1600,c_limit/1927_07_09.jpg",https://www.newyorker.com/magazine/1927/07/09,covers/1927/1927-07-09.jpg,488200,ok
1927-07-16,1927,"The New Yorker July 16, 1927",,"https://media.newyorker.com/photos/59094e5b019dfc3494e9d14f/master/w_1600,c_limit/1927_07_16.jpg",https://www.newyorker.com/magazine/1927/07/16,covers/1927/1927-07-16.jpg,522894,ok
1927-07-23,1927,"The New Yorker July 23, 1927",,"https://media.newyorker.com/photos/59094e5c2179605b11ad2738/master/w_1600,c_limit/1927_07_23.jpg",https://www.newyorker.com/magazine/1927/07/23,covers/1927/1927-07-23.jpg,661963,ok
1927-07-30,1927,"The New Yorker July 30, 1927",,"https://media.newyorker.com/photos/59094e5d2179605b11ad273a/master/w_1600,c_limit/1927_07_30.jpg",https://www.newyorker.com/magazine/1927/07/30,covers/1927/1927-07-30.jpg,483772,ok
1927-08-06,1927,"The New Yorker August 6, 1927",,"https://media.newyorker.com/photos/59094e5e2179605b11ad273c/master/w_1600,c_limit/1927_08_06.jpg",https://www.newyorker.com/magazine/1927/08/06,covers/1927/1927-08-06.jpg,694891,ok
1927-08-13,1927,"The New Yorker August 13, 1927",,"https://media.newyorker.com/photos/59094e5e6552fa0be682b441/master/w_1600,c_limit/1927_08_13.jpg",https://www.newyorker.com/magazine/1927/08/13,covers/1927/1927-08-13.jpg,521459,ok
1927-08-20,1927,"The New Yorker August 20, 1927",,"https://media.newyorker.com/photos/59094e5f019dfc3494e9d155/master/w_1600,c_limit/1927_08_20.jpg",https://www.newyorker.com/magazine/1927/08/20,covers/1927/1927-08-20.jpg,573919,ok
1927-08-27,1927,"The New Yorker August 27, 1927",,"https://media.newyorker.com/photos/59094e602179605b11ad2741/master/w_1600,c_limit/1927_08_27.jpg",https://www.newyorker.com/magazine/1927/08/27,covers/1927/1927-08-27.jpg,566389,ok
1927-09-03,1927,"The New Yorker September 3, 1927",,"https://media.newyorker.com/photos/59094e602179605b11ad2744/master/w_1600,c_limit/1927_09_03.jpg",https://www.newyorker.com/magazine/1927/09/03,covers/1927/1927-09-03.jpg,404488,ok
1927-09-10,1927,"The New Yorker September 10, 1927",,"https://media.newyorker.com/photos/59094e611c7a8e33fb389abe/master/w_1600,c_limit/1927_09_10.jpg",https://www.newyorker.com/magazine/1927/09/10,covers/1927/1927-09-10.jpg,493372,ok
1927-09-17,1927,"The New Yorker September 17, 1927",,"https://media.newyorker.com/photos/59094e5cebe912338a371fd6/master/w_1600,c_limit/1927_09_17.jpg",https://www.newyorker.com/magazine/1927/09/17,covers/1927/1927-09-17.jpg,472417,ok
1927-09-24,1927,"The New Yorker September 24, 1927",,"https://media.newyorker.com/photos/59094e5d6552fa0be682b43b/master/w_1600,c_limit/1927_09_24.jpg",https://www.newyorker.com/magazine/1927/09/24,covers/1927/1927-09-24.jpg,691169,ok
1927-10-01,1927,"The New Yorker October 1, 1927",,"https://media.newyorker.com/photos/59094e5eebe912338a371fdc/master/w_1600,c_limit/1927_10_01.jpg",https://www.newyorker.com/magazine/1927/10/01,covers/1927/1927-10-01.jpg,432339,ok
1927-10-08,1927,"The New Yorker October 8, 1927",,"https://media.newyorker.com/photos/59094e5ec14b3c606c103012/master/w_1600,c_limit/1927_10_08.jpg",https://www.newyorker.com/magazine/1927/10/08,covers/1927/1927-10-08.jpg,508601,ok
1927-10-15,1927,"The New Yorker October 15, 1927",,"https://media.newyorker.com/photos/59094e5fc14b3c606c103014/master/w_1600,c_limit/1927_10_15.jpg",https://www.newyorker.com/magazine/1927/10/15,covers/1927/1927-10-15.jpg,337138,ok
1927-10-22,1927,"The New Yorker October 22, 1927",,"https://media.newyorker.com/photos/59094e60019dfc3494e9d157/master/w_1600,c_limit/1927_10_22.jpg",https://www.newyorker.com/magazine/1927/10/22,covers/1927/1927-10-22.jpg,474895,ok
1927-10-29,1927,"The New Yorker October 29, 1927",,"https://media.newyorker.com/photos/59094e61c14b3c606c103016/master/w_1600,c_limit/1927_10_29.jpg",https://www.newyorker.com/magazine/1927/10/29,covers/1927/1927-10-29.jpg,538763,ok
1927-11-05,1927,"The New Yorker November 5, 1927",,"https://media.newyorker.com/photos/59094e61c14b3c606c103018/master/w_1600,c_limit/1927_11_05.jpg",https://www.newyorker.com/magazine/1927/11/05,covers/1927/1927-11-05.jpg,605283,ok
1927-11-12,1927,"The New Yorker November 12, 1927",,"https://media.newyorker.com/photos/59094e622179605b11ad274a/master/w_1600,c_limit/1927_11_12.jpg",https://www.newyorker.com/magazine/1927/11/12,covers/1927/1927-11-12.jpg,470415,ok
1927-11-19,1927,"The New Yorker November 19, 1927",,"https://media.newyorker.com/photos/59094e636552fa0be682b447/master/w_1600,c_limit/1927_11_19.jpg",https://www.newyorker.com/magazine/1927/11/19,covers/1927/1927-11-19.jpg,428937,ok
1927-11-26,1927,"The New Yorker November 26, 1927",,"https://media.newyorker.com/photos/59094e60ebe912338a371fdf/master/w_1600,c_limit/1927_11_26.jpg",https://www.newyorker.com/magazine/1927/11/26,covers/1927/1927-11-26.jpg,376965,ok
1927-12-03,1927,"The New Yorker December 3, 1927",,"https://media.newyorker.com/photos/59094e606552fa0be682b445/master/w_1600,c_limit/1927_12_03.jpg",https://www.newyorker.com/magazine/1927/12/03,covers/1927/1927-12-03.jpg,545619,ok
1927-12-10,1927,"The New Yorker December 10, 1927",,"https://media.newyorker.com/photos/59094e612179605b11ad2748/master/w_1600,c_limit/1927_12_10.jpg",https://www.newyorker.com/magazine/1927/12/10,covers/1927/1927-12-10.jpg,430735,ok
1927-12-17,1927,"The New Yorker December 17, 1927",,"https://media.newyorker.com/photos/59094e641c7a8e33fb389ac0/master/w_1600,c_limit/1927_12_17.jpg",https://www.newyorker.com/magazine/1927/12/17,covers/1927/1927-12-17.jpg,408842,ok
1927-12-24,1927,"The New Yorker December 24, 1927",,"https://media.newyorker.com/photos/59094e64ebe912338a371fe4/master/w_1600,c_limit/1927_12_24.jpg",https://www.newyorker.com/magazine/1927/12/24,covers/1927/1927-12-24.jpg,447106,ok
1927-12-31,1927,"The New Yorker December 31, 1927",,"https://media.newyorker.com/photos/59094e651c7a8e33fb389ac5/master/w_1600,c_limit/1927_12_31.jpg",https://www.newyorker.com/magazine/1927/12/31,covers/1927/1927-12-31.jpg,503894,ok
1928-01-07,1928,"The New Yorker January 7, 1928",,"https://media.newyorker.com/photos/59094e66ebe912338a371fe6/master/w_1600,c_limit/1928_01_07.jpg",https://www.newyorker.com/magazine/1928/01/07,covers/1928/1928-01-07.jpg,418970,ok
1928-01-14,1928,"The New Yorker January 14, 1928",,"https://media.newyorker.com/photos/59094e672179605b11ad274e/master/w_1600,c_limit/1928_01_14.jpg",https://www.newyorker.com/magazine/1928/01/14,covers/1928/1928-01-14.jpg,390380,ok
1928-01-21,1928,"The New Yorker January 21, 1928",,"https://media.newyorker.com/photos/59094e676552fa0be682b457/master/w_1600,c_limit/1928_01_21.jpg",https://www.newyorker.com/magazine/1928/01/21,covers/1928/1928-01-21.jpg,501144,ok
1928-01-28,1928,"The New Yorker January 28, 1928",,"https://media.newyorker.com/photos/59094e68019dfc3494e9d161/master/w_1600,c_limit/1928_01_28.jpg",https://www.newyorker.com/magazine/1928/01/28,covers/1928/1928-01-28.jpg,561205,ok
1928-02-04,1928,"The New Yorker February 4, 1928",,"https://media.newyorker.com/photos/59094e65019dfc3494e9d15b/master/w_1600,c_limit/1928_02_04.jpg",https://www.newyorker.com/magazine/1928/02/04,covers/1928/1928-02-04.jpg,468048,ok
1928-02-11,1928,"The New Yorker February 11, 1928",,"https://media.newyorker.com/photos/59094e66c14b3c606c10301e/master/w_1600,c_limit/1928_02_11.jpg",https://www.newyorker.com/magazine/1928/02/11,covers/1928/1928-02-11.jpg,311333,ok
1928-02-18,1928,"The New Yorker February 18, 1928",,"https://media.newyorker.com/photos/59094e67c14b3c606c103020/master/w_1600,c_limit/1928_02_18.jpg",https://www.newyorker.com/magazine/1928/02/18,covers/1928/1928-02-18.jpg,520430,ok
1928-02-25,1928,"The New Yorker February 25, 1928",,"https://media.newyorker.com/photos/59094e672179605b11ad2753/master/w_1600,c_limit/1928_02_25.jpg",https://www.newyorker.com/magazine/1928/02/25,covers/1928/1928-02-25.jpg,343061,ok
1928-03-03,1928,"The New Yorker March 3, 1928",,"https://media.newyorker.com/photos/59094e696552fa0be682b45b/master/w_1600,c_limit/1928_03_03.jpg",https://www.newyorker.com/magazine/1928/03/03,covers/1928/1928-03-03.jpg,631716,ok
1928-03-10,1928,"The New Yorker March 10, 1928",,"https://media.newyorker.com/photos/59094e6a6552fa0be682b45d/master/w_1600,c_limit/1928_03_10.jpg",https://www.newyorker.com/magazine/1928/03/10,covers/1928/1928-03-10.jpg,646980,ok
1928-03-17,1928,"The New Yorker March 17, 1928",,"https://media.newyorker.com/photos/59094e6a6552fa0be682b461/master/w_1600,c_limit/1928_03_17.jpg",https://www.newyorker.com/magazine/1928/03/17,covers/1928/1928-03-17.jpg,676444,ok
1928-03-24,1928,"The New Yorker March 24, 1928",,"https://media.newyorker.com/photos/59094e6bc14b3c606c103026/master/w_1600,c_limit/1928_03_24.jpg",https://www.newyorker.com/magazine/1928/03/24,covers/1928/1928-03-24.jpg,620060,ok
1928-03-31,1928,"The New Yorker March 31, 1928",,"https://media.newyorker.com/photos/59094e6c019dfc3494e9d167/master/w_1600,c_limit/1928_03_31.jpg",https://www.newyorker.com/magazine/1928/03/31,covers/1928/1928-03-31.jpg,506419,ok
1928-04-07,1928,"The New Yorker April 7, 1928",,"https://media.newyorker.com/photos/59094e6c019dfc3494e9d169/master/w_1600,c_limit/1928_04_07.jpg",https://www.newyorker.com/magazine/1928/04/07,covers/1928/1928-04-07.jpg,421587,ok
1928-04-14,1928,"The New Yorker April 14, 1928",,"https://media.newyorker.com/photos/59094e62ebe912338a371fe2/master/w_1600,c_limit/1928_04_14.jpg",https://www.newyorker.com/magazine/1928/04/14,covers/1928/1928-04-14.jpg,498099,ok
1928-04-21,1928,"The New Yorker April 21, 1928",,"https://media.newyorker.com/photos/59094e63019dfc3494e9d15a/master/w_1600,c_limit/1928_04_21.jpg",https://www.newyorker.com/magazine/1928/04/21,covers/1928/1928-04-21.jpg,815729,ok
1928-04-28,1928,"The New Yorker April 28, 1928",,"https://media.newyorker.com/photos/59094e632179605b11ad274c/master/w_1600,c_limit/1928_04_28.jpg",https://www.newyorker.com/magazine/1928/04/28,covers/1928/1928-04-28.jpg,545557,ok
1928-05-05,1928,"The New Yorker May 5, 1928",,"https://media.newyorker.com/photos/59094e641c7a8e33fb389ac2/master/w_1600,c_limit/1928_05_05.jpg",https://www.newyorker.com/magazine/1928/05/05,covers/1928/1928-05-05.jpg,447783,ok
1928-05-12,1928,"The New Yorker May 12, 1928",,"https://media.newyorker.com/photos/59094e656552fa0be682b44d/master/w_1600,c_limit/1928_05_12.jpg",https://www.newyorker.com/magazine/1928/05/12,covers/1928/1928-05-12.jpg,556785,ok
1928-05-19,1928,"The New Yorker May 19, 1928",,"https://media.newyorker.com/photos/59094e666552fa0be682b44f/master/w_1600,c_limit/1928_05_19.jpg",https://www.newyorker.com/magazine/1928/05/19,covers/1928/1928-05-19.jpg,577059,ok
1928-05-26,1928,"The New Yorker May 26, 1928",,"https://media.newyorker.com/photos/59094e666552fa0be682b453/master/w_1600,c_limit/1928_05_26.jpg",https://www.newyorker.com/magazine/1928/05/26,covers/1928/1928-05-26.jpg,414209,ok
1928-06-02,1928,"The New Yorker June 2, 1928",,"https://media.newyorker.com/photos/59094e676552fa0be682b455/master/w_1600,c_limit/1928_06_02.jpg",https://www.newyorker.com/magazine/1928/06/02,covers/1928/1928-06-02.jpg,443137,ok
1928-06-09,1928,"The New Yorker June 9, 1928",,"https://media.newyorker.com/photos/59094e68c14b3c606c103022/master/w_1600,c_limit/1928_06_09.jpg",https://www.newyorker.com/magazine/1928/06/09,covers/1928/1928-06-09.jpg,636219,ok
1928-06-16,1928,"The New Yorker June 16, 1928",,"https://media.newyorker.com/photos/59094e68019dfc3494e9d163/master/w_1600,c_limit/1928_06_16.jpg",https://www.newyorker.com/magazine/1928/06/16,covers/1928/1928-06-16.jpg,505207,ok
1928-06-23,1928,"The New Yorker June 23, 1928",,"https://media.newyorker.com/photos/59094e63c14b3c606c10301a/master/w_1600,c_limit/1928_06_23.jpg",https://www.newyorker.com/magazine/1928/06/23,covers/1928/1928-06-23.jpg,423819,ok
1928-06-30,1928,"The New Yorker June 30, 1928",,"https://media.newyorker.com/photos/59094e646552fa0be682b449/master/w_1600,c_limit/1928_06_30.jpg",https://www.newyorker.com/magazine/1928/06/30,covers/1928/1928-06-30.jpg,536682,ok
1928-07-07,1928,"The New Yorker July 7, 1928",,"https://media.newyorker.com/photos/59094e656552fa0be682b44c/master/w_1600,c_limit/1928_07_07.jpg",https://www.newyorker.com/magazine/1928/07/07,covers/1928/1928-07-07.jpg,526720,ok
1928-07-14,1928,"The New Yorker July 14, 1928",,"https://media.newyorker.com/photos/59094e65c14b3c606c10301c/master/w_1600,c_limit/1928_07_14.jpg",https://www.newyorker.com/magazine/1928/07/14,covers/1928/1928-07-14.jpg,377213,ok
1928-07-21,1928,"The New Yorker July 21, 1928",,"https://media.newyorker.com/photos/59094e666552fa0be682b451/master/w_1600,c_limit/1928_07_21.jpg",https://www.newyorker.com/magazine/1928/07/21,covers/1928/1928-07-21.jpg,538026,ok
1928-07-28,1928,"The New Yorker July 28, 1928",,"https://media.newyorker.com/photos/59094e67019dfc3494e9d15f/master/w_1600,c_limit/1928_07_28.jpg",https://www.newyorker.com/magazine/1928/07/28,covers/1928/1928-07-28.jpg,425363,ok
1928-08-04,1928,"The New Yorker August 4, 1928",,"https://media.newyorker.com/photos/59094e672179605b11ad2754/master/w_1600,c_limit/1928_08_04.jpg",https://www.newyorker.com/magazine/1928/08/04,covers/1928/1928-08-04.jpg,513326,ok
1928-08-11,1928,"The New Yorker August 11, 1928",,"https://media.newyorker.com/photos/59094e686552fa0be682b45a/master/w_1600,c_limit/1928_08_11.jpg",https://www.newyorker.com/magazine/1928/08/11,covers/1928/1928-08-11.jpg,553769,ok
1928-08-18,1928,"The New Yorker August 18, 1928",,"https://media.newyorker.com/photos/59094e692179605b11ad2756/master/w_1600,c_limit/1928_08_18.jpg",https://www.newyorker.com/magazine/1928/08/18,covers/1928/1928-08-18.jpg,502885,ok
1928-08-25,1928,"The New Yorker August 25, 1928",,"https://media.newyorker.com/photos/59094e6a019dfc3494e9d165/master/w_1600,c_limit/1928_08_25.jpg",https://www.newyorker.com/magazine/1928/08/25,covers/1928/1928-08-25.jpg,396496,ok
1928-09-01,1928,"The New Yorker September 1, 1928",,"https://media.newyorker.com/photos/59094e661c7a8e33fb389ac6/master/w_1600,c_limit/1928_09_01.jpg",https://www.newyorker.com/magazine/1928/09/01,covers/1928/1928-09-01.jpg,538451,ok
1928-09-08,1928,"The New Yorker September 8, 1928",,"https://media.newyorker.com/photos/59094e66019dfc3494e9d15d/master/w_1600,c_limit/1928_09_08.jpg",https://www.newyorker.com/magazine/1928/09/08,covers/1928/1928-09-08.jpg,619861,ok
1928-09-15,1928,"The New Yorker September 15, 1928",,"https://media.newyorker.com/photos/59094e672179605b11ad2750/master/w_1600,c_limit/1928_09_15.jpg",https://www.newyorker.com/magazine/1928/09/15,covers/1928/1928-09-15.jpg,529723,ok
1928-09-22,1928,"The New Yorker September 22, 1928",,"https://media.newyorker.com/photos/59094e681c7a8e33fb389ac8/master/w_1600,c_limit/1928_09_22.jpg",https://www.newyorker.com/magazine/1928/09/22,covers/1928/1928-09-22.jpg,731780,ok
1928-09-29,1928,"The New Yorker September 29, 1928",,"https://media.newyorker.com/photos/59094e68c14b3c606c103024/master/w_1600,c_limit/1928_09_29.jpg",https://www.newyorker.com/magazine/1928/09/29,covers/1928/1928-09-29.jpg,408387,ok
1928-10-06,1928,"The New Yorker October 6, 1928",,"https://media.newyorker.com/photos/59094e691c7a8e33fb389aca/master/w_1600,c_limit/1928_10_06.jpg",https://www.newyorker.com/magazine/1928/10/06,covers/1928/1928-10-06.jpg,737336,ok
1928-10-13,1928,"The New Yorker October 13, 1928",,"https://media.newyorker.com/photos/59094e6a6552fa0be682b45f/master/w_1600,c_limit/1928_10_13.jpg",https://www.newyorker.com/magazine/1928/10/13,covers/1928/1928-10-13.jpg,634375,ok
1928-10-20,1928,"The New Yorker October 20, 1928",,"https://media.newyorker.com/photos/59094e6b2179605b11ad275a/master/w_1600,c_limit/1928_10_20.jpg",https://www.newyorker.com/magazine/1928/10/20,covers/1928/1928-10-20.jpg,471276,ok
1928-10-27,1928,"The New Yorker October 27, 1928",,"https://media.newyorker.com/photos/59094e6c6552fa0be682b467/master/w_1600,c_limit/1928_10_27.jpg",https://www.newyorker.com/magazine/1928/10/27,covers/1928/1928-10-27.jpg,603927,ok
1928-11-03,1928,"The New Yorker November 3, 1928",,"https://media.newyorker.com/photos/59094e6cebe912338a371fea/master/w_1600,c_limit/1928_11_03.jpg",https://www.newyorker.com/magazine/1928/11/03,covers/1928/1928-11-03.jpg,600882,ok
1928-11-10,1928,"The New Yorker November 10, 1928",,"https://media.newyorker.com/photos/59094e6a2179605b11ad2758/master/w_1600,c_limit/1928_11_10.jpg",https://www.newyorker.com/magazine/1928/11/10,covers/1928/1928-11-10.jpg,463076,ok
1928-11-17,1928,"The New Yorker November 17, 1928",,"https://media.newyorker.com/photos/59094e6aebe912338a371fe8/master/w_1600,c_limit/1928_11_17.jpg",https://www.newyorker.com/magazine/1928/11/17,covers/1928/1928-11-17.jpg,753454,ok
1928-11-24,1928,"The New Yorker November 24, 1928",,"https://media.newyorker.com/photos/59094e6b1c7a8e33fb389ace/master/w_1600,c_limit/1928_11_24.jpg",https://www.newyorker.com/magazine/1928/11/24,covers/1928/1928-11-24.jpg,425232,ok
1928-12-01,1928,"The New Yorker December 1, 1928",,"https://media.newyorker.com/photos/59094e6c1c7a8e33fb389ad0/master/w_1600,c_limit/1928_12_01.jpg",https://www.newyorker.com/magazine/1928/12/01,covers/1928/1928-12-01.jpg,629367,ok
1928-12-08,1928,"The New Yorker December 8, 1928",,"https://media.newyorker.com/photos/59094e6d2179605b11ad2760/master/w_1600,c_limit/1928_12_08.jpg",https://www.newyorker.com/magazine/1928/12/08,covers/1928/1928-12-08.jpg,533530,ok
1928-12-15,1928,"The New Yorker December 15, 1928",,"https://media.newyorker.com/photos/59094e6d019dfc3494e9d16b/master/w_1600,c_limit/1928_12_15.jpg",https://www.newyorker.com/magazine/1928/12/15,covers/1928/1928-12-15.jpg,439834,ok
1928-12-22,1928,"The New Yorker December 22, 1928",,"https://media.newyorker.com/photos/59094e6e1c7a8e33fb389ad4/master/w_1600,c_limit/1928_12_22.jpg",https://www.newyorker.com/magazine/1928/12/22,covers/1928/1928-12-22.jpg,457153,ok
1928-12-29,1928,"The New Yorker December 29, 1928",,"https://media.newyorker.com/photos/59094e6f1c7a8e33fb389ad6/master/w_1600,c_limit/1928_12_29.jpg",https://www.newyorker.com/magazine/1928/12/29,covers/1928/1928-12-29.jpg,582549,ok
1929-01-05,1929,"The New Yorker January 5, 1929",,"https://media.newyorker.com/photos/59094e706552fa0be682b46b/master/w_1600,c_limit/1929_01_05.jpg",https://www.newyorker.com/magazine/1929/01/05,covers/1929/1929-01-05.jpg,566405,ok
1929-01-12,1929,"The New Yorker January 12, 1929",,"https://media.newyorker.com/photos/59094e70c14b3c606c103036/master/w_1600,c_limit/1929_01_12.jpg",https://www.newyorker.com/magazine/1929/01/12,covers/1929/1929-01-12.jpg,477423,ok
1929-01-19,1929,"The New Yorker January 19, 1929",,"https://media.newyorker.com/photos/59094e6a1c7a8e33fb389acc/master/w_1600,c_limit/1929_01_19.jpg",https://www.newyorker.com/magazine/1929/01/19,covers/1929/1929-01-19.jpg,644740,ok
1929-01-26,1929,"The New Yorker January 26, 1929",,"https://media.newyorker.com/photos/59094e6b6552fa0be682b463/master/w_1600,c_limit/1929_01_26.jpg",https://www.newyorker.com/magazine/1929/01/26,covers/1929/1929-01-26.jpg,497251,ok
1929-02-02,1929,"The New Yorker February 2, 1929",,"https://media.newyorker.com/photos/59094e6c2179605b11ad275c/master/w_1600,c_limit/1929_02_02.jpg",https://www.newyorker.com/magazine/1929/02/02,covers/1929/1929-02-02.jpg,497489,ok
1929-02-09,1929,"The New Yorker February 9, 1929",,"https://media.newyorker.com/photos/59094e6c2179605b11ad275e/master/w_1600,c_limit/1929_02_09.jpg",https://www.newyorker.com/magazine/1929/02/09,covers/1929/1929-02-09.jpg,394558,ok
1929-02-16,1929,"The New Yorker February 16, 1929",,"https://media.newyorker.com/photos/59094e6dc14b3c606c10302a/master/w_1600,c_limit/1929_02_16.jpg",https://www.newyorker.com/magazine/1929/02/16,covers/1929/1929-02-16.jpg,406310,ok
1929-02-23,1929,"The New Yorker February 23, 1929",,"https://media.newyorker.com/photos/59094e6e1c7a8e33fb389ad2/master/w_1600,c_limit/1929_02_23.jpg",https://www.newyorker.com/magazine/1929/02/23,covers/1929/1929-02-23.jpg,353383,ok
1929-03-02,1929,"The New Yorker March 2, 1929",,"https://media.newyorker.com/photos/59094e6fc14b3c606c103032/master/w_1600,c_limit/1929_03_02.jpg",https://www.newyorker.com/magazine/1929/03/02,covers/1929/1929-03-02.jpg,556853,ok
1929-03-09,1929,"The New Yorker March 9, 1929",,"https://media.newyorker.com/photos/59094e701c7a8e33fb389ad8/master/w_1600,c_limit/1929_03_09.jpg",https://www.newyorker.com/magazine/1929/03/09,covers/1929/1929-03-09.jpg,414388,ok
1929-03-16,1929,"The New Yorker March 16, 1929",,"https://media.newyorker.com/photos/59094e71ebe912338a371ff2/master/w_1600,c_limit/1929_03_16.jpg",https://www.newyorker.com/magazine/1929/03/16,covers/1929/1929-03-16.jpg,504815,ok
1929-03-23,1929,"The New Yorker March 23, 1929",,"https://media.newyorker.com/photos/59094e71ebe912338a371ff4/master/w_1600,c_limit/1929_03_23.jpg",https://www.newyorker.com/magazine/1929/03/23,covers/1929/1929-03-23.jpg,503597,ok
1929-03-30,1929,"The New Yorker March 30, 1929",,"https://media.newyorker.com/photos/59094e6b6552fa0be682b465/master/w_1600,c_limit/1929_03_30.jpg",https://www.newyorker.com/magazine/1929/03/30,covers/1929/1929-03-30.jpg,567874,ok
1929-04-06,1929,"The New Yorker April 6, 1929",,"https://media.newyorker.com/photos/59094e6cc14b3c606c103028/master/w_1600,c_limit/1929_04_06.jpg",https://www.newyorker.com/magazine/1929/04/06,covers/1929/1929-04-06.jpg,451452,ok
1929-04-13,1929,"The New Yorker April 13, 1929",,"https://media.newyorker.com/photos/59094e6debe912338a371fec/master/w_1600,c_limit/1929_04_13.jpg",https://www.newyorker.com/magazine/1929/04/13,covers/1929/1929-04-13.jpg,344772,ok
1929-04-20,1929,"The New Yorker April 20, 1929",,"https://media.newyorker.com/photos/59094e6dc14b3c606c10302c/master/w_1600,c_limit/1929_04_20.jpg",https://www.newyorker.com/magazine/1929/04/20,covers/1929/1929-04-20.jpg,561577,ok
1929-04-27,1929,"The New Yorker April 27, 1929",,"https://media.newyorker.com/photos/59094e6ec14b3c606c10302e/master/w_1600,c_limit/1929_04_27.jpg",https://www.newyorker.com/magazine/1929/04/27,covers/1929/1929-04-27.jpg,442390,ok
1929-05-04,1929,"The New Yorker May 4, 1929",,"https://media.newyorker.com/photos/59094e6f019dfc3494e9d16f/master/w_1600,c_limit/1929_05_04.jpg",https://www.newyorker.com/magazine/1929/05/04,covers/1929/1929-05-04.jpg,608562,ok
1929-05-11,1929,"The New Yorker May 11, 1929",,"https://media.newyorker.com/photos/59094e6febe912338a371ff0/master/w_1600,c_limit/1929_05_11.jpg",https://www.newyorker.com/magazine/1929/05/11,covers/1929/1929-05-11.jpg,440761,ok
1929-05-18,1929,"The New Yorker May 18, 1929",,"https://media.newyorker.com/photos/59094e71019dfc3494e9d173/master/w_1600,c_limit/1929_05_18.jpg",https://www.newyorker.com/magazine/1929/05/18,covers/1929/1929-05-18.jpg,543532,ok
1929-05-25,1929,"The New Yorker May 25, 1929",,"https://media.newyorker.com/photos/59094e71019dfc3494e9d175/master/w_1600,c_limit/1929_05_25.jpg",https://www.newyorker.com/magazine/1929/05/25,covers/1929/1929-05-25.jpg,446437,ok
1929-06-01,1929,"The New Yorker June 1, 1929",,"https://media.newyorker.com/photos/59094e72019dfc3494e9d179/master/w_1600,c_limit/1929_06_01.jpg",https://www.newyorker.com/magazine/1929/06/01,covers/1929/1929-06-01.jpg,302921,ok
1929-06-08,1929,"The New Yorker June 8, 1929",,"https://media.newyorker.com/photos/59094e6e6552fa0be682b469/master/w_1600,c_limit/1929_06_08.jpg",https://www.newyorker.com/magazine/1929/06/08,covers/1929/1929-06-08.jpg,605303,ok
1929-06-15,1929,"The New Yorker June 15, 1929",,"https://media.newyorker.com/photos/59094e6f2179605b11ad2762/master/w_1600,c_limit/1929_06_15.jpg",https://www.newyorker.com/magazine/1929/06/15,covers/1929/1929-06-15.jpg,502843,ok
1929-06-22,1929,"The New Yorker June 22, 1929",,"https://media.newyorker.com/photos/59094e6f2179605b11ad2764/master/w_1600,c_limit/1929_06_22.jpg",https://www.newyorker.com/magazine/1929/06/22,covers/1929/1929-06-22.jpg,541284,ok
1929-06-29,1929,"The New Yorker June 29, 1929",,"https://media.newyorker.com/photos/59094e70019dfc3494e9d171/master/w_1600,c_limit/1929_06_29.jpg",https://www.newyorker.com/magazine/1929/06/29,covers/1929/1929-06-29.jpg,473877,ok
1929-07-06,1929,"The New Yorker July 6, 1929",,"https://media.newyorker.com/photos/59094e711c7a8e33fb389ada/master/w_1600,c_limit/1929_07_06.jpg",https://www.newyorker.com/magazine/1929/07/06,covers/1929/1929-07-06.jpg,546028,ok
1929-07-13,1929,"The New Yorker July 13, 1929",,"https://media.newyorker.com/photos/59094e716552fa0be682b46d/master/w_1600,c_limit/1929_07_13.jpg",https://www.newyorker.com/magazine/1929/07/13,covers/1929/1929-07-13.jpg,303977,ok
1929-07-20,1929,"The New Yorker July 20, 1929",,"https://media.newyorker.com/photos/59094e726552fa0be682b46f/master/w_1600,c_limit/1929_07_20.jpg",https://www.newyorker.com/magazine/1929/07/20,covers/1929/1929-07-20.jpg,513937,ok
1929-07-27,1929,"The New Yorker July 27, 1929",,"https://media.newyorker.com/photos/59094e731c7a8e33fb389ade/master/w_1600,c_limit/1929_07_27.jpg",https://www.newyorker.com/magazine/1929/07/27,covers/1929/1929-07-27.jpg,467243,ok
1929-08-03,1929,"The New Yorker August 3, 1929",,"https://media.newyorker.com/photos/59094e741c7a8e33fb389ae0/master/w_1600,c_limit/1929_08_03.jpg",https://www.newyorker.com/magazine/1929/08/03,covers/1929/1929-08-03.jpg,265731,ok
1929-08-10,1929,"The New Yorker August 10, 1929",,"https://media.newyorker.com/photos/59094e746552fa0be682b473/master/w_1600,c_limit/1929_08_10.jpg",https://www.newyorker.com/magazine/1929/08/10,covers/1929/1929-08-10.jpg,499709,ok
1929-08-17,1929,"The New Yorker August 17, 1929",,"https://media.newyorker.com/photos/59094e6e019dfc3494e9d16d/master/w_1600,c_limit/1929_08_17.jpg",https://www.newyorker.com/magazine/1929/08/17,covers/1929/1929-08-17.jpg,549818,ok
1929-08-24,1929,"The New Yorker August 24, 1929",,"https://media.newyorker.com/photos/59094e6febe912338a371fee/master/w_1600,c_limit/1929_08_24.jpg",https://www.newyorker.com/magazine/1929/08/24,covers/1929/1929-08-24.jpg,463120,ok
1929-08-31,1929,"The New Yorker August 31, 1929",,"https://media.newyorker.com/photos/59094e6fc14b3c606c103030/master/w_1600,c_limit/1929_08_31.jpg",https://www.newyorker.com/magazine/1929/08/31,covers/1929/1929-08-31.jpg,583282,ok
1929-09-07,1929,"The New Yorker September 7, 1929",,"https://media.newyorker.com/photos/59094e70c14b3c606c103035/master/w_1600,c_limit/1929_09_07.jpg",https://www.newyorker.com/magazine/1929/09/07,covers/1929/1929-09-07.jpg,529124,ok
1929-09-14,1929,"The New Yorker September 14, 1929",,"https://media.newyorker.com/photos/59094e712179605b11ad2766/master/w_1600,c_limit/1929_09_14.jpg",https://www.newyorker.com/magazine/1929/09/14,covers/1929/1929-09-14.jpg,378934,ok
1929-09-21,1929,"The New Yorker September 21, 1929",,"https://media.newyorker.com/photos/59094e72019dfc3494e9d177/master/w_1600,c_limit/1929_09_21.jpg",https://www.newyorker.com/magazine/1929/09/21,covers/1929/1929-09-21.jpg,543662,ok
1929-09-28,1929,"The New Yorker September 28, 1929",,"https://media.newyorker.com/photos/59094e722179605b11ad2768/master/w_1600,c_limit/1929_09_28.jpg",https://www.newyorker.com/magazine/1929/09/28,covers/1929/1929-09-28.jpg,579629,ok
1929-10-05,1929,"The New Yorker October 5, 1929",,"https://media.newyorker.com/photos/59094e73ebe912338a371ff6/master/w_1600,c_limit/1929_10_05.jpg",https://www.newyorker.com/magazine/1929/10/05,covers/1929/1929-10-05.jpg,405453,ok
1929-10-12,1929,"The New Yorker October 12, 1929",,"https://media.newyorker.com/photos/59094e74c14b3c606c10303b/master/w_1600,c_limit/1929_10_12.jpg",https://www.newyorker.com/magazine/1929/10/12,covers/1929/1929-10-12.jpg,378650,ok
1929-10-19,1929,"The New Yorker October 19, 1929",,"https://media.newyorker.com/photos/59094e75ebe912338a371ffe/master/w_1600,c_limit/1929_10_19.jpg",https://www.newyorker.com/magazine/1929/10/19,covers/1929/1929-10-19.jpg,595541,ok
1929-10-26,1929,"The New Yorker October 26, 1929",,"https://media.newyorker.com/photos/59094e721c7a8e33fb389adc/master/w_1600,c_limit/1929_10_26.jpg",https://www.newyorker.com/magazine/1929/10/26,covers/1929/1929-10-26.jpg,1139991,ok
1929-11-02,1929,"The New Yorker November 2, 1929",,"https://media.newyorker.com/photos/59094e73c14b3c606c103038/master/w_1600,c_limit/1929_11_02.jpg",https://www.newyorker.com/magazine/1929/11/02,covers/1929/1929-11-02.jpg,447584,ok
1929-11-09,1929,"The New Yorker November 9, 1929",,"https://media.newyorker.com/photos/59094e73ebe912338a371ff8/master/w_1600,c_limit/1929_11_09.jpg",https://www.newyorker.com/magazine/1929/11/09,covers/1929/1929-11-09.jpg,526328,ok
1929-11-16,1929,"The New Yorker November 16, 1929",,"https://media.newyorker.com/photos/59094e741c7a8e33fb389ae2/master/w_1600,c_limit/1929_11_16.jpg",https://www.newyorker.com/magazine/1929/11/16,covers/1929/1929-11-16.jpg,662106,ok
1929-11-23,1929,"The New Yorker November 23, 1929",,"https://media.newyorker.com/photos/59094e75019dfc3494e9d17b/master/w_1600,c_limit/1929_11_23.jpg",https://www.newyorker.com/magazine/1929/11/23,covers/1929/1929-11-23.jpg,417424,ok
1929-11-30,1929,"The New Yorker November 30, 1929",,"https://media.newyorker.com/photos/59094e751c7a8e33fb389ae4/master/w_1600,c_limit/1929_11_30.jpg",https://www.newyorker.com/magazine/1929/11/30,covers/1929/1929-11-30.jpg,631354,ok
1929-12-07,1929,"The New Yorker December 7, 1929",,"https://media.newyorker.com/photos/59094e766552fa0be682b478/master/w_1600,c_limit/1929_12_07.jpg",https://www.newyorker.com/magazine/1929/12/07,covers/1929/1929-12-07.jpg,759931,ok
1929-12-14,1929,"The New Yorker December 14, 1929",,"https://media.newyorker.com/photos/59094e77019dfc3494e9d181/master/w_1600,c_limit/1929_12_14.jpg",https://www.newyorker.com/magazine/1929/12/14,covers/1929/1929-12-14.jpg,527148,ok
1929-12-21,1929,"The New Yorker December 21, 1929",,"https://media.newyorker.com/photos/59094e77ebe912338a372004/master/w_1600,c_limit/1929_12_21.jpg",https://www.newyorker.com/magazine/1929/12/21,covers/1929/1929-12-21.jpg,411432,ok
1929-12-28,1929,"The New Yorker December 28, 1929",,"https://media.newyorker.com/photos/59094e781c7a8e33fb389aea/master/w_1600,c_limit/1929_12_28.jpg",https://www.newyorker.com/magazine/1929/12/28,covers/1929/1929-12-28.jpg,536250,ok
1930-01-04,1930,"The New Yorker January 4, 1930",,"https://media.newyorker.com/photos/59094e736552fa0be682b471/master/w_1600,c_limit/1930_01_04.jpg",https://www.newyorker.com/magazine/1930/01/04,covers/1930/1930-01-04.jpg,408045,ok
1930-01-11,1930,"The New Yorker January 11, 1930",,"https://media.newyorker.com/photos/59094e74c14b3c606c10303c/master/w_1600,c_limit/1930_01_11.jpg",https://www.newyorker.com/magazine/1930/01/11,covers/1930/1930-01-11.jpg,508059,ok
1930-01-18,1930,"The New Yorker January 18, 1930",,"https://media.newyorker.com/photos/59094e74c14b3c606c10303e/master/w_1600,c_limit/1930_01_18.jpg",https://www.newyorker.com/magazine/1930/01/18,covers/1930/1930-01-18.jpg,349628,ok
1930-01-25,1930,"The New Yorker January 25, 1930",,"https://media.newyorker.com/photos/59094e75ebe912338a372000/master/w_1600,c_limit/1930_01_25.jpg",https://www.newyorker.com/magazine/1930/01/25,covers/1930/1930-01-25.jpg,514808,ok
1930-02-01,1930,"The New Yorker February 1, 1930",,"https://media.newyorker.com/photos/59094e761c7a8e33fb389ae6/master/w_1600,c_limit/1930_02_01.jpg",https://www.newyorker.com/magazine/1930/02/01,covers/1930/1930-02-01.jpg,724588,ok
1930-02-08,1930,"The New Yorker February 8, 1930",,"https://media.newyorker.com/photos/59094e772179605b11ad276c/master/w_1600,c_limit/1930_02_08.jpg",https://www.newyorker.com/magazine/1930/02/08,covers/1930/1930-02-08.jpg,483311,ok
1930-02-15,1930,"The New Yorker February 15, 1930",,"https://media.newyorker.com/photos/59094e782179605b11ad276e/master/w_1600,c_limit/1930_02_15.jpg",https://www.newyorker.com/magazine/1930/02/15,covers/1930/1930-02-15.jpg,327233,ok
1930-02-22,1930,"The New Yorker February 22, 1930",,"https://media.newyorker.com/photos/59094e78ebe912338a372007/master/w_1600,c_limit/1930_02_22.jpg",https://www.newyorker.com/magazine/1930/02/22,covers/1930/1930-02-22.jpg,369054,ok
1930-03-01,1930,"The New Yorker March 1, 1930",,"https://media.newyorker.com/photos/59094e792179605b11ad2772/master/w_1600,c_limit/1930_03_01.jpg",https://www.newyorker.com/magazine/1930/03/01,covers/1930/1930-03-01.jpg,522743,ok
1930-03-08,1930,"The New Yorker March 8, 1930",,"https://media.newyorker.com/photos/59094e7aebe912338a37200c/master/w_1600,c_limit/1930_03_08.jpg",https://www.newyorker.com/magazine/1930/03/08,covers/1930/1930-03-08.jpg,675999,ok
1930-03-15,1930,"The New Yorker March 15, 1930",,"https://media.newyorker.com/photos/59094e74ebe912338a371ffa/master/w_1600,c_limit/1930_03_15.jpg",https://www.newyorker.com/magazine/1930/03/15,covers/1930/1930-03-15.jpg,227520,ok
1930-03-22,1930,"The New Yorker March 22, 1930",,"https://media.newyorker.com/photos/59094e74ebe912338a371ffc/master/w_1600,c_limit/1930_03_22.jpg",https://www.newyorker.com/magazine/1930/03/22,covers/1930/1930-03-22.jpg,416118,ok
1930-03-29,1930,"The New Yorker March 29, 1930",,"https://media.newyorker.com/photos/59094e756552fa0be682b475/master/w_1600,c_limit/1930_03_29.jpg",https://www.newyorker.com/magazine/1930/03/29,covers/1930/1930-03-29.jpg,601377,ok
1930-04-05,1930,"The New Yorker April 5, 1930",,"https://media.newyorker.com/photos/59094e762179605b11ad276a/master/w_1600,c_limit/1930_04_05.jpg",https://www.newyorker.com/magazine/1930/04/05,covers/1930/1930-04-05.jpg,456402,ok
1930-04-12,1930,"The New Yorker April 12, 1930",,"https://media.newyorker.com/photos/59094e766552fa0be682b479/master/w_1600,c_limit/1930_04_12.jpg",https://www.newyorker.com/magazine/1930/04/12,covers/1930/1930-04-12.jpg,470190,ok
1930-04-19,1930,"The New Yorker April 19, 1930",,"https://media.newyorker.com/photos/59094e776552fa0be682b47b/master/w_1600,c_limit/1930_04_19.jpg",https://www.newyorker.com/magazine/1930/04/19,covers/1930/1930-04-19.jpg,374899,ok
1930-04-26,1930,"The New Yorker April 26, 1930",,"https://media.newyorker.com/photos/59094e78019dfc3494e9d183/master/w_1600,c_limit/1930_04_26.jpg",https://www.newyorker.com/magazine/1930/04/26,covers/1930/1930-04-26.jpg,406555,ok
1930-05-03,1930,"The New Yorker May 3, 1930",,"https://media.newyorker.com/photos/59094e781c7a8e33fb389ae9/master/w_1600,c_limit/1930_05_03.jpg",https://www.newyorker.com/magazine/1930/05/03,covers/1930/1930-05-03.jpg,416273,ok
1930-05-10,1930,"The New Yorker May 10, 1930",,"https://media.newyorker.com/photos/59094e791c7a8e33fb389aec/master/w_1600,c_limit/1930_05_10.jpg",https://www.newyorker.com/magazine/1930/05/10,covers/1930/1930-05-10.jpg,525805,ok
1930-05-17,1930,"The New Yorker May 17, 1930",,"https://media.newyorker.com/photos/59094e7a019dfc3494e9d189/master/w_1600,c_limit/1930_05_17.jpg",https://www.newyorker.com/magazine/1930/05/17,covers/1930/1930-05-17.jpg,570589,ok
1930-05-24,1930,"The New Yorker May 24, 1930",,"https://media.newyorker.com/photos/59094e76019dfc3494e9d17d/master/w_1600,c_limit/1930_05_24.jpg",https://www.newyorker.com/magazine/1930/05/24,covers/1930/1930-05-24.jpg,490462,ok
1930-05-31,1930,"The New Yorker May 31, 1930",,"https://media.newyorker.com/photos/59094e77c14b3c606c103040/master/w_1600,c_limit/1930_05_31.jpg",https://www.newyorker.com/magazine/1930/05/31,covers/1930/1930-05-31.jpg,654401,ok
1930-06-07,1930,"The New Yorker June 7, 1930",,"https://media.newyorker.com/photos/59094e77c14b3c606c103043/master/w_1600,c_limit/1930_06_07.jpg",https://www.newyorker.com/magazine/1930/06/07,covers/1930/1930-06-07.jpg,573761,ok
1930-06-14,1930,"The New Yorker June 14, 1930",,"https://media.newyorker.com/photos/59094e782179605b11ad2770/master/w_1600,c_limit/1930_06_14.jpg",https://www.newyorker.com/magazine/1930/06/14,covers/1930/1930-06-14.jpg,579269,ok
1930-06-21,1930,"The New Yorker June 21, 1930",,"https://media.newyorker.com/photos/59094e79019dfc3494e9d185/master/w_1600,c_limit/1930_06_21.jpg",https://www.newyorker.com/magazine/1930/06/21,covers/1930/1930-06-21.jpg,476026,ok
1930-06-28,1930,"The New Yorker June 28, 1930",,"https://media.newyorker.com/photos/59094e7a019dfc3494e9d188/master/w_1600,c_limit/1930_06_28.jpg",https://www.newyorker.com/magazine/1930/06/28,covers/1930/1930-06-28.jpg,650309,ok
1930-07-05,1930,"The New Yorker July 5, 1930",,"https://media.newyorker.com/photos/59094e7a1c7a8e33fb389aee/master/w_1600,c_limit/1930_07_05.jpg",https://www.newyorker.com/magazine/1930/07/05,covers/1930/1930-07-05.jpg,525576,ok
1930-07-12,1930,"The New Yorker July 12, 1930",,"https://media.newyorker.com/photos/59094e7bebe912338a37200e/master/w_1600,c_limit/1930_07_12.jpg",https://www.newyorker.com/magazine/1930/07/12,covers/1930/1930-07-12.jpg,453070,ok
1930-07-19,1930,"The New Yorker July 19, 1930",,"https://media.newyorker.com/photos/59094e7c2179605b11ad277a/master/w_1600,c_limit/1930_07_19.jpg",https://www.newyorker.com/magazine/1930/07/19,covers/1930/1930-07-19.jpg,662250,ok
1930-07-26,1930,"The New Yorker July 26, 1930",,"https://media.newyorker.com/photos/59094e7c2179605b11ad277c/master/w_1600,c_limit/1930_07_26.jpg",https://www.newyorker.com/magazine/1930/07/26,covers/1930/1930-07-26.jpg,606515,ok
1930-08-02,1930,"The New Yorker August 2, 1930",,"https://media.newyorker.com/photos/59094e76ebe912338a372002/master/w_1600,c_limit/1930_08_02.jpg",https://www.newyorker.com/magazine/1930/08/02,covers/1930/1930-08-02.jpg,558151,ok
1930-08-09,1930,"The New Yorker August 9, 1930",,"https://media.newyorker.com/photos/59094e77019dfc3494e9d180/master/w_1600,c_limit/1930_08_09.jpg",https://www.newyorker.com/magazine/1930/08/09,covers/1930/1930-08-09.jpg,582674,ok
1930-08-16,1930,"The New Yorker August 16, 1930",,"https://media.newyorker.com/photos/59094e78c14b3c606c103044/master/w_1600,c_limit/1930_08_16.jpg",https://www.newyorker.com/magazine/1930/08/16,covers/1930/1930-08-16.jpg,728697,ok
1930-08-23,1930,"The New Yorker August 23, 1930",,"https://media.newyorker.com/photos/59094e78ebe912338a372008/master/w_1600,c_limit/1930_08_23.jpg",https://www.newyorker.com/magazine/1930/08/23,covers/1930/1930-08-23.jpg,338247,ok
1930-08-30,1930,"The New Yorker August 30, 1930",,"https://media.newyorker.com/photos/59094e796552fa0be682b47d/master/w_1600,c_limit/1930_08_30.jpg",https://www.newyorker.com/magazine/1930/08/30,covers/1930/1930-08-30.jpg,606002,ok
1930-09-06,1930,"The New Yorker September 6, 1930",,"https://media.newyorker.com/photos/59094e7aebe912338a37200b/master/w_1600,c_limit/1930_09_06.jpg",https://www.newyorker.com/magazine/1930/09/06,covers/1930/1930-09-06.jpg,456083,ok
1930-09-13,1930,"The New Yorker September 13, 1930",,"https://media.newyorker.com/photos/59094e7a2179605b11ad2776/master/w_1600,c_limit/1930_09_13.jpg",https://www.newyorker.com/magazine/1930/09/13,covers/1930/1930-09-13.jpg,599464,ok
1930-09-20,1930,"The New Yorker September 20, 1930",,"https://media.newyorker.com/photos/59094e7b1c7a8e33fb389af0/master/w_1600,c_limit/1930_09_20.jpg",https://www.newyorker.com/magazine/1930/09/20,covers/1930/1930-09-20.jpg,651747,ok
1930-09-27,1930,"The New Yorker September 27, 1930",,"https://media.newyorker.com/photos/59094e7c6552fa0be682b481/master/w_1600,c_limit/1930_09_27.jpg",https://www.newyorker.com/magazine/1930/09/27,covers/1930/1930-09-27.jpg,670259,ok
1930-10-04,1930,"The New Yorker October 4, 1930",,"https://media.newyorker.com/photos/59094e7cc14b3c606c103048/master/w_1600,c_limit/1930_10_04.jpg",https://www.newyorker.com/magazine/1930/10/04,covers/1930/1930-10-04.jpg,422171,ok
1930-10-11,1930,"The New Yorker October 11, 1930",,"https://media.newyorker.com/photos/59094e7a2179605b11ad2775/master/w_1600,c_limit/1930_10_11.jpg",https://www.newyorker.com/magazine/1930/10/11,covers/1930/1930-10-11.jpg,773921,ok
1930-10-18,1930,"The New Yorker October 18, 1930",,"https://media.newyorker.com/photos/59094e7b6552fa0be682b47f/master/w_1600,c_limit/1930_10_18.jpg",https://www.newyorker.com/magazine/1930/10/18,covers/1930/1930-10-18.jpg,671581,ok
1930-10-25,1930,"The New Yorker October 25, 1930",,"https://media.newyorker.com/photos/59094e7c2179605b11ad2778/master/w_1600,c_limit/1930_10_25.jpg",https://www.newyorker.com/magazine/1930/10/25,covers/1930/1930-10-25.jpg,506306,ok
1930-11-01,1930,"The New Yorker November 1, 1930",,"https://media.newyorker.com/photos/59094e7c1c7a8e33fb389af4/master/w_1600,c_limit/1930_11_01.jpg",https://www.newyorker.com/magazine/1930/11/01,covers/1930/1930-11-01.jpg,434896,ok
1930-11-08,1930,"The New Yorker November 8, 1930",,"https://media.newyorker.com/photos/59094e7debe912338a372012/master/w_1600,c_limit/1930_11_08.jpg",https://www.newyorker.com/magazine/1930/11/08,covers/1930/1930-11-08.jpg,645204,ok
1930-11-15,1930,"The New Yorker November 15, 1930",,"https://media.newyorker.com/photos/59094e7e6552fa0be682b487/master/w_1600,c_limit/1930_11_15.jpg",https://www.newyorker.com/magazine/1930/11/15,covers/1930/1930-11-15.jpg,436109,ok
1930-11-22,1930,"The New Yorker November 22, 1930",,"https://media.newyorker.com/photos/59094e7e2179605b11ad2780/master/w_1600,c_limit/1930_11_22.jpg",https://www.newyorker.com/magazine/1930/11/22,covers/1930/1930-11-22.jpg,583983,ok
1930-11-29,1930,"The New Yorker November 29, 1930",,"https://media.newyorker.com/photos/59094e7f019dfc3494e9d18f/master/w_1600,c_limit/1930_11_29.jpg",https://www.newyorker.com/magazine/1930/11/29,covers/1930/1930-11-29.jpg,441303,ok
1930-12-06,1930,"The New Yorker December 6, 1930",,"https://media.newyorker.com/photos/59094e806552fa0be682b48d/master/w_1600,c_limit/1930_12_06.jpg",https://www.newyorker.com/magazine/1930/12/06,covers/1930/1930-12-06.jpg,568358,ok
1930-12-13,1930,"The New Yorker December 13, 1930",,"https://media.newyorker.com/photos/59094e81c14b3c606c10304a/master/w_1600,c_limit/1930_12_13.jpg",https://www.newyorker.com/magazine/1930/12/13,covers/1930/1930-12-13.jpg,561436,ok
1930-12-20,1930,"The New Yorker December 20, 1930",,"https://media.newyorker.com/photos/59094e7c1c7a8e33fb389af2/master/w_1600,c_limit/1930_12_20.jpg",https://www.newyorker.com/magazine/1930/12/20,covers/1930/1930-12-20.jpg,597819,ok
1930-12-27,1930,"The New Yorker December 27, 1930",,"https://media.newyorker.com/photos/59094e7cc14b3c606c103047/master/w_1600,c_limit/1930_12_27.jpg",https://www.newyorker.com/magazine/1930/12/27,covers/1930/1930-12-27.jpg,528183,ok
1931-01-03,1931,"The New Yorker January 3, 1931",,"https://media.newyorker.com/photos/59094e7d1c7a8e33fb389af6/master/w_1600,c_limit/1931_01_03.jpg",https://www.newyorker.com/magazine/1931/01/03,covers/1931/1931-01-03.jpg,502380,ok
1931-01-10,1931,"The New Yorker January 10, 1931",,"https://media.newyorker.com/photos/59094e7e1c7a8e33fb389af8/master/w_1600,c_limit/1931_01_10.jpg",https://www.newyorker.com/magazine/1931/01/10,covers/1931/1931-01-10.jpg,690243,ok
1931-01-17,1931,"The New Yorker January 17, 1931",,"https://media.newyorker.com/photos/59094e7f6552fa0be682b489/master/w_1600,c_limit/1931_01_17.jpg",https://www.newyorker.com/magazine/1931/01/17,covers/1931/1931-01-17.jpg,670611,ok
1931-01-24,1931,"The New Yorker January 24, 1931",,"https://media.newyorker.com/photos/59094e7febe912338a372016/master/w_1600,c_limit/1931_01_24.jpg",https://www.newyorker.com/magazine/1931/01/24,covers/1931/1931-01-24.jpg,570787,ok
1931-01-31,1931,"The New Yorker January 31, 1931",,"https://media.newyorker.com/photos/59094e801c7a8e33fb389afc/master/w_1600,c_limit/1931_01_31.jpg",https://www.newyorker.com/magazine/1931/01/31,covers/1931/1931-01-31.jpg,458410,ok
1931-02-07,1931,"The New Yorker February 7, 1931",,"https://media.newyorker.com/photos/59094e81ebe912338a37201a/master/w_1600,c_limit/1931_02_07.jpg",https://www.newyorker.com/magazine/1931/02/07,covers/1931/1931-02-07.jpg,263222,ok
1931-02-14,1931,"The New Yorker February 14, 1931",,"https://media.newyorker.com/photos/59094e81ebe912338a37201c/master/w_1600,c_limit/1931_02_14.jpg",https://www.newyorker.com/magazine/1931/02/14,covers/1931/1931-02-14.jpg,512512,ok
1931-02-21,1931,"The New Yorker February 21, 1931",,"https://media.newyorker.com/photos/59094e821c7a8e33fb389b00/master/w_1600,c_limit/1931_02_21.jpg",https://www.newyorker.com/magazine/1931/02/21,covers/1931/1931-02-21.jpg,393350,ok
1931-02-28,1931,"The New Yorker February 28, 1931",,"https://media.newyorker.com/photos/59094e7cebe912338a372010/master/w_1600,c_limit/1931_02_28.jpg",https://www.newyorker.com/magazine/1931/02/28,covers/1931/1931-02-28.jpg,536257,ok
1931-03-07,1931,"The New Yorker March 7, 1931",,"https://media.newyorker.com/photos/59094e7c6552fa0be682b483/master/w_1600,c_limit/1931_03_07.jpg",https://www.newyorker.com/magazine/1931/03/07,covers/1931/1931-03-07.jpg,494063,ok
1931-03-14,1931,"The New Yorker March 14, 1931",,"https://media.newyorker.com/photos/59094e7d6552fa0be682b485/master/w_1600,c_limit/1931_03_14.jpg",https://www.newyorker.com/magazine/1931/03/14,covers/1931/1931-03-14.jpg,451268,ok
1931-03-21,1931,"The New Yorker March 21, 1931",,"https://media.newyorker.com/photos/59094e7e019dfc3494e9d18b/master/w_1600,c_limit/1931_03_21.jpg",https://www.newyorker.com/magazine/1931/03/21,covers/1931/1931-03-21.jpg,420419,ok
1931-03-28,1931,"The New Yorker March 28, 1931",,"https://media.newyorker.com/photos/59094e7e1c7a8e33fb389afa/master/w_1600,c_limit/1931_03_28.jpg",https://www.newyorker.com/magazine/1931/03/28,covers/1931/1931-03-28.jpg,426632,ok
1931-04-04,1931,"The New Yorker April 4, 1931",,"https://media.newyorker.com/photos/59094e7f2179605b11ad2782/master/w_1600,c_limit/1931_04_04.jpg",https://www.newyorker.com/magazine/1931/04/04,covers/1931/1931-04-04.jpg,506380,ok
1931-04-11,1931,"The New Yorker April 11, 1931",,"https://media.newyorker.com/photos/59094e80019dfc3494e9d195/master/w_1600,c_limit/1931_04_11.jpg",https://www.newyorker.com/magazine/1931/04/11,covers/1931/1931-04-11.jpg,601135,ok
1931-04-18,1931,"The New Yorker April 18, 1931",,"https://media.newyorker.com/photos/59094e81ebe912338a372019/master/w_1600,c_limit/1931_04_18.jpg",https://www.newyorker.com/magazine/1931/04/18,covers/1931/1931-04-18.jpg,294980,ok
1931-04-25,1931,"The New Yorker April 25, 1931",,"https://media.newyorker.com/photos/59094e812179605b11ad2784/master/w_1600,c_limit/1931_04_25.jpg",https://www.newyorker.com/magazine/1931/04/25,covers/1931/1931-04-25.jpg,474562,ok
1931-05-02,1931,"The New Yorker May 2, 1931",,"https://media.newyorker.com/photos/59094e822179605b11ad2786/master/w_1600,c_limit/1931_05_02.jpg",https://www.newyorker.com/magazine/1931/05/02,covers/1931/1931-05-02.jpg,795011,ok
1931-05-09,1931,"The New Yorker May 9, 1931",,"https://media.newyorker.com/photos/59094e7eebe912338a372014/master/w_1600,c_limit/1931_05_09.jpg",https://www.newyorker.com/magazine/1931/05/09,covers/1931/1931-05-09.jpg,463560,ok
1931-05-16,1931,"The New Yorker May 16, 1931",,"https://media.newyorker.com/photos/59094e7f019dfc3494e9d18d/master/w_1600,c_limit/1931_05_16.jpg",https://www.newyorker.com/magazine/1931/05/16,covers/1931/1931-05-16.jpg,613286,ok
1931-05-23,1931,"The New Yorker May 23, 1931",,"https://media.newyorker.com/photos/59094e7f019dfc3494e9d191/master/w_1600,c_limit/1931_05_23.jpg",https://www.newyorker.com/magazine/1931/05/23,covers/1931/1931-05-23.jpg,605993,ok
1931-05-30,1931,"The New Yorker May 30, 1931",,"https://media.newyorker.com/photos/59094e80019dfc3494e9d197/master/w_1600,c_limit/1931_05_30.jpg",https://www.newyorker.com/magazine/1931/05/30,covers/1931/1931-05-30.jpg,755974,ok
1931-06-06,1931,"The New Yorker June 6, 1931",,"https://media.newyorker.com/photos/59094e816552fa0be682b48f/master/w_1600,c_limit/1931_06_06.jpg",https://www.newyorker.com/magazine/1931/06/06,covers/1931/1931-06-06.jpg,649287,ok
1931-06-13,1931,"The New Yorker June 13, 1931",,"https://media.newyorker.com/photos/59094e81019dfc3494e9d199/master/w_1600,c_limit/1931_06_13.jpg",https://www.newyorker.com/magazine/1931/06/13,covers/1931/1931-06-13.jpg,465449,ok
1931-06-20,1931,"The New Yorker June 20, 1931",,"https://media.newyorker.com/photos/59094e82ebe912338a37201e/master/w_1600,c_limit/1931_06_20.jpg",https://www.newyorker.com/magazine/1931/06/20,covers/1931/1931-06-20.jpg,571131,ok
1931-06-27,1931,"The New Yorker June 27, 1931",,"https://media.newyorker.com/photos/59094e83c14b3c606c10304c/master/w_1600,c_limit/1931_06_27.jpg",https://www.newyorker.com/magazine/1931/06/27,covers/1931/1931-06-27.jpg,394664,ok
1931-07-04,1931,"The New Yorker July 4, 1931",,"https://media.newyorker.com/photos/59094e836552fa0be682b499/master/w_1600,c_limit/1931_07_04.jpg",https://www.newyorker.com/magazine/1931/07/04,covers/1931/1931-07-04.jpg,606757,ok
1931-07-11,1931,"The New Yorker July 11, 1931",,"https://media.newyorker.com/photos/59094e84ebe912338a372020/master/w_1600,c_limit/1931_07_11.jpg",https://www.newyorker.com/magazine/1931/07/11,covers/1931/1931-07-11.jpg,365264,ok
1931-07-18,1931,"The New Yorker July 18, 1931",,"https://media.newyorker.com/photos/59094e7e2179605b11ad277e/master/w_1600,c_limit/1931_07_18.jpg",https://www.newyorker.com/magazine/1931/07/18,covers/1931/1931-07-18.jpg,534298,ok
1931-07-25,1931,"The New Yorker July 25, 1931",,"https://media.newyorker.com/photos/59094e7f6552fa0be682b48b/master/w_1600,c_limit/1931_07_25.jpg",https://www.newyorker.com/magazine/1931/07/25,covers/1931/1931-07-25.jpg,202305,ok
1931-08-01,1931,"The New Yorker August 1, 1931",,"https://media.newyorker.com/photos/59094e80019dfc3494e9d196/master/w_1600,c_limit/1931_08_01.jpg",https://www.newyorker.com/magazine/1931/08/01,covers/1931/1931-08-01.jpg,473620,ok
1931-08-08,1931,"The New Yorker August 8, 1931",,"https://media.newyorker.com/photos/59094e811c7a8e33fb389afe/master/w_1600,c_limit/1931_08_08.jpg",https://www.newyorker.com/magazine/1931/08/08,covers/1931/1931-08-08.jpg,482848,ok
1931-08-15,1931,"The New Yorker August 15, 1931",,"https://media.newyorker.com/photos/59094e826552fa0be682b491/master/w_1600,c_limit/1931_08_15.jpg",https://www.newyorker.com/magazine/1931/08/15,covers/1931/1931-08-15.jpg,540776,ok
1931-08-22,1931,"The New Yorker August 22, 1931",,"https://media.newyorker.com/photos/59094e826552fa0be682b493/master/w_1600,c_limit/1931_08_22.jpg",https://www.newyorker.com/magazine/1931/08/22,covers/1931/1931-08-22.jpg,451451,ok
1931-08-29,1931,"The New Yorker August 29, 1931",,"https://media.newyorker.com/photos/59094e836552fa0be682b497/master/w_1600,c_limit/1931_08_29.jpg",https://www.newyorker.com/magazine/1931/08/29,covers/1931/1931-08-29.jpg,488033,ok
1931-09-05,1931,"The New Yorker September 5, 1931",,"https://media.newyorker.com/photos/59094e84c14b3c606c10304e/master/w_1600,c_limit/1931_09_05.jpg",https://www.newyorker.com/magazine/1931/09/05,covers/1931/1931-09-05.jpg,444680,ok
1931-09-12,1931,"The New Yorker September 12, 1931",,"https://media.newyorker.com/photos/59094e846552fa0be682b49b/master/w_1600,c_limit/1931_09_12.jpg",https://www.newyorker.com/magazine/1931/09/12,covers/1931/1931-09-12.jpg,501464,ok
1931-09-19,1931,"The New Yorker September 19, 1931",,"https://media.newyorker.com/photos/59094e856552fa0be682b49e/master/w_1600,c_limit/1931_09_19.jpg",https://www.newyorker.com/magazine/1931/09/19,covers/1931/1931-09-19.jpg,486547,ok
1931-09-26,1931,"The New Yorker September 26, 1931",,"https://media.newyorker.com/photos/59094e826552fa0be682b495/master/w_1600,c_limit/1931_09_26.jpg",https://www.newyorker.com/magazine/1931/09/26,covers/1931/1931-09-26.jpg,445329,ok
1931-10-03,1931,"The New Yorker October 3, 1931",,"https://media.newyorker.com/photos/59094e83019dfc3494e9d19b/master/w_1600,c_limit/1931_10_03.jpg",https://www.newyorker.com/magazine/1931/10/03,covers/1931/1931-10-03.jpg,452673,ok
1931-10-10,1931,"The New Yorker October 10, 1931",,"https://media.newyorker.com/photos/59094e842179605b11ad2788/master/w_1600,c_limit/1931_10_10.jpg",https://www.newyorker.com/magazine/1931/10/10,covers/1931/1931-10-10.jpg,509148,ok
1931-10-17,1931,"The New Yorker October 17, 1931",,"https://media.newyorker.com/photos/59094e841c7a8e33fb389b06/master/w_1600,c_limit/1931_10_17.jpg",https://www.newyorker.com/magazine/1931/10/17,covers/1931/1931-10-17.jpg,439726,ok
1931-10-24,1931,"The New Yorker October 24, 1931",,"https://media.newyorker.com/photos/59094e856552fa0be682b49f/master/w_1600,c_limit/1931_10_24.jpg",https://www.newyorker.com/magazine/1931/10/24,covers/1931/1931-10-24.jpg,329359,ok
1931-10-31,1931,"The New Yorker October 31, 1931",,"https://media.newyorker.com/photos/59094e861c7a8e33fb389b08/master/w_1600,c_limit/1931_10_31.jpg",https://www.newyorker.com/magazine/1931/10/31,covers/1931/1931-10-31.jpg,381547,ok
1931-11-07,1931,"The New Yorker November 7, 1931",,"https://media.newyorker.com/photos/59094e87ebe912338a372026/master/w_1600,c_limit/1931_11_07.jpg",https://www.newyorker.com/magazine/1931/11/07,covers/1931/1931-11-07.jpg,560508,ok
1931-11-14,1931,"The New Yorker November 14, 1931",,"https://media.newyorker.com/photos/59094e88c14b3c606c103058/master/w_1600,c_limit/1931_11_14.jpg",https://www.newyorker.com/magazine/1931/11/14,covers/1931/1931-11-14.jpg,590607,ok
1931-11-21,1931,"The New Yorker November 21, 1931",,"https://media.newyorker.com/photos/59094e886552fa0be682b4a3/master/w_1600,c_limit/1931_11_21.jpg",https://www.newyorker.com/magazine/1931/11/21,covers/1931/1931-11-21.jpg,605721,ok
1931-11-28,1931,"The New Yorker November 28, 1931",,"https://media.newyorker.com/photos/59094e89ebe912338a37202a/master/w_1600,c_limit/1931_11_28.jpg",https://www.newyorker.com/magazine/1931/11/28,covers/1931/1931-11-28.jpg,628570,ok
1931-12-05,1931,"The New Yorker December 5, 1931",,"https://media.newyorker.com/photos/59094e841c7a8e33fb389b02/master/w_1600,c_limit/1931_12_05.jpg",https://www.newyorker.com/magazine/1931/12/05,covers/1931/1931-12-05.jpg,501314,ok
1931-12-12,1931,"The New Yorker December 12, 1931",,"https://media.newyorker.com/photos/59094e84c14b3c606c103050/master/w_1600,c_limit/1931_12_12.jpg",https://www.newyorker.com/magazine/1931/12/12,covers/1931/1931-12-12.jpg,582330,ok
1931-12-19,1931,"The New Yorker December 19, 1931",,"https://media.newyorker.com/photos/59094e85019dfc3494e9d19f/master/w_1600,c_limit/1931_12_19.jpg",https://www.newyorker.com/magazine/1931/12/19,covers/1931/1931-12-19.jpg,601855,ok
1931-12-26,1931,"The New Yorker December 26, 1931",,"https://media.newyorker.com/photos/59094e86c14b3c606c103054/master/w_1600,c_limit/1931_12_26.jpg",https://www.newyorker.com/magazine/1931/12/26,covers/1931/1931-12-26.jpg,727563,ok
1932-01-02,1932,"The New Yorker January 2, 1932",,"https://media.newyorker.com/photos/59094e87c14b3c606c103056/master/w_1600,c_limit/1932_01_02.jpg",https://www.newyorker.com/magazine/1932/01/02,covers/1932/1932-01-02.jpg,413584,ok
1932-01-09,1932,"The New Yorker January 9, 1932",,"https://media.newyorker.com/photos/59094e871c7a8e33fb389b0a/master/w_1600,c_limit/1932_01_09.jpg",https://www.newyorker.com/magazine/1932/01/09,covers/1932/1932-01-09.jpg,497292,ok
1932-01-16,1932,"The New Yorker January 16, 1932",,"https://media.newyorker.com/photos/59094e88019dfc3494e9d1a8/master/w_1600,c_limit/1932_01_16.jpg",https://www.newyorker.com/magazine/1932/01/16,covers/1932/1932-01-16.jpg,698508,ok
1932-01-23,1932,"The New Yorker January 23, 1932",,"https://media.newyorker.com/photos/59094e892179605b11ad278c/master/w_1600,c_limit/1932_01_23.jpg",https://www.newyorker.com/magazine/1932/01/23,covers/1932/1932-01-23.jpg,526256,ok
1932-01-30,1932,"The New Yorker January 30, 1932",,"https://media.newyorker.com/photos/59094e8ac14b3c606c10305a/master/w_1600,c_limit/1932_01_30.jpg",https://www.newyorker.com/magazine/1932/01/30,covers/1932/1932-01-30.jpg,438507,ok
1932-02-06,1932,"The New Yorker February 6, 1932",,"https://media.newyorker.com/photos/59094e8b6552fa0be682b4a9/master/w_1600,c_limit/1932_02_06.jpg",https://www.newyorker.com/magazine/1932/02/06,covers/1932/1932-02-06.jpg,737111,ok
1932-02-13,1932,"The New Yorker February 13, 1932",,"https://media.newyorker.com/photos/59094e841c7a8e33fb389b04/master/w_1600,c_limit/1932_02_13.jpg",https://www.newyorker.com/magazine/1932/02/13,covers/1932/1932-02-13.jpg,862765,ok
1932-02-20,1932,"The New Yorker February 20, 1932",,"https://media.newyorker.com/photos/59094e84019dfc3494e9d19d/master/w_1600,c_limit/1932_02_20.jpg",https://www.newyorker.com/magazine/1932/02/20,covers/1932/1932-02-20.jpg,364688,ok
1932-02-27,1932,"The New Yorker February 27, 1932",,"https://media.newyorker.com/photos/59094e85c14b3c606c103052/master/w_1600,c_limit/1932_02_27.jpg",https://www.newyorker.com/magazine/1932/02/27,covers/1932/1932-02-27.jpg,497389,ok
1932-03-05,1932,"The New Yorker March 5, 1932",,"https://media.newyorker.com/photos/59094e86ebe912338a372022/master/w_1600,c_limit/1932_03_05.jpg",https://www.newyorker.com/magazine/1932/03/05,covers/1932/1932-03-05.jpg,496148,ok
1932-03-12,1932,"The New Yorker March 12, 1932",,"https://media.newyorker.com/photos/59094e876552fa0be682b4a1/master/w_1600,c_limit/1932_03_12.jpg",https://www.newyorker.com/magazine/1932/03/12,covers/1932/1932-03-12.jpg,507287,ok
1932-03-19,1932,"The New Yorker March 19, 1932",,"https://media.newyorker.com/photos/59094e88019dfc3494e9d1a5/master/w_1600,c_limit/1932_03_19.jpg",https://www.newyorker.com/magazine/1932/03/19,covers/1932/1932-03-19.jpg,596256,ok
1932-03-26,1932,"The New Yorker March 26, 1932",,"https://media.newyorker.com/photos/59094e882179605b11ad278a/master/w_1600,c_limit/1932_03_26.jpg",https://www.newyorker.com/magazine/1932/03/26,covers/1932/1932-03-26.jpg,543135,ok
1932-04-02,1932,"The New Yorker April 2, 1932",,"https://media.newyorker.com/photos/59094e89019dfc3494e9d1ab/master/w_1600,c_limit/1932_04_02.jpg",https://www.newyorker.com/magazine/1932/04/02,covers/1932/1932-04-02.jpg,579709,ok
1932-04-09,1932,"The New Yorker April 9, 1932",,"https://media.newyorker.com/photos/59094e8a019dfc3494e9d1ad/master/w_1600,c_limit/1932_04_09.jpg",https://www.newyorker.com/magazine/1932/04/09,covers/1932/1932-04-09.jpg,504186,ok
1932-04-16,1932,"The New Yorker April 16, 1932",,"https://media.newyorker.com/photos/59094e8ac14b3c606c10305e/master/w_1600,c_limit/1932_04_16.jpg",https://www.newyorker.com/magazine/1932/04/16,covers/1932/1932-04-16.jpg,559240,ok
1932-04-23,1932,"The New Yorker April 23, 1932",,"https://media.newyorker.com/photos/59094e86019dfc3494e9d1a1/master/w_1600,c_limit/1932_04_23.jpg",https://www.newyorker.com/magazine/1932/04/23,covers/1932/1932-04-23.jpg,492015,ok
1932-04-30,1932,"The New Yorker April 30, 1932",,"https://media.newyorker.com/photos/59094e86019dfc3494e9d1a3/master/w_1600,c_limit/1932_04_30.jpg",https://www.newyorker.com/magazine/1932/04/30,covers/1932/1932-04-30.jpg,471806,ok
1932-05-07,1932,"The New Yorker May 7, 1932",,"https://media.newyorker.com/photos/59094e87ebe912338a372028/master/w_1600,c_limit/1932_05_07.jpg",https://www.newyorker.com/magazine/1932/05/07,covers/1932/1932-05-07.jpg,563682,ok
1932-05-14,1932,"The New Yorker May 14, 1932",,"https://media.newyorker.com/photos/59094e896552fa0be682b4a5/master/w_1600,c_limit/1932_05_14.jpg",https://www.newyorker.com/magazine/1932/05/14,covers/1932/1932-05-14.jpg,554309,ok
1932-05-21,1932,"The New Yorker May 21, 1932",,"https://media.newyorker.com/photos/59094e8a2179605b11ad278e/master/w_1600,c_limit/1932_05_21.jpg",https://www.newyorker.com/magazine/1932/05/21,covers/1932/1932-05-21.jpg,559009,ok
1932-05-28,1932,"The New Yorker May 28, 1932",,"https://media.newyorker.com/photos/59094e8aebe912338a37202c/master/w_1600,c_limit/1932_05_28.jpg",https://www.newyorker.com/magazine/1932/05/28,covers/1932/1932-05-28.jpg,635844,ok
1932-06-04,1932,"The New Yorker June 4, 1932",,"https://media.newyorker.com/photos/59094e8b2179605b11ad2790/master/w_1600,c_limit/1932_06_04.jpg",https://www.newyorker.com/magazine/1932/06/04,covers/1932/1932-06-04.jpg,491938,ok
1932-06-11,1932,"The New Yorker June 11, 1932",,"https://media.newyorker.com/photos/59094e8cc14b3c606c103060/master/w_1600,c_limit/1932_06_11.jpg",https://www.newyorker.com/magazine/1932/06/11,covers/1932/1932-06-11.jpg,626931,ok
1932-06-18,1932,"The New Yorker June 18, 1932",,"https://media.newyorker.com/photos/59094e8c2179605b11ad2794/master/w_1600,c_limit/1932_06_18.jpg",https://www.newyorker.com/magazine/1932/06/18,covers/1932/1932-06-18.jpg,642641,ok
1932-06-25,1932,"The New Yorker June 25, 1932",,"https://media.newyorker.com/photos/59094e8dc14b3c606c103062/master/w_1600,c_limit/1932_06_25.jpg",https://www.newyorker.com/magazine/1932/06/25,covers/1932/1932-06-25.jpg,433413,ok
1932-07-02,1932,"The New Yorker July 2, 1932",,"https://media.newyorker.com/photos/59094e87ebe912338a372024/master/w_1600,c_limit/1932_07_02.jpg",https://www.newyorker.com/magazine/1932/07/02,covers/1932/1932-07-02.jpg,573190,ok
1932-07-09,1932,"The New Yorker July 9, 1932",,"https://media.newyorker.com/photos/59094e881c7a8e33fb389b0c/master/w_1600,c_limit/1932_07_09.jpg",https://www.newyorker.com/magazine/1932/07/09,covers/1932/1932-07-09.jpg,622151,ok
1932-07-16,1932,"The New Yorker July 16, 1932",,"https://media.newyorker.com/photos/59094e88019dfc3494e9d1a9/master/w_1600,c_limit/1932_07_16.jpg",https://www.newyorker.com/magazine/1932/07/16,covers/1932/1932-07-16.jpg,339601,ok
1932-07-23,1932,"The New Yorker July 23, 1932",,"https://media.newyorker.com/photos/59094e891c7a8e33fb389b0e/master/w_1600,c_limit/1932_07_23.jpg",https://www.newyorker.com/magazine/1932/07/23,covers/1932/1932-07-23.jpg,474680,ok
1932-07-30,1932,"The New Yorker July 30, 1932",,"https://media.newyorker.com/photos/59094e8ac14b3c606c10305c/master/w_1600,c_limit/1932_07_30.jpg",https://www.newyorker.com/magazine/1932/07/30,covers/1932/1932-07-30.jpg,977567,ok
1932-08-06,1932,"The New Yorker August 6, 1932",,"https://media.newyorker.com/photos/59094e8b6552fa0be682b4a8/master/w_1600,c_limit/1932_08_06.jpg",https://www.newyorker.com/magazine/1932/08/06,covers/1932/1932-08-06.jpg,499463,ok
1932-08-13,1932,"The New Yorker August 13, 1932",,"https://media.newyorker.com/photos/59094e8c2179605b11ad2792/master/w_1600,c_limit/1932_08_13.jpg",https://www.newyorker.com/magazine/1932/08/13,covers/1932/1932-08-13.jpg,452725,ok
1932-08-20,1932,"The New Yorker August 20, 1932",,"https://media.newyorker.com/photos/59094e8c019dfc3494e9d1b1/master/w_1600,c_limit/1932_08_20.jpg",https://www.newyorker.com/magazine/1932/08/20,covers/1932/1932-08-20.jpg,720822,ok
1932-08-27,1932,"The New Yorker August 27, 1932",,"https://media.newyorker.com/photos/59094e8d1c7a8e33fb389b12/master/w_1600,c_limit/1932_08_27.jpg",https://www.newyorker.com/magazine/1932/08/27,covers/1932/1932-08-27.jpg,376133,ok
1932-09-03,1932,"The New Yorker September 3, 1932",,"https://media.newyorker.com/photos/59094e8e019dfc3494e9d1b5/master/w_1600,c_limit/1932_09_03.jpg",https://www.newyorker.com/magazine/1932/09/03,covers/1932/1932-09-03.jpg,557942,ok
1932-09-10,1932,"The New Yorker September 10, 1932",,"https://media.newyorker.com/photos/59094e8bebe912338a37202e/master/w_1600,c_limit/1932_09_10.jpg",https://www.newyorker.com/magazine/1932/09/10,covers/1932/1932-09-10.jpg,585588,ok
1932-09-17,1932,"The New Yorker September 17, 1932",,"https://media.newyorker.com/photos/59094e8c6552fa0be682b4ab/master/w_1600,c_limit/1932_09_17.jpg",https://www.newyorker.com/magazine/1932/09/17,covers/1932/1932-09-17.jpg,658227,ok
1932-09-24,1932,"The New Yorker September 24, 1932",,"https://media.newyorker.com/photos/59094e8c1c7a8e33fb389b10/master/w_1600,c_limit/1932_09_24.jpg",https://www.newyorker.com/magazine/1932/09/24,covers/1932/1932-09-24.jpg,332830,ok
1932-10-01,1932,"The New Yorker October 1, 1932",,"https://media.newyorker.com/photos/59094e8d019dfc3494e9d1b3/master/w_1600,c_limit/1932_10_01.jpg",https://www.newyorker.com/magazine/1932/10/01,covers/1932/1932-10-01.jpg,540267,ok
1932-10-08,1932,"The New Yorker October 8, 1932",,"https://media.newyorker.com/photos/59094e8e6552fa0be682b4af/master/w_1600,c_limit/1932_10_08.jpg",https://www.newyorker.com/magazine/1932/10/08,covers/1932/1932-10-08.jpg,591652,ok
1932-10-15,1932,"The New Yorker October 15, 1932",,"https://media.newyorker.com/photos/59094e8e1c7a8e33fb389b15/master/w_1600,c_limit/1932_10_15.jpg",https://www.newyorker.com/magazine/1932/10/15,covers/1932/1932-10-15.jpg,618857,ok
1932-10-22,1932,"The New Yorker October 22, 1932",,"https://media.newyorker.com/photos/59094e8f019dfc3494e9d1b7/master/w_1600,c_limit/1932_10_22.jpg",https://www.newyorker.com/magazine/1932/10/22,covers/1932/1932-10-22.jpg,593379,ok
1932-10-29,1932,"The New Yorker October 29, 1932",,"https://media.newyorker.com/photos/59094e90019dfc3494e9d1b9/master/w_1600,c_limit/1932_10_29.jpg",https://www.newyorker.com/magazine/1932/10/29,covers/1932/1932-10-29.jpg,558547,ok
1932-11-05,1932,"The New Yorker November 5, 1932",,"https://media.newyorker.com/photos/59094e901c7a8e33fb389b1a/master/w_1600,c_limit/1932_11_05.jpg",https://www.newyorker.com/magazine/1932/11/05,covers/1932/1932-11-05.jpg,531548,ok
1932-11-12,1932,"The New Yorker November 12, 1932",,"https://media.newyorker.com/photos/59094e91c14b3c606c10306a/master/w_1600,c_limit/1932_11_12.jpg",https://www.newyorker.com/magazine/1932/11/12,covers/1932/1932-11-12.jpg,551448,ok
1932-11-19,1932,"The New Yorker November 19, 1932",,"https://media.newyorker.com/photos/59094e8c019dfc3494e9d1af/master/w_1600,c_limit/1932_11_19.jpg",https://www.newyorker.com/magazine/1932/11/19,covers/1932/1932-11-19.jpg,581530,ok
1932-11-26,1932,"The New Yorker November 26, 1932",,"https://media.newyorker.com/photos/59094e8debe912338a372030/master/w_1600,c_limit/1932_11_26.jpg",https://www.newyorker.com/magazine/1932/11/26,covers/1932/1932-11-26.jpg,459533,ok
1932-12-03,1932,"The New Yorker December 3, 1932",,"https://media.newyorker.com/photos/59094e8d6552fa0be682b4ad/master/w_1600,c_limit/1932_12_03.jpg",https://www.newyorker.com/magazine/1932/12/03,covers/1932/1932-12-03.jpg,477868,ok
1932-12-10,1932,"The New Yorker December 10, 1932",,"https://media.newyorker.com/photos/59094e8e1c7a8e33fb389b16/master/w_1600,c_limit/1932_12_10.jpg",https://www.newyorker.com/magazine/1932/12/10,covers/1932/1932-12-10.jpg,893447,ok
1932-12-17,1932,"The New Yorker December 17, 1932",,"https://media.newyorker.com/photos/59094e8f2179605b11ad279a/master/w_1600,c_limit/1932_12_17.jpg",https://www.newyorker.com/magazine/1932/12/17,covers/1932/1932-12-17.jpg,818938,ok
1932-12-24,1932,"The New Yorker December 24, 1932",,"https://media.newyorker.com/photos/59094e902179605b11ad279d/master/w_1600,c_limit/1932_12_24.jpg",https://www.newyorker.com/magazine/1932/12/24,covers/1932/1932-12-24.jpg,352492,ok
1932-12-31,1932,"The New Yorker December 31, 1932",,"https://media.newyorker.com/photos/59094e911c7a8e33fb389b1d/master/w_1600,c_limit/1932_12_31.jpg",https://www.newyorker.com/magazine/1932/12/31,covers/1932/1932-12-31.jpg,659299,ok
1933-01-07,1933,"The New Yorker January 7, 1933",,"https://media.newyorker.com/photos/59094e911c7a8e33fb389b20/master/w_1600,c_limit/1933_01_07.jpg",https://www.newyorker.com/magazine/1933/01/07,covers/1933/1933-01-07.jpg,484177,ok
1933-01-14,1933,"The New Yorker January 14, 1933",,"https://media.newyorker.com/photos/59094e922179605b11ad27a4/master/w_1600,c_limit/1933_01_14.jpg",https://www.newyorker.com/magazine/1933/01/14,covers/1933/1933-01-14.jpg,563880,ok
1933-01-21,1933,"The New Yorker January 21, 1933",,"https://media.newyorker.com/photos/59094e92c14b3c606c10306f/master/w_1600,c_limit/1933_01_21.jpg",https://www.newyorker.com/magazine/1933/01/21,covers/1933/1933-01-21.jpg,475040,ok
1933-01-28,1933,"The New Yorker January 28, 1933",,"https://media.newyorker.com/photos/59094e8d2179605b11ad2796/master/w_1600,c_limit/1933_01_28.jpg",https://www.newyorker.com/magazine/1933/01/28,covers/1933/1933-01-28.jpg,589825,ok
1933-02-04,1933,"The New Yorker February 4, 1933",,"https://media.newyorker.com/photos/59094e8eebe912338a372032/master/w_1600,c_limit/1933_02_04.jpg",https://www.newyorker.com/magazine/1933/02/04,covers/1933/1933-02-04.jpg,364438,ok
1933-02-11,1933,"The New Yorker February 11, 1933",,"https://media.newyorker.com/photos/59094e8ec14b3c606c103064/master/w_1600,c_limit/1933_02_11.jpg",https://www.newyorker.com/magazine/1933/02/11,covers/1933/1933-02-11.jpg,699314,ok
1933-02-18,1933,"The New Yorker February 18, 1933",,"https://media.newyorker.com/photos/59094e8f2179605b11ad2799/master/w_1600,c_limit/1933_02_18.jpg",https://www.newyorker.com/magazine/1933/02/18,covers/1933/1933-02-18.jpg,366730,ok
1933-02-25,1933,"The New Yorker February 25, 1933",,"https://media.newyorker.com/photos/59094e901c7a8e33fb389b18/master/w_1600,c_limit/1933_02_25.jpg",https://www.newyorker.com/magazine/1933/02/25,covers/1933/1933-02-25.jpg,364236,ok
1933-03-04,1933,"The New Yorker March 4, 1933",,"https://media.newyorker.com/photos/59094e90ebe912338a372034/master/w_1600,c_limit/1933_03_04.jpg",https://www.newyorker.com/magazine/1933/03/04,covers/1933/1933-03-04.jpg,434423,ok
1933-03-11,1933,"The New Yorker March 11, 1933",,"https://media.newyorker.com/photos/59094e912179605b11ad27a0/master/w_1600,c_limit/1933_03_11.jpg",https://www.newyorker.com/magazine/1933/03/11,covers/1933/1933-03-11.jpg,519565,ok
1933-03-18,1933,"The New Yorker March 18, 1933",,"https://media.newyorker.com/photos/59094e922179605b11ad27a2/master/w_1600,c_limit/1933_03_18.jpg",https://www.newyorker.com/magazine/1933/03/18,covers/1933/1933-03-18.jpg,644879,ok
1933-03-25,1933,"The New Yorker March 25, 1933",,"https://media.newyorker.com/photos/59094e922179605b11ad27a6/master/w_1600,c_limit/1933_03_25.jpg",https://www.newyorker.com/magazine/1933/03/25,covers/1933/1933-03-25.jpg,645867,ok
1933-04-01,1933,"The New Yorker April 1, 1933",,"https://media.newyorker.com/photos/59094e931c7a8e33fb389b26/master/w_1600,c_limit/1933_04_01.jpg",https://www.newyorker.com/magazine/1933/04/01,covers/1933/1933-04-01.jpg,587301,ok
1933-04-08,1933,"The New Yorker April 8, 1933",,"https://media.newyorker.com/photos/59094e8fc14b3c606c103066/master/w_1600,c_limit/1933_04_08.jpg",https://www.newyorker.com/magazine/1933/04/08,covers/1933/1933-04-08.jpg,561776,ok
1933-04-15,1933,"The New Yorker April 15, 1933",,"https://media.newyorker.com/photos/59094e902179605b11ad279e/master/w_1600,c_limit/1933_04_15.jpg",https://www.newyorker.com/magazine/1933/04/15,covers/1933/1933-04-15.jpg,590719,ok
1933-04-22,1933,"The New Yorker April 22, 1933",,"https://media.newyorker.com/photos/59094e911c7a8e33fb389b1e/master/w_1600,c_limit/1933_04_22.jpg",https://www.newyorker.com/magazine/1933/04/22,covers/1933/1933-04-22.jpg,358819,ok
1933-04-29,1933,"The New Yorker April 29, 1933",,"https://media.newyorker.com/photos/59094e92019dfc3494e9d1bd/master/w_1600,c_limit/1933_04_29.jpg",https://www.newyorker.com/magazine/1933/04/29,covers/1933/1933-04-29.jpg,573657,ok
1933-05-06,1933,"The New Yorker May 6, 1933",,"https://media.newyorker.com/photos/59094e921c7a8e33fb389b22/master/w_1600,c_limit/1933_05_06.jpg",https://www.newyorker.com/magazine/1933/05/06,covers/1933/1933-05-06.jpg,527995,ok
1933-05-13,1933,"The New Yorker May 13, 1933",,"https://media.newyorker.com/photos/59094e931c7a8e33fb389b25/master/w_1600,c_limit/1933_05_13.jpg",https://www.newyorker.com/magazine/1933/05/13,covers/1933/1933-05-13.jpg,563774,ok
1933-05-20,1933,"The New Yorker May 20, 1933",,"https://media.newyorker.com/photos/59094e94019dfc3494e9d1c3/master/w_1600,c_limit/1933_05_20.jpg",https://www.newyorker.com/magazine/1933/05/20,covers/1933/1933-05-20.jpg,448222,ok
1933-05-27,1933,"The New Yorker May 27, 1933",,"https://media.newyorker.com/photos/59094e94ebe912338a372036/master/w_1600,c_limit/1933_05_27.jpg",https://www.newyorker.com/magazine/1933/05/27,covers/1933/1933-05-27.jpg,497526,ok
1933-06-03,1933,"The New Yorker June 3, 1933",,"https://media.newyorker.com/photos/59094e956552fa0be682b4b3/master/w_1600,c_limit/1933_06_03.jpg",https://www.newyorker.com/magazine/1933/06/03,covers/1933/1933-06-03.jpg,538962,ok
1933-06-10,1933,"The New Yorker June 10, 1933",,"https://media.newyorker.com/photos/59094e96c14b3c606c103077/master/w_1600,c_limit/1933_06_10.jpg",https://www.newyorker.com/magazine/1933/06/10,covers/1933/1933-06-10.jpg,691452,ok
1933-06-17,1933,"The New Yorker June 17, 1933",,"https://media.newyorker.com/photos/59094e8fc14b3c606c103068/master/w_1600,c_limit/1933_06_17.jpg",https://www.newyorker.com/magazine/1933/06/17,covers/1933/1933-06-17.jpg,470024,ok
1933-06-24,1933,"The New Yorker June 24, 1933",,"https://media.newyorker.com/photos/59094e906552fa0be682b4b1/master/w_1600,c_limit/1933_06_24.jpg",https://www.newyorker.com/magazine/1933/06/24,covers/1933/1933-06-24.jpg,293597,ok
1933-07-01,1933,"The New Yorker July 1, 1933",,"https://media.newyorker.com/photos/59094e91019dfc3494e9d1bb/master/w_1600,c_limit/1933_07_01.jpg",https://www.newyorker.com/magazine/1933/07/01,covers/1933/1933-07-01.jpg,551254,ok
1933-07-08,1933,"The New Yorker July 8, 1933",,"https://media.newyorker.com/photos/59094e91c14b3c606c10306c/master/w_1600,c_limit/1933_07_08.jpg",https://www.newyorker.com/magazine/1933/07/08,covers/1933/1933-07-08.jpg,509517,ok
1933-07-15,1933,"The New Yorker July 15, 1933",,"https://media.newyorker.com/photos/59094e92019dfc3494e9d1bf/master/w_1600,c_limit/1933_07_15.jpg",https://www.newyorker.com/magazine/1933/07/15,covers/1933/1933-07-15.jpg,610954,ok
1933-07-22,1933,"The New Yorker July 22, 1933",,"https://media.newyorker.com/photos/59094e932179605b11ad27a8/master/w_1600,c_limit/1933_07_22.jpg",https://www.newyorker.com/magazine/1933/07/22,covers/1933/1933-07-22.jpg,471164,ok
1933-07-29,1933,"The New Yorker July 29, 1933",,"https://media.newyorker.com/photos/59094e94c14b3c606c103072/master/w_1600,c_limit/1933_07_29.jpg",https://www.newyorker.com/magazine/1933/07/29,covers/1933/1933-07-29.jpg,438429,ok
1933-08-05,1933,"The New Yorker August 5, 1933",,"https://media.newyorker.com/photos/59094e94019dfc3494e9d1c7/master/w_1600,c_limit/1933_08_05.jpg",https://www.newyorker.com/magazine/1933/08/05,covers/1933/1933-08-05.jpg,430662,ok
1933-08-12,1933,"The New Yorker August 12, 1933",,"https://media.newyorker.com/photos/59094e95019dfc3494e9d1c9/master/w_1600,c_limit/1933_08_12.jpg",https://www.newyorker.com/magazine/1933/08/12,covers/1933/1933-08-12.jpg,530415,ok
1933-08-19,1933,"The New Yorker August 19, 1933",,"https://media.newyorker.com/photos/59094e96019dfc3494e9d1cb/master/w_1600,c_limit/1933_08_19.jpg",https://www.newyorker.com/magazine/1933/08/19,covers/1933/1933-08-19.jpg,284742,ok
1933-08-26,1933,"The New Yorker August 26, 1933",,"https://media.newyorker.com/photos/59094e93c14b3c606c103070/master/w_1600,c_limit/1933_08_26.jpg",https://www.newyorker.com/magazine/1933/08/26,covers/1933/1933-08-26.jpg,545998,ok
1933-09-02,1933,"The New Yorker September 2, 1933",,"https://media.newyorker.com/photos/59094e94019dfc3494e9d1c2/master/w_1600,c_limit/1933_09_02.jpg",https://www.newyorker.com/magazine/1933/09/02,covers/1933/1933-09-02.jpg,566982,ok
1933-09-09,1933,"The New Yorker September 9, 1933",,"https://media.newyorker.com/photos/59094e94019dfc3494e9d1c6/master/w_1600,c_limit/1933_09_09.jpg",https://www.newyorker.com/magazine/1933/09/09,covers/1933/1933-09-09.jpg,326666,ok
1933-09-16,1933,"The New Yorker September 16, 1933",,"https://media.newyorker.com/photos/59094e95ebe912338a372038/master/w_1600,c_limit/1933_09_16.jpg",https://www.newyorker.com/magazine/1933/09/16,covers/1933/1933-09-16.jpg,801272,ok
1933-09-23,1933,"The New Yorker September 23, 1933",,"https://media.newyorker.com/photos/59094e961c7a8e33fb389b2b/master/w_1600,c_limit/1933_09_23.jpg",https://www.newyorker.com/magazine/1933/09/23,covers/1933/1933-09-23.jpg,615851,ok
1933-09-30,1933,"The New Yorker September 30, 1933",,"https://media.newyorker.com/photos/59094e97ebe912338a37203a/master/w_1600,c_limit/1933_09_30.jpg",https://www.newyorker.com/magazine/1933/09/30,covers/1933/1933-09-30.jpg,493347,ok
1933-10-07,1933,"The New Yorker October 7, 1933",,"https://media.newyorker.com/photos/59094e971c7a8e33fb389b2e/master/w_1600,c_limit/1933_10_07.jpg",https://www.newyorker.com/magazine/1933/10/07,covers/1933/1933-10-07.jpg,550877,ok
1933-10-14,1933,"The New Yorker October 14, 1933",,"https://media.newyorker.com/photos/59094e981c7a8e33fb389b30/master/w_1600,c_limit/1933_10_14.jpg",https://www.newyorker.com/magazine/1933/10/14,covers/1933/1933-10-14.jpg,518819,ok
1933-10-21,1933,"The New Yorker October 21, 1933",,"https://media.newyorker.com/photos/59094e996552fa0be682b4b7/master/w_1600,c_limit/1933_10_21.jpg",https://www.newyorker.com/magazine/1933/10/21,covers/1933/1933-10-21.jpg,516192,ok
1933-10-28,1933,"The New Yorker October 28, 1933",,"https://media.newyorker.com/photos/59094e9aebe912338a372041/master/w_1600,c_limit/1933_10_28.jpg",https://www.newyorker.com/magazine/1933/10/28,covers/1933/1933-10-28.jpg,319845,ok
1933-11-04,1933,"The New Yorker November 4, 1933",,"https://media.newyorker.com/photos/59094e942179605b11ad27aa/master/w_1600,c_limit/1933_11_04.jpg",https://www.newyorker.com/magazine/1933/11/04,covers/1933/1933-11-04.jpg,643428,ok
1933-11-11,1933,"The New Yorker November 11, 1933",,"https://media.newyorker.com/photos/59094e95c14b3c606c103074/master/w_1600,c_limit/1933_11_11.jpg",https://www.newyorker.com/magazine/1933/11/11,covers/1933/1933-11-11.jpg,533754,ok
1933-11-18,1933,"The New Yorker November 18, 1933",,"https://media.newyorker.com/photos/59094e952179605b11ad27ae/master/w_1600,c_limit/1933_11_18.jpg",https://www.newyorker.com/magazine/1933/11/18,covers/1933/1933-11-18.jpg,591220,ok
1933-11-25,1933,"The New Yorker November 25, 1933",,"https://media.newyorker.com/photos/59094e96c14b3c606c103078/master/w_1600,c_limit/1933_11_25.jpg",https://www.newyorker.com/magazine/1933/11/25,covers/1933/1933-11-25.jpg,374426,ok
1933-12-02,1933,"The New Yorker December 2, 1933",,"https://media.newyorker.com/photos/59094e97c14b3c606c10307a/master/w_1600,c_limit/1933_12_02.jpg",https://www.newyorker.com/magazine/1933/12/02,covers/1933/1933-12-02.jpg,547704,ok
1933-12-09,1933,"The New Yorker December 9, 1933",,"https://media.newyorker.com/photos/59094e972179605b11ad27b0/master/w_1600,c_limit/1933_12_09.jpg",https://www.newyorker.com/magazine/1933/12/09,covers/1933/1933-12-09.jpg,622018,ok
1933-12-16,1933,"The New Yorker December 16, 1933",,"https://media.newyorker.com/photos/59094e98c14b3c606c103080/master/w_1600,c_limit/1933_12_16.jpg",https://www.newyorker.com/magazine/1933/12/16,covers/1933/1933-12-16.jpg,544877,ok
1933-12-23,1933,"The New Yorker December 23, 1933",,"https://media.newyorker.com/photos/59094e99c14b3c606c103082/master/w_1600,c_limit/1933_12_23.jpg",https://www.newyorker.com/magazine/1933/12/23,covers/1933/1933-12-23.jpg,578175,ok
1933-12-30,1933,"The New Yorker December 30, 1933",,"https://media.newyorker.com/photos/59094e9aebe912338a372042/master/w_1600,c_limit/1933_12_30.jpg",https://www.newyorker.com/magazine/1933/12/30,covers/1933/1933-12-30.jpg,599962,ok
1934-01-06,1934,"The New Yorker January 6, 1934",,"https://media.newyorker.com/photos/59094e9a1c7a8e33fb389b32/master/w_1600,c_limit/1934_01_06.jpg",https://www.newyorker.com/magazine/1934/01/06,covers/1934/1934-01-06.jpg,795344,ok
1934-01-13,1934,"The New Yorker January 13, 1934",,"https://media.newyorker.com/photos/59094e952179605b11ad27ac/master/w_1600,c_limit/1934_01_13.jpg",https://www.newyorker.com/magazine/1934/01/13,covers/1934/1934-01-13.jpg,432219,ok
1934-01-20,1934,"The New Yorker January 20, 1934",,"https://media.newyorker.com/photos/59094e951c7a8e33fb389b28/master/w_1600,c_limit/1934_01_20.jpg",https://www.newyorker.com/magazine/1934/01/20,covers/1934/1934-01-20.jpg,594315,ok
1934-01-27,1934,"The New Yorker January 27, 1934",,"https://media.newyorker.com/photos/59094e961c7a8e33fb389b2c/master/w_1600,c_limit/1934_01_27.jpg",https://www.newyorker.com/magazine/1934/01/27,covers/1934/1934-01-27.jpg,508549,ok
1934-02-03,1934,"The New Yorker February 3, 1934",,"https://media.newyorker.com/photos/59094e976552fa0be682b4b5/master/w_1600,c_limit/1934_02_03.jpg",https://www.newyorker.com/magazine/1934/02/03,covers/1934/1934-02-03.jpg,665876,ok
1934-02-10,1934,"The New Yorker February 10, 1934",,"https://media.newyorker.com/photos/59094e98c14b3c606c10307c/master/w_1600,c_limit/1934_02_10.jpg",https://www.newyorker.com/magazine/1934/02/10,covers/1934/1934-02-10.jpg,830306,ok
1934-02-17,1934,"The New Yorker February 17, 1934",,"https://media.newyorker.com/photos/59094e98019dfc3494e9d1cf/master/w_1600,c_limit/1934_02_17.jpg",https://www.newyorker.com/magazine/1934/02/17,covers/1934/1934-02-17.jpg,363162,ok
1934-02-24,1934,"The New Yorker February 24, 1934",,"https://media.newyorker.com/photos/59094e992179605b11ad27b2/master/w_1600,c_limit/1934_02_24.jpg",https://www.newyorker.com/magazine/1934/02/24,covers/1934/1934-02-24.jpg,474067,ok
1934-03-03,1934,"The New Yorker March 3, 1934",,"https://media.newyorker.com/photos/59094e996552fa0be682b4bb/master/w_1600,c_limit/1934_03_03.jpg",https://www.newyorker.com/magazine/1934/03/03,covers/1934/1934-03-03.jpg,587546,ok
1934-03-10,1934,"The New Yorker March 10, 1934",,"https://media.newyorker.com/photos/59094e9aebe912338a372044/master/w_1600,c_limit/1934_03_10.jpg",https://www.newyorker.com/magazine/1934/03/10,covers/1934/1934-03-10.jpg,802489,ok
1934-03-17,1934,"The New Yorker March 17, 1934",,"https://media.newyorker.com/photos/59094e9b6552fa0be682b4bd/master/w_1600,c_limit/1934_03_17.jpg",https://www.newyorker.com/magazine/1934/03/17,covers/1934/1934-03-17.jpg,460067,ok
1934-03-24,1934,"The New Yorker March 24, 1934",,"https://media.newyorker.com/photos/59094e97019dfc3494e9d1cd/master/w_1600,c_limit/1934_03_24.jpg",https://www.newyorker.com/magazine/1934/03/24,covers/1934/1934-03-24.jpg,485092,ok
1934-03-31,1934,"The New Yorker March 31, 1934",,"https://media.newyorker.com/photos/59094e98c14b3c606c10307e/master/w_1600,c_limit/1934_03_31.jpg",https://www.newyorker.com/magazine/1934/03/31,covers/1934/1934-03-31.jpg,511710,ok
1934-04-07,1934,"The New Yorker April 7, 1934",,"https://media.newyorker.com/photos/59094e99ebe912338a37203e/master/w_1600,c_limit/1934_04_07.jpg",https://www.newyorker.com/magazine/1934/04/07,covers/1934/1934-04-07.jpg,597176,ok
1934-04-14,1934,"The New Yorker April 14, 1934",,"https://media.newyorker.com/photos/59094e996552fa0be682b4ba/master/w_1600,c_limit/1934_04_14.jpg",https://www.newyorker.com/magazine/1934/04/14,covers/1934/1934-04-14.jpg,747070,ok
1934-04-21,1934,"The New Yorker April 21, 1934",,"https://media.newyorker.com/photos/59094e9ac14b3c606c103086/master/w_1600,c_limit/1934_04_21.jpg",https://www.newyorker.com/magazine/1934/04/21,covers/1934/1934-04-21.jpg,475089,ok
1934-04-28,1934,"The New Yorker April 28, 1934",,"https://media.newyorker.com/photos/59094e9bc14b3c606c103088/master/w_1600,c_limit/1934_04_28.jpg",https://www.newyorker.com/magazine/1934/04/28,covers/1934/1934-04-28.jpg,671914,ok
1934-05-05,1934,"The New Yorker May 5, 1934",,"https://media.newyorker.com/photos/59094e9c1c7a8e33fb389b34/master/w_1600,c_limit/1934_05_05.jpg",https://www.newyorker.com/magazine/1934/05/05,covers/1934/1934-05-05.jpg,588591,ok
1934-05-12,1934,"The New Yorker May 12, 1934",,"https://media.newyorker.com/photos/59094e9c6552fa0be682b4bf/master/w_1600,c_limit/1934_05_12.jpg",https://www.newyorker.com/magazine/1934/05/12,covers/1934/1934-05-12.jpg,461188,ok
1934-05-19,1934,"The New Yorker May 19, 1934",,"https://media.newyorker.com/photos/59094e9d2179605b11ad27bc/master/w_1600,c_limit/1934_05_19.jpg",https://www.newyorker.com/magazine/1934/05/19,covers/1934/1934-05-19.jpg,517488,ok
1934-05-26,1934,"The New Yorker May 26, 1934",,"https://media.newyorker.com/photos/59094e9ec14b3c606c10308c/master/w_1600,c_limit/1934_05_26.jpg",https://www.newyorker.com/magazine/1934/05/26,covers/1934/1934-05-26.jpg,490324,ok
1934-06-02,1934,"The New Yorker June 2, 1934",,"https://media.newyorker.com/photos/59094e98ebe912338a37203c/master/w_1600,c_limit/1934_06_02.jpg",https://www.newyorker.com/magazine/1934/06/02,covers/1934/1934-06-02.jpg,690193,ok
1934-06-09,1934,"The New Yorker June 9, 1934",,"https://media.newyorker.com/photos/59094e99019dfc3494e9d1d1/master/w_1600,c_limit/1934_06_09.jpg",https://www.newyorker.com/magazine/1934/06/09,covers/1934/1934-06-09.jpg,538854,ok
1934-06-16,1934,"The New Yorker June 16, 1934",,"https://media.newyorker.com/photos/59094e9ac14b3c606c103084/master/w_1600,c_limit/1934_06_16.jpg",https://www.newyorker.com/magazine/1934/06/16,covers/1934/1934-06-16.jpg,518329,ok
1934-06-23,1934,"The New Yorker June 23, 1934",,"https://media.newyorker.com/photos/59094e9b019dfc3494e9d1d3/master/w_1600,c_limit/1934_06_23.jpg",https://www.newyorker.com/magazine/1934/06/23,covers/1934/1934-06-23.jpg,612238,ok
1934-06-30,1934,"The New Yorker June 30, 1934",,"https://media.newyorker.com/photos/59094e9b2179605b11ad27b4/master/w_1600,c_limit/1934_06_30.jpg",https://www.newyorker.com/magazine/1934/06/30,covers/1934/1934-06-30.jpg,492325,ok
1934-07-07,1934,"The New Yorker July 7, 1934",,"https://media.newyorker.com/photos/59094e9c2179605b11ad27b7/master/w_1600,c_limit/1934_07_07.jpg",https://www.newyorker.com/magazine/1934/07/07,covers/1934/1934-07-07.jpg,550289,ok
1934-07-14,1934,"The New Yorker July 14, 1934",,"https://media.newyorker.com/photos/59094e9dc14b3c606c10308a/master/w_1600,c_limit/1934_07_14.jpg",https://www.newyorker.com/magazine/1934/07/14,covers/1934/1934-07-14.jpg,301264,ok
1934-07-21,1934,"The New Yorker July 21, 1934",,"https://media.newyorker.com/photos/59094e9e6552fa0be682b4c5/master/w_1600,c_limit/1934_07_21.jpg",https://www.newyorker.com/magazine/1934/07/21,covers/1934/1934-07-21.jpg,479777,ok
1934-07-28,1934,"The New Yorker July 28, 1934",,"https://media.newyorker.com/photos/59094e9e1c7a8e33fb389b38/master/w_1600,c_limit/1934_07_28.jpg",https://www.newyorker.com/magazine/1934/07/28,covers/1934/1934-07-28.jpg,603358,ok
1934-08-04,1934,"The New Yorker August 4, 1934",,"https://media.newyorker.com/photos/59094e9f6552fa0be682b4c9/master/w_1600,c_limit/1934_08_04.jpg",https://www.newyorker.com/magazine/1934/08/04,covers/1934/1934-08-04.jpg,595234,ok
1934-08-11,1934,"The New Yorker August 11, 1934",,"https://media.newyorker.com/photos/59094e9b019dfc3494e9d1d5/master/w_1600,c_limit/1934_08_11.jpg",https://www.newyorker.com/magazine/1934/08/11,covers/1934/1934-08-11.jpg,375366,ok
1934-08-18,1934,"The New Yorker August 18, 1934",,"https://media.newyorker.com/photos/59094e9c019dfc3494e9d1d7/master/w_1600,c_limit/1934_08_18.jpg",https://www.newyorker.com/magazine/1934/08/18,covers/1934/1934-08-18.jpg,599936,ok
1934-08-25,1934,"The New Yorker August 25, 1934",,"https://media.newyorker.com/photos/59094e9c2179605b11ad27ba/master/w_1600,c_limit/1934_08_25.jpg",https://www.newyorker.com/magazine/1934/08/25,covers/1934/1934-08-25.jpg,463009,ok
1934-09-01,1934,"The New Yorker September 1, 1934",,"https://media.newyorker.com/photos/59094e9debe912338a372046/master/w_1600,c_limit/1934_09_01.jpg",https://www.newyorker.com/magazine/1934/09/01,covers/1934/1934-09-01.jpg,706511,ok
1934-09-08,1934,"The New Yorker September 8, 1934",,"https://media.newyorker.com/photos/59094e9e1c7a8e33fb389b36/master/w_1600,c_limit/1934_09_08.jpg",https://www.newyorker.com/magazine/1934/09/08,covers/1934/1934-09-08.jpg,630062,ok
1934-09-15,1934,"The New Yorker September 15, 1934",,"https://media.newyorker.com/photos/59094e9e019dfc3494e9d1dd/master/w_1600,c_limit/1934_09_15.jpg",https://www.newyorker.com/magazine/1934/09/15,covers/1934/1934-09-15.jpg,413233,ok
1934-09-22,1934,"The New Yorker September 22, 1934",,"https://media.newyorker.com/photos/59094e9f019dfc3494e9d1df/master/w_1600,c_limit/1934_09_22.jpg",https://www.newyorker.com/magazine/1934/09/22,covers/1934/1934-09-22.jpg,603980,ok
1934-09-29,1934,"The New Yorker September 29, 1934",,"https://media.newyorker.com/photos/59094ea01c7a8e33fb389b3c/master/w_1600,c_limit/1934_09_29.jpg",https://www.newyorker.com/magazine/1934/09/29,covers/1934/1934-09-29.jpg,620867,ok
1934-10-06,1934,"The New Yorker October 6, 1934",,"https://media.newyorker.com/photos/59094ea1c14b3c606c103092/master/w_1600,c_limit/1934_10_06.jpg",https://www.newyorker.com/magazine/1934/10/06,covers/1934/1934-10-06.jpg,660854,ok
1934-10-13,1934,"The New Yorker October 13, 1934",,"https://media.newyorker.com/photos/59094ea21c7a8e33fb389b3e/master/w_1600,c_limit/1934_10_13.jpg",https://www.newyorker.com/magazine/1934/10/13,covers/1934/1934-10-13.jpg,504241,ok
1934-10-20,1934,"The New Yorker October 20, 1934",,"https://media.newyorker.com/photos/59094e9c2179605b11ad27b8/master/w_1600,c_limit/1934_10_20.jpg",https://www.newyorker.com/magazine/1934/10/20,covers/1934/1934-10-20.jpg,526617,ok
1934-10-27,1934,"The New Yorker October 27, 1934",,"https://media.newyorker.com/photos/59094e9d6552fa0be682b4c1/master/w_1600,c_limit/1934_10_27.jpg",https://www.newyorker.com/magazine/1934/10/27,covers/1934/1934-10-27.jpg,562271,ok
1934-11-03,1934,"The New Yorker November 3, 1934",,"https://media.newyorker.com/photos/59094e9d019dfc3494e9d1db/master/w_1600,c_limit/1934_11_03.jpg",https://www.newyorker.com/magazine/1934/11/03,covers/1934/1934-11-03.jpg,446462,ok
1934-11-10,1934,"The New Yorker November 10, 1934",,"https://media.newyorker.com/photos/59094e9e6552fa0be682b4c7/master/w_1600,c_limit/1934_11_10.jpg",https://www.newyorker.com/magazine/1934/11/10,covers/1934/1934-11-10.jpg,611619,ok
1934-11-17,1934,"The New Yorker November 17, 1934",,"https://media.newyorker.com/photos/59094e9f2179605b11ad27be/master/w_1600,c_limit/1934_11_17.jpg",https://www.newyorker.com/magazine/1934/11/17,covers/1934/1934-11-17.jpg,634431,ok
1934-11-24,1934,"The New Yorker November 24, 1934",,"https://media.newyorker.com/photos/59094e9f2179605b11ad27c0/master/w_1600,c_limit/1934_11_24.jpg",https://www.newyorker.com/magazine/1934/11/24,covers/1934/1934-11-24.jpg,556634,ok
1934-12-01,1934,"The New Yorker December 1, 1934",,"https://media.newyorker.com/photos/59094ea06552fa0be682b4cb/master/w_1600,c_limit/1934_12_01.jpg",https://www.newyorker.com/magazine/1934/12/01,covers/1934/1934-12-01.jpg,600597,ok
1934-12-08,1934,"The New Yorker December 8, 1934",,"https://media.newyorker.com/photos/59094ea1ebe912338a37204a/master/w_1600,c_limit/1934_12_08.jpg",https://www.newyorker.com/magazine/1934/12/08,covers/1934/1934-12-08.jpg,569504,ok
1934-12-15,1934,"The New Yorker December 15, 1934",,"https://media.newyorker.com/photos/59094ea16552fa0be682b4cf/master/w_1600,c_limit/1934_12_15.jpg",https://www.newyorker.com/magazine/1934/12/15,covers/1934/1934-12-15.jpg,569455,ok
1934-12-22,1934,"The New Yorker December 22, 1934",,"https://media.newyorker.com/photos/59094ea2019dfc3494e9d1e7/master/w_1600,c_limit/1934_12_22.jpg",https://www.newyorker.com/magazine/1934/12/22,covers/1934/1934-12-22.jpg,526499,ok
1934-12-29,1934,"The New Yorker December 29, 1934",,"https://media.newyorker.com/photos/59094e9d019dfc3494e9d1d9/master/w_1600,c_limit/1934_12_29.jpg",https://www.newyorker.com/magazine/1934/12/29,covers/1934/1934-12-29.jpg,665731,ok
1935-01-05,1935,"The New Yorker January 5, 1935",,"https://media.newyorker.com/photos/59094e9d6552fa0be682b4c3/master/w_1600,c_limit/1935_01_05.jpg",https://www.newyorker.com/magazine/1935/01/05,covers/1935/1935-01-05.jpg,512019,ok
1935-01-12,1935,"The New Yorker January 12, 1935",,"https://media.newyorker.com/photos/59094e9ec14b3c606c10308e/master/w_1600,c_limit/1935_01_12.jpg",https://www.newyorker.com/magazine/1935/01/12,covers/1935/1935-01-12.jpg,635221,ok
1935-01-19,1935,"The New Yorker January 19, 1935",,"https://media.newyorker.com/photos/59094e9fc14b3c606c103090/master/w_1600,c_limit/1935_01_19.jpg",https://www.newyorker.com/magazine/1935/01/19,covers/1935/1935-01-19.jpg,706766,ok
1935-01-26,1935,"The New Yorker January 26, 1935",,"https://media.newyorker.com/photos/59094ea0019dfc3494e9d1e1/master/w_1600,c_limit/1935_01_26.jpg",https://www.newyorker.com/magazine/1935/01/26,covers/1935/1935-01-26.jpg,445095,ok
1935-02-02,1935,"The New Yorker February 2, 1935",,"https://media.newyorker.com/photos/59094ea0019dfc3494e9d1e3/master/w_1600,c_limit/1935_02_02.jpg",https://www.newyorker.com/magazine/1935/02/02,covers/1935/1935-02-02.jpg,626771,ok
1935-02-09,1935,"The New Yorker February 9, 1935",,"https://media.newyorker.com/photos/59094ea1019dfc3494e9d1e5/master/w_1600,c_limit/1935_02_09.jpg",https://www.newyorker.com/magazine/1935/02/09,covers/1935/1935-02-09.jpg,487192,ok
1935-02-16,1935,"The New Yorker February 16, 1935",,"https://media.newyorker.com/photos/59094ea22179605b11ad27c4/master/w_1600,c_limit/1935_02_16.jpg",https://www.newyorker.com/magazine/1935/02/16,covers/1935/1935-02-16.jpg,290308,ok
1935-02-23,1935,"The New Yorker February 23, 1935",,"https://media.newyorker.com/photos/59094ea3ebe912338a37204f/master/w_1600,c_limit/1935_02_23.jpg",https://www.newyorker.com/magazine/1935/02/23,covers/1935/1935-02-23.jpg,541031,ok
1935-03-02,1935,"The New Yorker March 2, 1935",,"https://media.newyorker.com/photos/59094ea42179605b11ad27c8/master/w_1600,c_limit/1935_03_02.jpg",https://www.newyorker.com/magazine/1935/03/02,covers/1935/1935-03-02.jpg,769521,ok
1935-03-09,1935,"The New Yorker March 9, 1935",,"https://media.newyorker.com/photos/59094ea01c7a8e33fb389b3a/master/w_1600,c_limit/1935_03_09.jpg",https://www.newyorker.com/magazine/1935/03/09,covers/1935/1935-03-09.jpg,589905,ok
1935-03-16,1935,"The New Yorker March 16, 1935",,"https://media.newyorker.com/photos/59094ea0ebe912338a372048/master/w_1600,c_limit/1935_03_16.jpg",https://www.newyorker.com/magazine/1935/03/16,covers/1935/1935-03-16.jpg,905840,ok
1935-03-23,1935,"The New Yorker March 23, 1935",,"https://media.newyorker.com/photos/59094ea1ebe912338a37204c/master/w_1600,c_limit/1935_03_23.jpg",https://www.newyorker.com/magazine/1935/03/23,covers/1935/1935-03-23.jpg,948610,ok
1935-03-30,1935,"The New Yorker March 30, 1935",,"https://media.newyorker.com/photos/59094ea2019dfc3494e9d1e9/master/w_1600,c_limit/1935_03_30.jpg",https://www.newyorker.com/magazine/1935/03/30,covers/1935/1935-03-30.jpg,457715,ok
1935-04-06,1935,"The New Yorker April 6, 1935",,"https://media.newyorker.com/photos/59094ea3ebe912338a372050/master/w_1600,c_limit/1935_04_06.jpg",https://www.newyorker.com/magazine/1935/04/06,covers/1935/1935-04-06.jpg,599291,ok
1935-04-13,1935,"The New Yorker April 13, 1935",,"https://media.newyorker.com/photos/59094ea42179605b11ad27c7/master/w_1600,c_limit/1935_04_13.jpg",https://www.newyorker.com/magazine/1935/04/13,covers/1935/1935-04-13.jpg,559615,ok
1935-04-20,1935,"The New Yorker April 20, 1935",,"https://media.newyorker.com/photos/59094ea5c14b3c606c103097/master/w_1600,c_limit/1935_04_20.jpg",https://www.newyorker.com/magazine/1935/04/20,covers/1935/1935-04-20.jpg,513341,ok
1935-04-27,1935,"The New Yorker April 27, 1935",,"https://media.newyorker.com/photos/59094ea66552fa0be682b4da/master/w_1600,c_limit/1935_04_27.jpg",https://www.newyorker.com/magazine/1935/04/27,covers/1935/1935-04-27.jpg,780308,ok
1935-05-04,1935,"The New Yorker May 4, 1935",,"https://media.newyorker.com/photos/59094ea72179605b11ad27ce/master/w_1600,c_limit/1935_05_04.jpg",https://www.newyorker.com/magazine/1935/05/04,covers/1935/1935-05-04.jpg,619209,ok
1935-05-11,1935,"The New Yorker May 11, 1935",,"https://media.newyorker.com/photos/59094ea71c7a8e33fb389b44/master/w_1600,c_limit/1935_05_11.jpg",https://www.newyorker.com/magazine/1935/05/11,covers/1935/1935-05-11.jpg,572263,ok
1935-05-18,1935,"The New Yorker May 18, 1935",,"https://media.newyorker.com/photos/59094ea06552fa0be682b4cd/master/w_1600,c_limit/1935_05_18.jpg",https://www.newyorker.com/magazine/1935/05/18,covers/1935/1935-05-18.jpg,684044,ok
1935-05-25,1935,"The New Yorker May 25, 1935",,"https://media.newyorker.com/photos/59094ea12179605b11ad27c2/master/w_1600,c_limit/1935_05_25.jpg",https://www.newyorker.com/magazine/1935/05/25,covers/1935/1935-05-25.jpg,697369,ok
1935-06-01,1935,"The New Yorker June 1, 1935",,"https://media.newyorker.com/photos/59094ea2c14b3c606c103094/master/w_1600,c_limit/1935_06_01.jpg",https://www.newyorker.com/magazine/1935/06/01,covers/1935/1935-06-01.jpg,505769,ok
1935-06-08,1935,"The New Yorker June 8, 1935",,"https://media.newyorker.com/photos/59094ea21c7a8e33fb389b40/master/w_1600,c_limit/1935_06_08.jpg",https://www.newyorker.com/magazine/1935/06/08,covers/1935/1935-06-08.jpg,577821,ok
1935-06-15,1935,"The New Yorker June 15, 1935",,"https://media.newyorker.com/photos/59094ea3019dfc3494e9d1eb/master/w_1600,c_limit/1935_06_15.jpg",https://www.newyorker.com/magazine/1935/06/15,covers/1935/1935-06-15.jpg,556879,ok
1935-06-22,1935,"The New Yorker June 22, 1935",,"https://media.newyorker.com/photos/59094ea46552fa0be682b4d5/master/w_1600,c_limit/1935_06_22.jpg",https://www.newyorker.com/magazine/1935/06/22,covers/1935/1935-06-22.jpg,555428,ok
1935-06-29,1935,"The New Yorker June 29, 1935",,"https://media.newyorker.com/photos/59094ea52179605b11ad27ca/master/w_1600,c_limit/1935_06_29.jpg",https://www.newyorker.com/magazine/1935/06/29,covers/1935/1935-06-29.jpg,708714,ok
1935-07-06,1935,"The New Yorker July 6, 1935",,"https://media.newyorker.com/photos/59094ea6c14b3c606c10309a/master/w_1600,c_limit/1935_07_06.jpg",https://www.newyorker.com/magazine/1935/07/06,covers/1935/1935-07-06.jpg,831742,ok
1935-07-13,1935,"The New Yorker July 13, 1935",,"https://media.newyorker.com/photos/59094ea6c14b3c606c10309e/master/w_1600,c_limit/1935_07_13.jpg",https://www.newyorker.com/magazine/1935/07/13,covers/1935/1935-07-13.jpg,672750,ok
1935-07-20,1935,"The New Yorker July 20, 1935",,"https://media.newyorker.com/photos/59094ea8c14b3c606c1030a2/master/w_1600,c_limit/1935_07_20.jpg",https://www.newyorker.com/magazine/1935/07/20,covers/1935/1935-07-20.jpg,636558,ok
1935-07-27,1935,"The New Yorker July 27, 1935",,"https://media.newyorker.com/photos/59094ea46552fa0be682b4d4/master/w_1600,c_limit/1935_07_27.jpg",https://www.newyorker.com/magazine/1935/07/27,covers/1935/1935-07-27.jpg,710110,ok
1935-08-03,1935,"The New Yorker August 3, 1935",,"https://media.newyorker.com/photos/59094ea5019dfc3494e9d1ed/master/w_1600,c_limit/1935_08_03.jpg",https://www.newyorker.com/magazine/1935/08/03,covers/1935/1935-08-03.jpg,569078,ok
1935-08-10,1935,"The New Yorker August 10, 1935",,"https://media.newyorker.com/photos/59094ea61c7a8e33fb389b42/master/w_1600,c_limit/1935_08_10.jpg",https://www.newyorker.com/magazine/1935/08/10,covers/1935/1935-08-10.jpg,703541,ok
1935-08-17,1935,"The New Yorker August 17, 1935",,"https://media.newyorker.com/photos/59094ea62179605b11ad27cd/master/w_1600,c_limit/1935_08_17.jpg",https://www.newyorker.com/magazine/1935/08/17,covers/1935/1935-08-17.jpg,664592,ok
1935-08-24,1935,"The New Yorker August 24, 1935",,"https://media.newyorker.com/photos/59094ea76552fa0be682b4dd/master/w_1600,c_limit/1935_08_24.jpg",https://www.newyorker.com/magazine/1935/08/24,covers/1935/1935-08-24.jpg,458963,ok
1935-08-31,1935,"The New Yorker August 31, 1935",,"https://media.newyorker.com/photos/59094ea8ebe912338a372054/master/w_1600,c_limit/1935_08_31.jpg",https://www.newyorker.com/magazine/1935/08/31,covers/1935/1935-08-31.jpg,728118,ok
1935-09-07,1935,"The New Yorker September 7, 1935",,"https://media.newyorker.com/photos/59094ea9c14b3c606c1030a4/master/w_1600,c_limit/1935_09_07.jpg",https://www.newyorker.com/magazine/1935/09/07,covers/1935/1935-09-07.jpg,422315,ok
1935-09-14,1935,"The New Yorker September 14, 1935",,"https://media.newyorker.com/photos/59094ea9c14b3c606c1030a6/master/w_1600,c_limit/1935_09_14.jpg",https://www.newyorker.com/magazine/1935/09/14,covers/1935/1935-09-14.jpg,589164,ok
1935-09-21,1935,"The New Yorker September 21, 1935",,"https://media.newyorker.com/photos/59094eaa1c7a8e33fb389b4a/master/w_1600,c_limit/1935_09_21.jpg",https://www.newyorker.com/magazine/1935/09/21,covers/1935/1935-09-21.jpg,577929,ok
1935-09-28,1935,"The New Yorker September 28, 1935",,"https://media.newyorker.com/photos/59094eacc14b3c606c1030aa/master/w_1600,c_limit/1935_09_28.jpg",https://www.newyorker.com/magazine/1935/09/28,covers/1935/1935-09-28.jpg,558400,ok
1935-10-05,1935,"The New Yorker October 5, 1935",,"https://media.newyorker.com/photos/59094ea46552fa0be682b4d2/master/w_1600,c_limit/1935_10_05.jpg",https://www.newyorker.com/magazine/1935/10/05,covers/1935/1935-10-05.jpg,701317,ok
1935-10-12,1935,"The New Yorker October 12, 1935",,"https://media.newyorker.com/photos/59094ea46552fa0be682b4d7/master/w_1600,c_limit/1935_10_12.jpg",https://www.newyorker.com/magazine/1935/10/12,covers/1935/1935-10-12.jpg,620153,ok
1935-10-19,1935,"The New Yorker October 19, 1935",,"https://media.newyorker.com/photos/59094ea5c14b3c606c103098/master/w_1600,c_limit/1935_10_19.jpg",https://www.newyorker.com/magazine/1935/10/19,covers/1935/1935-10-19.jpg,578948,ok
1935-10-26,1935,"The New Yorker October 26, 1935",,"https://media.newyorker.com/photos/59094ea66552fa0be682b4db/master/w_1600,c_limit/1935_10_26.jpg",https://www.newyorker.com/magazine/1935/10/26,covers/1935/1935-10-26.jpg,649292,ok
1935-11-02,1935,"The New Yorker November 2, 1935",,"https://media.newyorker.com/photos/59094ea7c14b3c606c1030a1/master/w_1600,c_limit/1935_11_02.jpg",https://www.newyorker.com/magazine/1935/11/02,covers/1935/1935-11-02.jpg,664755,ok
1935-11-16,1935,"The New Yorker November 16, 1935",,"https://media.newyorker.com/photos/59094ea82179605b11ad27d0/master/w_1600,c_limit/1935_11_16.jpg",https://www.newyorker.com/magazine/1935/11/16,covers/1935/1935-11-16.jpg,562889,ok
1935-11-23,1935,"The New Yorker November 23, 1935",,"https://media.newyorker.com/photos/59094ea96552fa0be682b4e1/master/w_1600,c_limit/1935_11_23.jpg",https://www.newyorker.com/magazine/1935/11/23,covers/1935/1935-11-23.jpg,543347,ok
1935-11-30,1935,"The New Yorker November 30, 1935",,"https://media.newyorker.com/photos/59094eaa1c7a8e33fb389b48/master/w_1600,c_limit/1935_11_30.jpg",https://www.newyorker.com/magazine/1935/11/30,covers/1935/1935-11-30.jpg,609040,ok
1935-12-07,1935,"The New Yorker December 7, 1935",,"https://media.newyorker.com/photos/59094eaac14b3c606c1030a8/master/w_1600,c_limit/1935_12_07.jpg",https://www.newyorker.com/magazine/1935/12/07,covers/1935/1935-12-07.jpg,562777,ok
1935-12-14,1935,"The New Yorker December 14, 1935",,"https://media.newyorker.com/photos/59094ea6c14b3c606c10309c/master/w_1600,c_limit/1935_12_14.jpg",https://www.newyorker.com/magazine/1935/12/14,covers/1935/1935-12-14.jpg,478280,ok
1935-12-21,1935,"The New Yorker December 21, 1935",,"https://media.newyorker.com/photos/59094ea7ebe912338a372052/master/w_1600,c_limit/1935_12_21.jpg",https://www.newyorker.com/magazine/1935/12/21,covers/1935/1935-12-21.jpg,635674,ok
1935-12-28,1935,"The New Yorker December 28, 1935",,"https://media.newyorker.com/photos/59094ea8019dfc3494e9d1ef/master/w_1600,c_limit/1935_12_28.jpg",https://www.newyorker.com/magazine/1935/12/28,covers/1935/1935-12-28.jpg,673862,ok
1936-01-04,1936,"The New Yorker January 4, 1936",,"https://media.newyorker.com/photos/59094ea81c7a8e33fb389b46/master/w_1600,c_limit/1936_01_04.jpg",https://www.newyorker.com/magazine/1936/01/04,covers/1936/1936-01-04.jpg,556173,ok
1936-01-11,1936,"The New Yorker January 11, 1936",,"https://media.newyorker.com/photos/59094ea92179605b11ad27d2/master/w_1600,c_limit/1936_01_11.jpg",https://www.newyorker.com/magazine/1936/01/11,covers/1936/1936-01-11.jpg,579987,ok
1936-01-18,1936,"The New Yorker January 18, 1936",,"https://media.newyorker.com/photos/59094eab019dfc3494e9d1f5/master/w_1600,c_limit/1936_01_18.jpg",https://www.newyorker.com/magazine/1936/01/18,covers/1936/1936-01-18.jpg,627843,ok
1936-01-25,1936,"The New Yorker January 25, 1936",,"https://media.newyorker.com/photos/59094eac019dfc3494e9d1f7/master/w_1600,c_limit/1936_01_25.jpg",https://www.newyorker.com/magazine/1936/01/25,covers/1936/1936-01-25.jpg,646973,ok
1936-02-01,1936,"The New Yorker February 1, 1936",,"https://media.newyorker.com/photos/59094eadebe912338a37205a/master/w_1600,c_limit/1936_02_01.jpg",https://www.newyorker.com/magazine/1936/02/01,covers/1936/1936-02-01.jpg,655306,ok
1936-02-08,1936,"The New Yorker February 8, 1936",,"https://media.newyorker.com/photos/59094eaec14b3c606c1030ae/master/w_1600,c_limit/1936_02_08.jpg",https://www.newyorker.com/magazine/1936/02/08,covers/1936/1936-02-08.jpg,567444,ok
1936-02-15,1936,"The New Yorker February 15, 1936",,"https://media.newyorker.com/photos/59094eaf019dfc3494e9d1fb/master/w_1600,c_limit/1936_02_15.jpg",https://www.newyorker.com/magazine/1936/02/15,covers/1936/1936-02-15.jpg,555334,ok
1936-02-22,1936,"The New Yorker February 22, 1936",,"https://media.newyorker.com/photos/59094ea96552fa0be682b4e0/master/w_1600,c_limit/1936_02_22.jpg",https://www.newyorker.com/magazine/1936/02/22,covers/1936/1936-02-22.jpg,361808,ok
1936-02-29,1936,"The New Yorker February 29, 1936",,"https://media.newyorker.com/photos/59094eaaebe912338a372056/master/w_1600,c_limit/1936_02_29.jpg",https://www.newyorker.com/magazine/1936/02/29,covers/1936/1936-02-29.jpg,303083,ok
1936-03-07,1936,"The New Yorker March 7, 1936",,"https://media.newyorker.com/photos/59094eaa019dfc3494e9d1f4/master/w_1600,c_limit/1936_03_07.jpg",https://www.newyorker.com/magazine/1936/03/07,covers/1936/1936-03-07.jpg,462214,ok
1936-03-14,1936,"The New Yorker March 14, 1936",,"https://media.newyorker.com/photos/59094eac6552fa0be682b4e6/master/w_1600,c_limit/1936_03_14.jpg",https://www.newyorker.com/magazine/1936/03/14,covers/1936/1936-03-14.jpg,779224,ok
1936-03-21,1936,"The New Yorker March 21, 1936",,"https://media.newyorker.com/photos/59094ead1c7a8e33fb389b4f/master/w_1600,c_limit/1936_03_21.jpg",https://www.newyorker.com/magazine/1936/03/21,covers/1936/1936-03-21.jpg,658868,ok
1936-03-28,1936,"The New Yorker March 28, 1936",,"https://media.newyorker.com/photos/59094eadc14b3c606c1030ac/master/w_1600,c_limit/1936_03_28.jpg",https://www.newyorker.com/magazine/1936/03/28,covers/1936/1936-03-28.jpg,666424,ok
1936-04-04,1936,"The New Yorker April 4, 1936",,"https://media.newyorker.com/photos/59094eae6552fa0be682b4ef/master/w_1600,c_limit/1936_04_04.jpg",https://www.newyorker.com/magazine/1936/04/04,covers/1936/1936-04-04.jpg,766027,ok
1936-04-11,1936,"The New Yorker April 11, 1936",,"https://media.newyorker.com/photos/59094eaf2179605b11ad27d8/master/w_1600,c_limit/1936_04_11.jpg",https://www.newyorker.com/magazine/1936/04/11,covers/1936/1936-04-11.jpg,506558,ok
1936-04-18,1936,"The New Yorker April 18, 1936",,"https://media.newyorker.com/photos/59094eaf6552fa0be682b4f3/master/w_1600,c_limit/1936_04_18.jpg",https://www.newyorker.com/magazine/1936/04/18,covers/1936/1936-04-18.jpg,576006,ok
1936-04-25,1936,"The New Yorker April 25, 1936",,"https://media.newyorker.com/photos/59094eb06552fa0be682b4f5/master/w_1600,c_limit/1936_04_25.jpg",https://www.newyorker.com/magazine/1936/04/25,covers/1936/1936-04-25.jpg,523566,ok
1936-05-02,1936,"The New Yorker May 2, 1936",,"https://media.newyorker.com/photos/59094ea96552fa0be682b4e3/master/w_1600,c_limit/1936_05_02.jpg",https://www.newyorker.com/magazine/1936/05/02,covers/1936/1936-05-02.jpg,487662,ok
1936-05-09,1936,"The New Yorker May 9, 1936",,"https://media.newyorker.com/photos/59094eaa2179605b11ad27d4/master/w_1600,c_limit/1936_05_09.jpg",https://www.newyorker.com/magazine/1936/05/09,covers/1936/1936-05-09.jpg,573024,ok
1936-05-16,1936,"The New Yorker May 16, 1936",,"https://media.newyorker.com/photos/59094eab1c7a8e33fb389b4c/master/w_1600,c_limit/1936_05_16.jpg",https://www.newyorker.com/magazine/1936/05/16,covers/1936/1936-05-16.jpg,574547,ok
1936-05-23,1936,"The New Yorker May 23, 1936",,"https://media.newyorker.com/photos/59094eabebe912338a372058/master/w_1600,c_limit/1936_05_23.jpg",https://www.newyorker.com/magazine/1936/05/23,covers/1936/1936-05-23.jpg,711009,ok
1936-05-30,1936,"The New Yorker May 30, 1936",,"https://media.newyorker.com/photos/59094eac2179605b11ad27d6/master/w_1600,c_limit/1936_05_30.jpg",https://www.newyorker.com/magazine/1936/05/30,covers/1936/1936-05-30.jpg,345657,ok
1936-06-06,1936,"The New Yorker June 6, 1936",,"https://media.newyorker.com/photos/59094ead6552fa0be682b4e9/master/w_1600,c_limit/1936_06_06.jpg",https://www.newyorker.com/magazine/1936/06/06,covers/1936/1936-06-06.jpg,471260,ok
1936-06-13,1936,"The New Yorker June 13, 1936",,"https://media.newyorker.com/photos/59094eaeebe912338a37205c/master/w_1600,c_limit/1936_06_13.jpg",https://www.newyorker.com/magazine/1936/06/13,covers/1936/1936-06-13.jpg,483594,ok
1936-06-20,1936,"The New Yorker June 20, 1936",,"https://media.newyorker.com/photos/59094eaf6552fa0be682b4f1/master/w_1600,c_limit/1936_06_20.jpg",https://www.newyorker.com/magazine/1936/06/20,covers/1936/1936-06-20.jpg,514770,ok
1936-06-27,1936,"The New Yorker June 27, 1936",,"https://media.newyorker.com/photos/59094eaf019dfc3494e9d1fd/master/w_1600,c_limit/1936_06_27.jpg",https://www.newyorker.com/magazine/1936/06/27,covers/1936/1936-06-27.jpg,366644,ok
1936-07-04,1936,"The New Yorker July 4, 1936",,"https://media.newyorker.com/photos/594724bba1a54d504e5ddacf/master/w_1600,c_limit/1936_07_04.jpg",https://www.newyorker.com/magazine/1936/07/04,covers/1936/1936-07-04.jpg,671735,ok
1936-07-11,1936,"The New Yorker July 11, 1936",,"https://media.newyorker.com/photos/59094eac6552fa0be682b4e7/master/w_1600,c_limit/1936_07_11.jpg",https://www.newyorker.com/magazine/1936/07/11,covers/1936/1936-07-11.jpg,475036,ok
1936-07-18,1936,"The New Yorker July 18, 1936",,"https://media.newyorker.com/photos/59094ead1c7a8e33fb389b50/master/w_1600,c_limit/1936_07_18.jpg",https://www.newyorker.com/magazine/1936/07/18,covers/1936/1936-07-18.jpg,529332,ok
1936-07-25,1936,"The New Yorker July 25, 1936",,"https://media.newyorker.com/photos/59094ead6552fa0be682b4eb/master/w_1600,c_limit/1936_07_25.jpg",https://www.newyorker.com/magazine/1936/07/25,covers/1936/1936-07-25.jpg,566139,ok
1936-08-01,1936,"The New Yorker August 1, 1936",,"https://media.newyorker.com/photos/59094eae019dfc3494e9d1f9/master/w_1600,c_limit/1936_08_01.jpg",https://www.newyorker.com/magazine/1936/08/01,covers/1936/1936-08-01.jpg,356609,ok
1936-08-08,1936,"The New Yorker August 8, 1936",,"https://media.newyorker.com/photos/59094eaf1c7a8e33fb389b52/master/w_1600,c_limit/1936_08_08.jpg",https://www.newyorker.com/magazine/1936/08/08,covers/1936/1936-08-08.jpg,583859,ok
1936-08-15,1936,"The New Yorker August 15, 1936",,"https://media.newyorker.com/photos/59094eaf1c7a8e33fb389b54/master/w_1600,c_limit/1936_08_15.jpg",https://www.newyorker.com/magazine/1936/08/15,covers/1936/1936-08-15.jpg,616600,ok
1936-08-22,1936,"The New Yorker August 22, 1936",,"https://media.newyorker.com/photos/59094eb02179605b11ad27da/master/w_1600,c_limit/1936_08_22.jpg",https://www.newyorker.com/magazine/1936/08/22,covers/1936/1936-08-22.jpg,671046,ok
1936-08-29,1936,"The New Yorker August 29, 1936",,"https://media.newyorker.com/photos/59094eb12179605b11ad27de/master/w_1600,c_limit/1936_08_29.jpg",https://www.newyorker.com/magazine/1936/08/29,covers/1936/1936-08-29.jpg,601547,ok
1936-09-05,1936,"The New Yorker September 5, 1936",,"https://media.newyorker.com/photos/59094eb2019dfc3494e9d203/master/w_1600,c_limit/1936_09_05.jpg",https://www.newyorker.com/magazine/1936/09/05,covers/1936/1936-09-05.jpg,454493,ok
1936-09-12,1936,"The New Yorker September 12, 1936",,"https://media.newyorker.com/photos/59094eb21c7a8e33fb389b58/master/w_1600,c_limit/1936_09_12.jpg",https://www.newyorker.com/magazine/1936/09/12,covers/1936/1936-09-12.jpg,481933,ok
1936-09-19,1936,"The New Yorker September 19, 1936",,"https://media.newyorker.com/photos/59094eae6552fa0be682b4ed/master/w_1600,c_limit/1936_09_19.jpg",https://www.newyorker.com/magazine/1936/09/19,covers/1936/1936-09-19.jpg,694060,ok
1936-09-26,1936,"The New Yorker September 26, 1936",,"https://media.newyorker.com/photos/59094eaec14b3c606c1030b0/master/w_1600,c_limit/1936_09_26.jpg",https://www.newyorker.com/magazine/1936/09/26,covers/1936/1936-09-26.jpg,667350,ok
1936-10-03,1936,"The New Yorker October 3, 1936",,"https://media.newyorker.com/photos/59094eafebe912338a37205e/master/w_1600,c_limit/1936_10_03.jpg",https://www.newyorker.com/magazine/1936/10/03,covers/1936/1936-10-03.jpg,578167,ok
1936-10-10,1936,"The New Yorker October 10, 1936",,"https://media.newyorker.com/photos/59094eb0019dfc3494e9d201/master/w_1600,c_limit/1936_10_10.jpg",https://www.newyorker.com/magazine/1936/10/10,covers/1936/1936-10-10.jpg,540813,ok
1936-10-17,1936,"The New Yorker October 17, 1936",,"https://media.newyorker.com/photos/59094eb1ebe912338a372060/master/w_1600,c_limit/1936_10_17.jpg",https://www.newyorker.com/magazine/1936/10/17,covers/1936/1936-10-17.jpg,686598,ok
1936-10-24,1936,"The New Yorker October 24, 1936",,"https://media.newyorker.com/photos/59094eb1ebe912338a372062/master/w_1600,c_limit/1936_10_24.jpg",https://www.newyorker.com/magazine/1936/10/24,covers/1936/1936-10-24.jpg,510289,ok
1936-10-31,1936,"The New Yorker October 31, 1936",,"https://media.newyorker.com/photos/59094eb26552fa0be682b4fa/master/w_1600,c_limit/1936_10_31.jpg",https://www.newyorker.com/magazine/1936/10/31,covers/1936/1936-10-31.jpg,728437,ok
1936-11-07,1936,"The New Yorker November 7, 1936",,"https://media.newyorker.com/photos/59094eb31c7a8e33fb389b5a/master/w_1600,c_limit/1936_11_07.jpg",https://www.newyorker.com/magazine/1936/11/07,covers/1936/1936-11-07.jpg,554851,ok
1936-11-14,1936,"The New Yorker November 14, 1936",,"https://media.newyorker.com/photos/59094eb4c14b3c606c1030b4/master/w_1600,c_limit/1936_11_14.jpg",https://www.newyorker.com/magazine/1936/11/14,covers/1936/1936-11-14.jpg,553986,ok
1936-11-21,1936,"The New Yorker November 21, 1936",,"https://media.newyorker.com/photos/59094eb5019dfc3494e9d210/master/w_1600,c_limit/1936_11_21.jpg",https://www.newyorker.com/magazine/1936/11/21,covers/1936/1936-11-21.jpg,545527,ok
1936-11-28,1936,"The New Yorker November 28, 1936",,"https://media.newyorker.com/photos/59094eb02179605b11ad27dc/master/w_1600,c_limit/1936_11_28.jpg",https://www.newyorker.com/magazine/1936/11/28,covers/1936/1936-11-28.jpg,635004,ok
1936-12-05,1936,"The New Yorker December 5, 1936",,"https://media.newyorker.com/photos/59094eb16552fa0be682b4f7/master/w_1600,c_limit/1936_12_05.jpg",https://www.newyorker.com/magazine/1936/12/05,covers/1936/1936-12-05.jpg,593044,ok
1936-12-12,1936,"The New Yorker December 12, 1936",,"https://media.newyorker.com/photos/59094eb2019dfc3494e9d206/master/w_1600,c_limit/1936_12_12.jpg",https://www.newyorker.com/magazine/1936/12/12,covers/1936/1936-12-12.jpg,642501,ok
1936-12-19,1936,"The New Yorker December 19, 1936",,"https://media.newyorker.com/photos/59094eb26552fa0be682b4fb/master/w_1600,c_limit/1936_12_19.jpg",https://www.newyorker.com/magazine/1936/12/19,covers/1936/1936-12-19.jpg,485425,ok
1936-12-26,1936,"The New Yorker December 26, 1936",,"https://media.newyorker.com/photos/59094eb36552fa0be682b4fd/master/w_1600,c_limit/1936_12_26.jpg",https://www.newyorker.com/magazine/1936/12/26,covers/1936/1936-12-26.jpg,599302,ok
1937-01-02,1937,"The New Yorker January 2, 1937",,"https://media.newyorker.com/photos/59094eb4019dfc3494e9d20d/master/w_1600,c_limit/1937_01_02.jpg",https://www.newyorker.com/magazine/1937/01/02,covers/1937/1937-01-02.jpg,575321,ok
1937-01-09,1937,"The New Yorker January 9, 1937",,"https://media.newyorker.com/photos/59094eb5019dfc3494e9d211/master/w_1600,c_limit/1937_01_09.jpg",https://www.newyorker.com/magazine/1937/01/09,covers/1937/1937-01-09.jpg,658256,ok
1937-01-16,1937,"The New Yorker January 16, 1937",,"https://media.newyorker.com/photos/59094eb5019dfc3494e9d215/master/w_1600,c_limit/1937_01_16.jpg",https://www.newyorker.com/magazine/1937/01/16,covers/1937/1937-01-16.jpg,721636,ok
1937-01-23,1937,"The New Yorker January 23, 1937",,"https://media.newyorker.com/photos/59094eb62179605b11ad27e2/master/w_1600,c_limit/1937_01_23.jpg",https://www.newyorker.com/magazine/1937/01/23,covers/1937/1937-01-23.jpg,635541,ok
1937-01-30,1937,"The New Yorker January 30, 1937",,"https://media.newyorker.com/photos/59094eb72179605b11ad27e6/master/w_1600,c_limit/1937_01_30.jpg",https://www.newyorker.com/magazine/1937/01/30,covers/1937/1937-01-30.jpg,577151,ok
1937-02-06,1937,"The New Yorker February 6, 1937",,"https://media.newyorker.com/photos/59094eb21c7a8e33fb389b56/master/w_1600,c_limit/1937_02_06.jpg",https://www.newyorker.com/magazine/1937/02/06,covers/1937/1937-02-06.jpg,608039,ok
1937-02-13,1937,"The New Yorker February 13, 1937",,"https://media.newyorker.com/photos/59094eb2c14b3c606c1030b2/master/w_1600,c_limit/1937_02_13.jpg",https://www.newyorker.com/magazine/1937/02/13,covers/1937/1937-02-13.jpg,466118,ok
1937-02-20,1937,"The New Yorker February 20, 1937",,"https://media.newyorker.com/photos/59094eb3019dfc3494e9d209/master/w_1600,c_limit/1937_02_20.jpg",https://www.newyorker.com/magazine/1937/02/20,covers/1937/1937-02-20.jpg,374815,ok
1937-02-27,1937,"The New Yorker February 27, 1937",,"https://media.newyorker.com/photos/59094eb46552fa0be682b4ff/master/w_1600,c_limit/1937_02_27.jpg",https://www.newyorker.com/magazine/1937/02/27,covers/1937/1937-02-27.jpg,360500,ok
1937-03-06,1937,"The New Yorker March 6, 1937",,"https://media.newyorker.com/photos/59094eb41c7a8e33fb389b5c/master/w_1600,c_limit/1937_03_06.jpg",https://www.newyorker.com/magazine/1937/03/06,covers/1937/1937-03-06.jpg,514325,ok
1937-03-13,1937,"The New Yorker March 13, 1937",,"https://media.newyorker.com/photos/59094eb56552fa0be682b503/master/w_1600,c_limit/1937_03_13.jpg",https://www.newyorker.com/magazine/1937/03/13,covers/1937/1937-03-13.jpg,541820,ok
1937-03-20,1937,"The New Yorker March 20, 1937",,"https://media.newyorker.com/photos/59094eb6c14b3c606c1030b6/master/w_1600,c_limit/1937_03_20.jpg",https://www.newyorker.com/magazine/1937/03/20,covers/1937/1937-03-20.jpg,574070,ok
1937-03-27,1937,"The New Yorker March 27, 1937",,"https://media.newyorker.com/photos/59094eb66552fa0be682b505/master/w_1600,c_limit/1937_03_27.jpg",https://www.newyorker.com/magazine/1937/03/27,covers/1937/1937-03-27.jpg,397731,ok
1937-04-03,1937,"The New Yorker April 3, 1937",,"https://media.newyorker.com/photos/59094eb72179605b11ad27e5/master/w_1600,c_limit/1937_04_03.jpg",https://www.newyorker.com/magazine/1937/04/03,covers/1937/1937-04-03.jpg,654002,ok
1937-04-10,1937,"The New Yorker April 10, 1937",,"https://media.newyorker.com/photos/59094eb8c14b3c606c1030b8/master/w_1600,c_limit/1937_04_10.jpg",https://www.newyorker.com/magazine/1937/04/10,covers/1937/1937-04-10.jpg,520316,ok
1937-04-17,1937,"The New Yorker April 17, 1937",,"https://media.newyorker.com/photos/59094eb2019dfc3494e9d207/master/w_1600,c_limit/1937_04_17.jpg",https://www.newyorker.com/magazine/1937/04/17,covers/1937/1937-04-17.jpg,366847,ok
1937-04-24,1937,"The New Yorker April 24, 1937",,"https://media.newyorker.com/photos/59094eb3ebe912338a372064/master/w_1600,c_limit/1937_04_24.jpg",https://www.newyorker.com/magazine/1937/04/24,covers/1937/1937-04-24.jpg,625382,ok
1937-05-01,1937,"The New Yorker May 1, 1937",,"https://media.newyorker.com/photos/59094eb3019dfc3494e9d20b/master/w_1600,c_limit/1937_05_01.jpg",https://www.newyorker.com/magazine/1937/05/01,covers/1937/1937-05-01.jpg,451801,ok
1937-05-08,1937,"The New Yorker May 8, 1937",,"https://media.newyorker.com/photos/59094eb46552fa0be682b501/master/w_1600,c_limit/1937_05_08.jpg",https://www.newyorker.com/magazine/1937/05/08,covers/1937/1937-05-08.jpg,339522,ok
1937-05-15,1937,"The New Yorker May 15, 1937",,"https://media.newyorker.com/photos/59094eb5ebe912338a372067/master/w_1600,c_limit/1937_05_15.jpg",https://www.newyorker.com/magazine/1937/05/15,covers/1937/1937-05-15.jpg,649829,ok
1937-05-22,1937,"The New Yorker May 22, 1937",,"https://media.newyorker.com/photos/59094eb5019dfc3494e9d216/master/w_1600,c_limit/1937_05_22.jpg",https://www.newyorker.com/magazine/1937/05/22,covers/1937/1937-05-22.jpg,650312,ok
1937-05-29,1937,"The New Yorker May 29, 1937",,"https://media.newyorker.com/photos/59094eb6ebe912338a37206a/master/w_1600,c_limit/1937_05_29.jpg",https://www.newyorker.com/magazine/1937/05/29,covers/1937/1937-05-29.jpg,625808,ok
1937-06-05,1937,"The New Yorker June 5, 1937",,"https://media.newyorker.com/photos/59094eb7019dfc3494e9d219/master/w_1600,c_limit/1937_06_05.jpg",https://www.newyorker.com/magazine/1937/06/05,covers/1937/1937-06-05.jpg,479386,ok
1937-06-12,1937,"The New Yorker June 12, 1937",,"https://media.newyorker.com/photos/59094eb86552fa0be682b50a/master/w_1600,c_limit/1937_06_12.jpg",https://www.newyorker.com/magazine/1937/06/12,covers/1937/1937-06-12.jpg,346835,ok
1937-06-19,1937,"The New Yorker June 19, 1937",,"https://media.newyorker.com/photos/59094eb81c7a8e33fb389b60/master/w_1600,c_limit/1937_06_19.jpg",https://www.newyorker.com/magazine/1937/06/19,covers/1937/1937-06-19.jpg,557217,ok
1937-06-26,1937,"The New Yorker June 26, 1937",,"https://media.newyorker.com/photos/59094eb42179605b11ad27e0/master/w_1600,c_limit/1937_06_26.jpg",https://www.newyorker.com/magazine/1937/06/26,covers/1937/1937-06-26.jpg,640203,ok
1937-07-03,1937,"The New Yorker July 3, 1937",,"https://media.newyorker.com/photos/59094eb5ebe912338a372068/master/w_1600,c_limit/1937_07_03.jpg",https://www.newyorker.com/magazine/1937/07/03,covers/1937/1937-07-03.jpg,572507,ok
1937-07-10,1937,"The New Yorker July 10, 1937",,"https://media.newyorker.com/photos/59094eb6019dfc3494e9d217/master/w_1600,c_limit/1937_07_10.jpg",https://www.newyorker.com/magazine/1937/07/10,covers/1937/1937-07-10.jpg,773330,ok
1937-07-17,1937,"The New Yorker July 17, 1937",,"https://media.newyorker.com/photos/59094eb86552fa0be682b50b/master/w_1600,c_limit/1937_07_17.jpg",https://www.newyorker.com/magazine/1937/07/17,covers/1937/1937-07-17.jpg,484157,ok
1937-07-24,1937,"The New Yorker July 24, 1937",,"https://media.newyorker.com/photos/59094eb92179605b11ad27ea/master/w_1600,c_limit/1937_07_24.jpg",https://www.newyorker.com/magazine/1937/07/24,covers/1937/1937-07-24.jpg,442150,ok
1937-07-31,1937,"The New Yorker July 31, 1937",,"https://media.newyorker.com/photos/59094ebaebe912338a372072/master/w_1600,c_limit/1937_07_31.jpg",https://www.newyorker.com/magazine/1937/07/31,covers/1937/1937-07-31.jpg,507344,ok
1937-08-07,1937,"The New Yorker August 7, 1937",,"https://media.newyorker.com/photos/59094ebbc14b3c606c1030be/master/w_1600,c_limit/1937_08_07.jpg",https://www.newyorker.com/magazine/1937/08/07,covers/1937/1937-08-07.jpg,1226604,ok
1937-08-14,1937,"The New Yorker August 14, 1937",,"https://media.newyorker.com/photos/59094ebbc14b3c606c1030c0/master/w_1600,c_limit/1937_08_14.jpg",https://www.newyorker.com/magazine/1937/08/14,covers/1937/1937-08-14.jpg,475885,ok
1937-08-21,1937,"The New Yorker August 21, 1937",,"https://media.newyorker.com/photos/59094ebc1c7a8e33fb389b68/master/w_1600,c_limit/1937_08_21.jpg",https://www.newyorker.com/magazine/1937/08/21,covers/1937/1937-08-21.jpg,537597,ok
1937-08-28,1937,"The New Yorker August 28, 1937",,"https://media.newyorker.com/photos/59094ebd1c7a8e33fb389b6c/master/w_1600,c_limit/1937_08_28.jpg",https://www.newyorker.com/magazine/1937/08/28,covers/1937/1937-08-28.jpg,445806,ok
1937-09-04,1937,"The New Yorker September 4, 1937",,"https://media.newyorker.com/photos/59094eb61c7a8e33fb389b5e/master/w_1600,c_limit/1937_09_04.jpg",https://www.newyorker.com/magazine/1937/09/04,covers/1937/1937-09-04.jpg,600674,ok
1937-09-11,1937,"The New Yorker September 11, 1937",,"https://media.newyorker.com/photos/59094eb76552fa0be682b507/master/w_1600,c_limit/1937_09_11.jpg",https://www.newyorker.com/magazine/1937/09/11,covers/1937/1937-09-11.jpg,299913,ok
1937-09-18,1937,"The New Yorker September 18, 1937",,"https://media.newyorker.com/photos/59094eb72179605b11ad27e8/master/w_1600,c_limit/1937_09_18.jpg",https://www.newyorker.com/magazine/1937/09/18,covers/1937/1937-09-18.jpg,353457,ok
1937-09-25,1937,"The New Yorker September 25, 1937",,"https://media.newyorker.com/photos/59094eb8ebe912338a37206c/master/w_1600,c_limit/1937_09_25.jpg",https://www.newyorker.com/magazine/1937/09/25,covers/1937/1937-09-25.jpg,538223,ok
1937-10-02,1937,"The New Yorker October 2, 1937",,"https://media.newyorker.com/photos/59094eb9ebe912338a37206e/master/w_1600,c_limit/1937_10_02.jpg",https://www.newyorker.com/magazine/1937/10/02,covers/1937/1937-10-02.jpg,594669,ok
1937-10-09,1937,"The New Yorker October 9, 1937",,"https://media.newyorker.com/photos/59094eba1c7a8e33fb389b62/master/w_1600,c_limit/1937_10_09.jpg",https://www.newyorker.com/magazine/1937/10/09,covers/1937/1937-10-09.jpg,655085,ok
1937-10-16,1937,"The New Yorker October 16, 1937",,"https://media.newyorker.com/photos/59094ebac14b3c606c1030bc/master/w_1600,c_limit/1937_10_16.jpg",https://www.newyorker.com/magazine/1937/10/16,covers/1937/1937-10-16.jpg,626364,ok
1937-10-23,1937,"The New Yorker October 23, 1937",,"https://media.newyorker.com/photos/59094ebb1c7a8e33fb389b66/master/w_1600,c_limit/1937_10_23.jpg",https://www.newyorker.com/magazine/1937/10/23,covers/1937/1937-10-23.jpg,697322,ok
1937-10-30,1937,"The New Yorker October 30, 1937",,"https://media.newyorker.com/photos/59094ebcebe912338a372078/master/w_1600,c_limit/1937_10_30.jpg",https://www.newyorker.com/magazine/1937/10/30,covers/1937/1937-10-30.jpg,603056,ok
1937-11-06,1937,"The New Yorker November 6, 1937",,"https://media.newyorker.com/photos/59094ebd6552fa0be682b513/master/w_1600,c_limit/1937_11_06.jpg",https://www.newyorker.com/magazine/1937/11/06,covers/1937/1937-11-06.jpg,610294,ok
1937-11-13,1937,"The New Yorker November 13, 1937",,"https://media.newyorker.com/photos/59094eb96552fa0be682b50d/master/w_1600,c_limit/1937_11_13.jpg",https://www.newyorker.com/magazine/1937/11/13,covers/1937/1937-11-13.jpg,458134,ok
1937-11-20,1937,"The New Yorker November 20, 1937",,"https://media.newyorker.com/photos/59094eb9c14b3c606c1030ba/master/w_1600,c_limit/1937_11_20.jpg",https://www.newyorker.com/magazine/1937/11/20,covers/1937/1937-11-20.jpg,588469,ok
1937-11-27,1937,"The New Yorker November 27, 1937",,"https://media.newyorker.com/photos/59094eba019dfc3494e9d21c/master/w_1600,c_limit/1937_11_27.jpg",https://www.newyorker.com/magazine/1937/11/27,covers/1937/1937-11-27.jpg,532929,ok
1937-12-04,1937,"The New Yorker December 4, 1937",,"https://media.newyorker.com/photos/59094ebb019dfc3494e9d221/master/w_1600,c_limit/1937_12_04.jpg",https://www.newyorker.com/magazine/1937/12/04,covers/1937/1937-12-04.jpg,700229,ok
1937-12-11,1937,"The New Yorker December 11, 1937",,"https://media.newyorker.com/photos/59094ebb019dfc3494e9d223/master/w_1600,c_limit/1937_12_11.jpg",https://www.newyorker.com/magazine/1937/12/11,covers/1937/1937-12-11.jpg,440264,ok
1937-12-18,1937,"The New Yorker December 18, 1937",,"https://media.newyorker.com/photos/59094ebc019dfc3494e9d225/master/w_1600,c_limit/1937_12_18.jpg",https://www.newyorker.com/magazine/1937/12/18,covers/1937/1937-12-18.jpg,552640,ok
1937-12-25,1937,"The New Yorker December 25, 1937",,"https://media.newyorker.com/photos/59094ebd1c7a8e33fb389b6a/master/w_1600,c_limit/1937_12_25.jpg",https://www.newyorker.com/magazine/1937/12/25,covers/1937/1937-12-25.jpg,601496,ok
1938-01-01,1938,"The New Yorker January 1, 1938",,"https://media.newyorker.com/photos/59094ebd2179605b11ad27f0/master/w_1600,c_limit/1938_01_01.jpg",https://www.newyorker.com/magazine/1938/01/01,covers/1938/1938-01-01.jpg,498438,ok
1938-01-08,1938,"The New Yorker January 8, 1938",,"https://media.newyorker.com/photos/59094ebe1c7a8e33fb389b6e/master/w_1600,c_limit/1938_01_08.jpg",https://www.newyorker.com/magazine/1938/01/08,covers/1938/1938-01-08.jpg,611489,ok
1938-01-15,1938,"The New Yorker January 15, 1938",,"https://media.newyorker.com/photos/59094ebfebe912338a37207d/master/w_1600,c_limit/1938_01_15.jpg",https://www.newyorker.com/magazine/1938/01/15,covers/1938/1938-01-15.jpg,309451,ok
1938-01-22,1938,"The New Yorker January 22, 1938",,"https://media.newyorker.com/photos/59094eb9ebe912338a372070/master/w_1600,c_limit/1938_01_22.jpg",https://www.newyorker.com/magazine/1938/01/22,covers/1938/1938-01-22.jpg,432518,ok
1938-01-29,1938,"The New Yorker January 29, 1938",,"https://media.newyorker.com/photos/59094eba019dfc3494e9d21f/master/w_1600,c_limit/1938_01_29.jpg",https://www.newyorker.com/magazine/1938/01/29,covers/1938/1938-01-29.jpg,512089,ok
1938-02-05,1938,"The New Yorker February 5, 1938",,"https://media.newyorker.com/photos/59094ebb1c7a8e33fb389b65/master/w_1600,c_limit/1938_02_05.jpg",https://www.newyorker.com/magazine/1938/02/05,covers/1938/1938-02-05.jpg,681839,ok
1938-02-12,1938,"The New Yorker February 12, 1938",,"https://media.newyorker.com/photos/59094ebcc14b3c606c1030c2/master/w_1600,c_limit/1938_02_12.jpg",https://www.newyorker.com/magazine/1938/02/12,covers/1938/1938-02-12.jpg,582517,ok
1938-02-19,1938,"The New Yorker February 19, 1938",,"https://media.newyorker.com/photos/59094ebc6552fa0be682b511/master/w_1600,c_limit/1938_02_19.jpg",https://www.newyorker.com/magazine/1938/02/19,covers/1938/1938-02-19.jpg,347916,ok
1938-02-26,1938,"The New Yorker February 26, 1938",,"https://media.newyorker.com/photos/59094ebd2179605b11ad27ee/master/w_1600,c_limit/1938_02_26.jpg",https://www.newyorker.com/magazine/1938/02/26,covers/1938/1938-02-26.jpg,541726,ok
1938-03-05,1938,"The New Yorker March 5, 1938",,"https://media.newyorker.com/photos/59094ebe019dfc3494e9d227/master/w_1600,c_limit/1938_03_05.jpg",https://www.newyorker.com/magazine/1938/03/05,covers/1938/1938-03-05.jpg,721446,ok
1938-03-12,1938,"The New Yorker March 12, 1938",,"https://media.newyorker.com/photos/59094ebf019dfc3494e9d229/master/w_1600,c_limit/1938_03_12.jpg",https://www.newyorker.com/magazine/1938/03/12,covers/1938/1938-03-12.jpg,537764,ok
1938-03-19,1938,"The New Yorker March 19, 1938",,"https://media.newyorker.com/photos/59094ebf019dfc3494e9d22d/master/w_1600,c_limit/1938_03_19.jpg",https://www.newyorker.com/magazine/1938/03/19,covers/1938/1938-03-19.jpg,671212,ok
1938-03-26,1938,"The New Yorker March 26, 1938",,"https://media.newyorker.com/photos/59094ec02179605b11ad27f4/master/w_1600,c_limit/1938_03_26.jpg",https://www.newyorker.com/magazine/1938/03/26,covers/1938/1938-03-26.jpg,541709,ok
1938-04-02,1938,"The New Yorker April 2, 1938",,"https://media.newyorker.com/photos/59094eba019dfc3494e9d21e/master/w_1600,c_limit/1938_04_02.jpg",https://www.newyorker.com/magazine/1938/04/02,covers/1938/1938-04-02.jpg,799236,ok
1938-04-09,1938,"The New Yorker April 9, 1938",,"https://media.newyorker.com/photos/59094ebbebe912338a372074/master/w_1600,c_limit/1938_04_09.jpg",https://www.newyorker.com/magazine/1938/04/09,covers/1938/1938-04-09.jpg,496677,ok
1938-04-16,1938,"The New Yorker April 16, 1938",,"https://media.newyorker.com/photos/59094ebbebe912338a372076/master/w_1600,c_limit/1938_04_16.jpg",https://www.newyorker.com/magazine/1938/04/16,covers/1938/1938-04-16.jpg,496224,ok
1938-04-23,1938,"The New Yorker April 23, 1938",,"https://media.newyorker.com/photos/59094ebc6552fa0be682b50f/master/w_1600,c_limit/1938_04_23.jpg",https://www.newyorker.com/magazine/1938/04/23,covers/1938/1938-04-23.jpg,585712,ok
1938-04-30,1938,"The New Yorker April 30, 1938",,"https://media.newyorker.com/photos/59094ebd2179605b11ad27ec/master/w_1600,c_limit/1938_04_30.jpg",https://www.newyorker.com/magazine/1938/04/30,covers/1938/1938-04-30.jpg,468374,ok
1938-05-07,1938,"The New Yorker May 7, 1938",,"https://media.newyorker.com/photos/59094ebdc14b3c606c1030c4/master/w_1600,c_limit/1938_05_07.jpg",https://www.newyorker.com/magazine/1938/05/07,covers/1938/1938-05-07.jpg,520060,ok
1938-05-14,1938,"The New Yorker May 14, 1938",,"https://media.newyorker.com/photos/59094ebec14b3c606c1030c6/master/w_1600,c_limit/1938_05_14.jpg",https://www.newyorker.com/magazine/1938/05/14,covers/1938/1938-05-14.jpg,521121,ok
1938-05-21,1938,"The New Yorker May 21, 1938",,"https://media.newyorker.com/photos/59094ebfebe912338a37207e/master/w_1600,c_limit/1938_05_21.jpg",https://www.newyorker.com/magazine/1938/05/21,covers/1938/1938-05-21.jpg,376915,ok
1938-05-28,1938,"The New Yorker May 28, 1938",,"https://media.newyorker.com/photos/59094ec0ebe912338a372080/master/w_1600,c_limit/1938_05_28.jpg",https://www.newyorker.com/magazine/1938/05/28,covers/1938/1938-05-28.jpg,560229,ok
1938-06-04,1938,"The New Yorker June 4, 1938",,"https://media.newyorker.com/photos/59094ec01c7a8e33fb389b72/master/w_1600,c_limit/1938_06_04.jpg",https://www.newyorker.com/magazine/1938/06/04,covers/1938/1938-06-04.jpg,562702,ok
1938-06-11,1938,"The New Yorker June 11, 1938",,"https://media.newyorker.com/photos/59094ebeebe912338a37207a/master/w_1600,c_limit/1938_06_11.jpg",https://www.newyorker.com/magazine/1938/06/11,covers/1938/1938-06-11.jpg,588391,ok
1938-06-18,1938,"The New Yorker June 18, 1938",,"https://media.newyorker.com/photos/59094ebf2179605b11ad27f2/master/w_1600,c_limit/1938_06_18.jpg",https://www.newyorker.com/magazine/1938/06/18,covers/1938/1938-06-18.jpg,569906,ok
1938-06-25,1938,"The New Yorker June 25, 1938",,"https://media.newyorker.com/photos/59094ec06552fa0be682b515/master/w_1600,c_limit/1938_06_25.jpg",https://www.newyorker.com/magazine/1938/06/25,covers/1938/1938-06-25.jpg,634879,ok
1938-07-02,1938,"The New Yorker July 2, 1938",,"https://media.newyorker.com/photos/59094ec1019dfc3494e9d22f/master/w_1600,c_limit/1938_07_02.jpg",https://www.newyorker.com/magazine/1938/07/02,covers/1938/1938-07-02.jpg,320642,ok
1938-07-09,1938,"The New Yorker July 9, 1938",,"https://media.newyorker.com/photos/59094ec22179605b11ad27f6/master/w_1600,c_limit/1938_07_09.jpg",https://www.newyorker.com/magazine/1938/07/09,covers/1938/1938-07-09.jpg,534969,ok
1938-07-16,1938,"The New Yorker July 16, 1938",,"https://media.newyorker.com/photos/59094ec2019dfc3494e9d234/master/w_1600,c_limit/1938_07_16.jpg",https://www.newyorker.com/magazine/1938/07/16,covers/1938/1938-07-16.jpg,547688,ok
1938-07-23,1938,"The New Yorker July 23, 1938",,"https://media.newyorker.com/photos/59094ec3ebe912338a372084/master/w_1600,c_limit/1938_07_23.jpg",https://www.newyorker.com/magazine/1938/07/23,covers/1938/1938-07-23.jpg,375658,ok
1938-07-30,1938,"The New Yorker July 30, 1938",,"https://media.newyorker.com/photos/59094ec4c14b3c606c1030d0/master/w_1600,c_limit/1938_07_30.jpg",https://www.newyorker.com/magazine/1938/07/30,covers/1938/1938-07-30.jpg,351540,ok
1938-08-06,1938,"The New Yorker August 6, 1938",,"https://media.newyorker.com/photos/59094ec5ebe912338a372086/master/w_1600,c_limit/1938_08_06.jpg",https://www.newyorker.com/magazine/1938/08/06,covers/1938/1938-08-06.jpg,625061,ok
1938-08-13,1938,"The New Yorker August 13, 1938",,"https://media.newyorker.com/photos/59094ec56552fa0be682b51f/master/w_1600,c_limit/1938_08_13.jpg",https://www.newyorker.com/magazine/1938/08/13,covers/1938/1938-08-13.jpg,323318,ok
1938-08-20,1938,"The New Yorker August 20, 1938",,"https://media.newyorker.com/photos/59094ebf019dfc3494e9d22b/master/w_1600,c_limit/1938_08_20.jpg",https://www.newyorker.com/magazine/1938/08/20,covers/1938/1938-08-20.jpg,565755,ok
1938-08-27,1938,"The New Yorker August 27, 1938",,"https://media.newyorker.com/photos/59094ec01c7a8e33fb389b70/master/w_1600,c_limit/1938_08_27.jpg",https://www.newyorker.com/magazine/1938/08/27,covers/1938/1938-08-27.jpg,324310,ok
1938-09-03,1938,"The New Yorker September 3, 1938",,"https://media.newyorker.com/photos/59094ec1c14b3c606c1030ca/master/w_1600,c_limit/1938_09_03.jpg",https://www.newyorker.com/magazine/1938/09/03,covers/1938/1938-09-03.jpg,598524,ok
1938-09-10,1938,"The New Yorker September 10, 1938",,"https://media.newyorker.com/photos/59094ec2ebe912338a372082/master/w_1600,c_limit/1938_09_10.jpg",https://www.newyorker.com/magazine/1938/09/10,covers/1938/1938-09-10.jpg,566632,ok
1938-09-17,1938,"The New Yorker September 17, 1938",,"https://media.newyorker.com/photos/59094ec26552fa0be682b51b/master/w_1600,c_limit/1938_09_17.jpg",https://www.newyorker.com/magazine/1938/09/17,covers/1938/1938-09-17.jpg,631386,ok
1938-09-24,1938,"The New Yorker September 24, 1938",,"https://media.newyorker.com/photos/59094ec32179605b11ad27fa/master/w_1600,c_limit/1938_09_24.jpg",https://www.newyorker.com/magazine/1938/09/24,covers/1938/1938-09-24.jpg,323712,ok
1938-10-01,1938,"The New Yorker October 1, 1938",,"https://media.newyorker.com/photos/59094ec41c7a8e33fb389b76/master/w_1600,c_limit/1938_10_01.jpg",https://www.newyorker.com/magazine/1938/10/01,covers/1938/1938-10-01.jpg,536540,ok
1938-10-08,1938,"The New Yorker October 8, 1938",,"https://media.newyorker.com/photos/59094ec51c7a8e33fb389b7a/master/w_1600,c_limit/1938_10_08.jpg",https://www.newyorker.com/magazine/1938/10/08,covers/1938/1938-10-08.jpg,553118,ok
1938-10-15,1938,"The New Yorker October 15, 1938",,"https://media.newyorker.com/photos/59094ec6019dfc3494e9d23d/master/w_1600,c_limit/1938_10_15.jpg",https://www.newyorker.com/magazine/1938/10/15,covers/1938/1938-10-15.jpg,378719,ok
1938-10-22,1938,"The New Yorker October 22, 1938",,"https://media.newyorker.com/photos/59094ec6c14b3c606c1030d6/master/w_1600,c_limit/1938_10_22.jpg",https://www.newyorker.com/magazine/1938/10/22,covers/1938/1938-10-22.jpg,529595,ok
1938-10-29,1938,"The New Yorker October 29, 1938",,"https://media.newyorker.com/photos/59094ec0c14b3c606c1030c9/master/w_1600,c_limit/1938_10_29.jpg",https://www.newyorker.com/magazine/1938/10/29,covers/1938/1938-10-29.jpg,556707,ok
1938-11-05,1938,"The New Yorker November 5, 1938",,"https://media.newyorker.com/photos/5947251537a8f26ebc924e19/master/w_1600,c_limit/1938_11_05.jpg",https://www.newyorker.com/magazine/1938/11/05,covers/1938/1938-11-05.jpg,651006,ok
1938-11-12,1938,"The New Yorker November 12, 1938",,"https://media.newyorker.com/photos/59094ec26552fa0be682b519/master/w_1600,c_limit/1938_11_12.jpg",https://www.newyorker.com/magazine/1938/11/12,covers/1938/1938-11-12.jpg,474669,ok
1938-11-19,1938,"The New Yorker November 19, 1938",,"https://media.newyorker.com/photos/59094ec3c14b3c606c1030cc/master/w_1600,c_limit/1938_11_19.jpg",https://www.newyorker.com/magazine/1938/11/19,covers/1938/1938-11-19.jpg,515663,ok
1938-11-26,1938,"The New Yorker November 26, 1938",,"https://media.newyorker.com/photos/59094ec3c14b3c606c1030ce/master/w_1600,c_limit/1938_11_26.jpg",https://www.newyorker.com/magazine/1938/11/26,covers/1938/1938-11-26.jpg,511083,ok
1938-12-03,1938,"The New Yorker December 3, 1938",,"https://media.newyorker.com/photos/59094ec4c14b3c606c1030d2/master/w_1600,c_limit/1938_12_03.jpg",https://www.newyorker.com/magazine/1938/12/03,covers/1938/1938-12-03.jpg,786763,ok
1938-12-10,1938,"The New Yorker December 10, 1938",,"https://media.newyorker.com/photos/59094ec5019dfc3494e9d23b/master/w_1600,c_limit/1938_12_10.jpg",https://www.newyorker.com/magazine/1938/12/10,covers/1938/1938-12-10.jpg,607638,ok
1938-12-17,1938,"The New Yorker December 17, 1938",,"https://media.newyorker.com/photos/59094ec61c7a8e33fb389b7e/master/w_1600,c_limit/1938_12_17.jpg",https://www.newyorker.com/magazine/1938/12/17,covers/1938/1938-12-17.jpg,489284,ok
1938-12-24,1938,"The New Yorker December 24, 1938",,"https://media.newyorker.com/photos/59094ec6c14b3c606c1030d8/master/w_1600,c_limit/1938_12_24.jpg",https://www.newyorker.com/magazine/1938/12/24,covers/1938/1938-12-24.jpg,477025,ok
1938-12-31,1938,"The New Yorker December 31, 1938",,"https://media.newyorker.com/photos/59094ec76552fa0be682b523/master/w_1600,c_limit/1938_12_31.jpg",https://www.newyorker.com/magazine/1938/12/31,covers/1938/1938-12-31.jpg,516239,ok
1939-01-07,1939,"The New Yorker January 7, 1939",,"https://media.newyorker.com/photos/59094ec2019dfc3494e9d231/master/w_1600,c_limit/1939_01_07.jpg",https://www.newyorker.com/magazine/1939/01/07,covers/1939/1939-01-07.jpg,931305,ok
1939-01-14,1939,"The New Yorker January 14, 1939",,"https://media.newyorker.com/photos/59094ec2019dfc3494e9d235/master/w_1600,c_limit/1939_01_14.jpg",https://www.newyorker.com/magazine/1939/01/14,covers/1939/1939-01-14.jpg,436631,ok
1939-01-21,1939,"The New Yorker January 21, 1939",,"https://media.newyorker.com/photos/59094ec32179605b11ad27f9/master/w_1600,c_limit/1939_01_21.jpg",https://www.newyorker.com/magazine/1939/01/21,covers/1939/1939-01-21.jpg,668660,ok
1939-01-28,1939,"The New Yorker January 28, 1939",,"https://media.newyorker.com/photos/59094ec46552fa0be682b51d/master/w_1600,c_limit/1939_01_28.jpg",https://www.newyorker.com/magazine/1939/01/28,covers/1939/1939-01-28.jpg,648506,ok
1939-02-04,1939,"The New Yorker February 4, 1939",,"https://media.newyorker.com/photos/59094ec51c7a8e33fb389b78/master/w_1600,c_limit/1939_02_04.jpg",https://www.newyorker.com/magazine/1939/02/04,covers/1939/1939-02-04.jpg,539554,ok
1939-02-11,1939,"The New Yorker February 11, 1939",,"https://media.newyorker.com/photos/59094ec5c14b3c606c1030d4/master/w_1600,c_limit/1939_02_11.jpg",https://www.newyorker.com/magazine/1939/02/11,covers/1939/1939-02-11.jpg,633039,ok
1939-02-18,1939,"The New Yorker February 18, 1939",,"https://media.newyorker.com/photos/59094ec62179605b11ad27fe/master/w_1600,c_limit/1939_02_18.jpg",https://www.newyorker.com/magazine/1939/02/18,covers/1939/1939-02-18.jpg,373301,ok
1939-02-25,1939,"The New Yorker February 25, 1939",,"https://media.newyorker.com/photos/59094ec71c7a8e33fb389b80/master/w_1600,c_limit/1939_02_25.jpg",https://www.newyorker.com/magazine/1939/02/25,covers/1939/1939-02-25.jpg,690574,ok
1939-03-04,1939,"The New Yorker March 4, 1939",,"https://media.newyorker.com/photos/59094ec86552fa0be682b526/master/w_1600,c_limit/1939_03_04.jpg",https://www.newyorker.com/magazine/1939/03/04,covers/1939/1939-03-04.jpg,651129,ok
1939-03-11,1939,"The New Yorker March 11, 1939",,"https://media.newyorker.com/photos/59094ec82179605b11ad2802/master/w_1600,c_limit/1939_03_11.jpg",https://www.newyorker.com/magazine/1939/03/11,covers/1939/1939-03-11.jpg,874342,ok
1939-03-18,1939,"The New Yorker March 18, 1939",,"https://media.newyorker.com/photos/59094ec21c7a8e33fb389b74/master/w_1600,c_limit/1939_03_18.jpg",https://www.newyorker.com/magazine/1939/03/18,covers/1939/1939-03-18.jpg,496485,ok
1939-03-25,1939,"The New Yorker March 25, 1939",,"https://media.newyorker.com/photos/59094ec3019dfc3494e9d237/master/w_1600,c_limit/1939_03_25.jpg",https://www.newyorker.com/magazine/1939/03/25,covers/1939/1939-03-25.jpg,593653,ok
1939-04-01,1939,"The New Yorker April 1, 1939",,"https://media.newyorker.com/photos/59094ec4019dfc3494e9d239/master/w_1600,c_limit/1939_04_01.jpg",https://www.newyorker.com/magazine/1939/04/01,covers/1939/1939-04-01.jpg,500805,ok
1939-04-08,1939,"The New Yorker April 8, 1939",,"https://media.newyorker.com/photos/59094ec52179605b11ad27fc/master/w_1600,c_limit/1939_04_08.jpg",https://www.newyorker.com/magazine/1939/04/08,covers/1939/1939-04-08.jpg,479871,ok
1939-04-15,1939,"The New Yorker April 15, 1939",,"https://media.newyorker.com/photos/59094ec51c7a8e33fb389b7c/master/w_1600,c_limit/1939_04_15.jpg",https://www.newyorker.com/magazine/1939/04/15,covers/1939/1939-04-15.jpg,573716,ok
1939-04-22,1939,"The New Yorker April 22, 1939",,"https://media.newyorker.com/photos/59094ec66552fa0be682b521/master/w_1600,c_limit/1939_04_22.jpg",https://www.newyorker.com/magazine/1939/04/22,covers/1939/1939-04-22.jpg,547101,ok
1939-04-29,1939,"The New Yorker April 29, 1939",,"https://media.newyorker.com/photos/59094ec72179605b11ad2800/master/w_1600,c_limit/1939_04_29.jpg",https://www.newyorker.com/magazine/1939/04/29,covers/1939/1939-04-29.jpg,378034,ok
1939-05-06,1939,"The New Yorker May 6, 1939",,"https://media.newyorker.com/photos/59094ec7c14b3c606c1030da/master/w_1600,c_limit/1939_05_06.jpg",https://www.newyorker.com/magazine/1939/05/06,covers/1939/1939-05-06.jpg,607304,ok
1939-05-13,1939,"The New Yorker May 13, 1939",,"https://media.newyorker.com/photos/59094ec8ebe912338a37208a/master/w_1600,c_limit/1939_05_13.jpg",https://www.newyorker.com/magazine/1939/05/13,covers/1939/1939-05-13.jpg,569500,ok
1939-05-20,1939,"The New Yorker May 20, 1939",,"https://media.newyorker.com/photos/59094ec96552fa0be682b529/master/w_1600,c_limit/1939_05_20.jpg",https://www.newyorker.com/magazine/1939/05/20,covers/1939/1939-05-20.jpg,606332,ok
1939-05-27,1939,"The New Yorker May 27, 1939",,"https://media.newyorker.com/photos/59094ec7ebe912338a372088/master/w_1600,c_limit/1939_05_27.jpg",https://www.newyorker.com/magazine/1939/05/27,covers/1939/1939-05-27.jpg,597381,ok
1939-06-03,1939,"The New Yorker June 3, 1939",,"https://media.newyorker.com/photos/59094ec86552fa0be682b527/master/w_1600,c_limit/1939_06_03.jpg",https://www.newyorker.com/magazine/1939/06/03,covers/1939/1939-06-03.jpg,455005,ok
1939-06-10,1939,"The New Yorker June 10, 1939",,"https://media.newyorker.com/photos/59094ec8ebe912338a37208c/master/w_1600,c_limit/1939_06_10.jpg",https://www.newyorker.com/magazine/1939/06/10,covers/1939/1939-06-10.jpg,764534,ok
1939-06-17,1939,"The New Yorker June 17, 1939",,"https://media.newyorker.com/photos/59094ec96552fa0be682b52b/master/w_1600,c_limit/1939_06_17.jpg",https://www.newyorker.com/magazine/1939/06/17,covers/1939/1939-06-17.jpg,680450,ok
1939-06-24,1939,"The New Yorker June 24, 1939",,"https://media.newyorker.com/photos/59094ecac14b3c606c1030de/master/w_1600,c_limit/1939_06_24.jpg",https://www.newyorker.com/magazine/1939/06/24,covers/1939/1939-06-24.jpg,832219,ok
1939-07-01,1939,"The New Yorker July 1, 1939",,"https://media.newyorker.com/photos/59094ecbebe912338a372091/master/w_1600,c_limit/1939_07_01.jpg",https://www.newyorker.com/magazine/1939/07/01,covers/1939/1939-07-01.jpg,543108,ok
1939-07-08,1939,"The New Yorker July 8, 1939",,"https://media.newyorker.com/photos/59094ecc6552fa0be682b52f/master/w_1600,c_limit/1939_07_08.jpg",https://www.newyorker.com/magazine/1939/07/08,covers/1939/1939-07-08.jpg,864137,ok
1939-07-15,1939,"The New Yorker July 15, 1939",,"https://media.newyorker.com/photos/59094eccc14b3c606c1030e2/master/w_1600,c_limit/1939_07_15.jpg",https://www.newyorker.com/magazine/1939/07/15,covers/1939/1939-07-15.jpg,582188,ok
1939-07-22,1939,"The New Yorker July 22, 1939",,"https://media.newyorker.com/photos/59094ecd6552fa0be682b533/master/w_1600,c_limit/1939_07_22.jpg",https://www.newyorker.com/magazine/1939/07/22,covers/1939/1939-07-22.jpg,470944,ok
1939-07-29,1939,"The New Yorker July 29, 1939",,"https://media.newyorker.com/photos/59094ece2179605b11ad280e/master/w_1600,c_limit/1939_07_29.jpg",https://www.newyorker.com/magazine/1939/07/29,covers/1939/1939-07-29.jpg,567238,ok
1939-08-05,1939,"The New Yorker August 5, 1939",,"https://media.newyorker.com/photos/59094ec81c7a8e33fb389b82/master/w_1600,c_limit/1939_08_05.jpg",https://www.newyorker.com/magazine/1939/08/05,covers/1939/1939-08-05.jpg,561893,ok
1939-08-12,1939,"The New Yorker August 12, 1939",,"https://media.newyorker.com/photos/59094ec9c14b3c606c1030dc/master/w_1600,c_limit/1939_08_12.jpg",https://www.newyorker.com/magazine/1939/08/12,covers/1939/1939-08-12.jpg,482558,ok
1939-08-19,1939,"The New Yorker August 19, 1939",,"https://media.newyorker.com/photos/59094eca019dfc3494e9d23f/master/w_1600,c_limit/1939_08_19.jpg",https://www.newyorker.com/magazine/1939/08/19,covers/1939/1939-08-19.jpg,567316,ok
1939-08-26,1939,"The New Yorker August 26, 1939",,"https://media.newyorker.com/photos/59094eca1c7a8e33fb389b84/master/w_1600,c_limit/1939_08_26.jpg",https://www.newyorker.com/magazine/1939/08/26,covers/1939/1939-08-26.jpg,487939,ok
1939-09-02,1939,"The New Yorker September 2, 1939",,"https://media.newyorker.com/photos/59094ecbebe912338a372092/master/w_1600,c_limit/1939_09_02.jpg",https://www.newyorker.com/magazine/1939/09/02,covers/1939/1939-09-02.jpg,718179,ok
1939-09-09,1939,"The New Yorker September 9, 1939",,"https://media.newyorker.com/photos/59094ecc2179605b11ad280b/master/w_1600,c_limit/1939_09_09.jpg",https://www.newyorker.com/magazine/1939/09/09,covers/1939/1939-09-09.jpg,358096,ok
1939-09-16,1939,"The New Yorker September 16, 1939",,"https://media.newyorker.com/photos/59094ecdebe912338a372097/master/w_1600,c_limit/1939_09_16.jpg",https://www.newyorker.com/magazine/1939/09/16,covers/1939/1939-09-16.jpg,597653,ok
1939-09-23,1939,"The New Yorker September 23, 1939",,"https://media.newyorker.com/photos/59094ecd6552fa0be682b535/master/w_1600,c_limit/1939_09_23.jpg",https://www.newyorker.com/magazine/1939/09/23,covers/1939/1939-09-23.jpg,497423,ok
1939-09-30,1939,"The New Yorker September 30, 1939",,"https://media.newyorker.com/photos/59094ece019dfc3494e9d247/master/w_1600,c_limit/1939_09_30.jpg",https://www.newyorker.com/magazine/1939/09/30,covers/1939/1939-09-30.jpg,366764,ok
1939-10-07,1939,"The New Yorker October 7, 1939",,"https://media.newyorker.com/photos/59094ecfc14b3c606c1030e8/master/w_1600,c_limit/1939_10_07.jpg",https://www.newyorker.com/magazine/1939/10/07,covers/1939/1939-10-07.jpg,618827,ok
1939-10-14,1939,"The New Yorker October 14, 1939",,"https://media.newyorker.com/photos/59094ec92179605b11ad2804/master/w_1600,c_limit/1939_10_14.jpg",https://www.newyorker.com/magazine/1939/10/14,covers/1939/1939-10-14.jpg,524255,ok
1939-10-21,1939,"The New Yorker October 21, 1939",,"https://media.newyorker.com/photos/59094ecaebe912338a37208e/master/w_1600,c_limit/1939_10_21.jpg",https://www.newyorker.com/magazine/1939/10/21,covers/1939/1939-10-21.jpg,476027,ok
1939-10-28,1939,"The New Yorker October 28, 1939",,"https://media.newyorker.com/photos/59094ecb019dfc3494e9d241/master/w_1600,c_limit/1939_10_28.jpg",https://www.newyorker.com/magazine/1939/10/28,covers/1939/1939-10-28.jpg,484742,ok
1939-11-04,1939,"The New Yorker November 4, 1939",,"https://media.newyorker.com/photos/59094ecc1c7a8e33fb389b88/master/w_1600,c_limit/1939_11_04.jpg",https://www.newyorker.com/magazine/1939/11/04,covers/1939/1939-11-04.jpg,542807,ok
1939-11-11,1939,"The New Yorker November 11, 1939",,"https://media.newyorker.com/photos/59094eccebe912338a372094/master/w_1600,c_limit/1939_11_11.jpg",https://www.newyorker.com/magazine/1939/11/11,covers/1939/1939-11-11.jpg,567121,ok
1939-11-18,1939,"The New Yorker November 18, 1939",,"https://media.newyorker.com/photos/59094ecd1c7a8e33fb389b8a/master/w_1600,c_limit/1939_11_18.jpg",https://www.newyorker.com/magazine/1939/11/18,covers/1939/1939-11-18.jpg,900838,ok
1939-11-25,1939,"The New Yorker November 25, 1939",,"https://media.newyorker.com/photos/5947247f37a8f26ebc924da3/master/w_1600,c_limit/1939_11_25.jpg",https://www.newyorker.com/magazine/1939/11/25,covers/1939/1939-11-25.jpg,468122,ok
1939-12-02,1939,"The New Yorker December 2, 1939",,"https://media.newyorker.com/photos/59094ece2179605b11ad2810/master/w_1600,c_limit/1939_12_02.jpg",https://www.newyorker.com/magazine/1939/12/02,covers/1939/1939-12-02.jpg,528670,ok
1939-12-09,1939,"The New Yorker December 9, 1939",,"https://media.newyorker.com/photos/59094ecf6552fa0be682b539/master/w_1600,c_limit/1939_12_09.jpg",https://www.newyorker.com/magazine/1939/12/09,covers/1939/1939-12-09.jpg,731816,ok
1939-12-16,1939,"The New Yorker December 16, 1939",,"https://media.newyorker.com/photos/59094ed01c7a8e33fb389b8e/master/w_1600,c_limit/1939_12_16.jpg",https://www.newyorker.com/magazine/1939/12/16,covers/1939/1939-12-16.jpg,603355,ok
1939-12-23,1939,"The New Yorker December 23, 1939",,"https://media.newyorker.com/photos/59094eca6552fa0be682b52d/master/w_1600,c_limit/1939_12_23.jpg",https://www.newyorker.com/magazine/1939/12/23,covers/1939/1939-12-23.jpg,447199,ok
1939-12-30,1939,"The New Yorker December 30, 1939",,"https://media.newyorker.com/photos/59094ecb2179605b11ad2808/master/w_1600,c_limit/1939_12_30.jpg",https://www.newyorker.com/magazine/1939/12/30,covers/1939/1939-12-30.jpg,623330,ok
1940-01-06,1940,"The New Yorker January 6, 1940",,"https://media.newyorker.com/photos/59094eccc14b3c606c1030e0/master/w_1600,c_limit/1940_01_06.jpg",https://www.newyorker.com/magazine/1940/01/06,covers/1940/1940-01-06.jpg,643594,ok
1940-01-13,1940,"The New Yorker January 13, 1940",,"https://media.newyorker.com/photos/59094ecc6552fa0be682b531/master/w_1600,c_limit/1940_01_13.jpg",https://www.newyorker.com/magazine/1940/01/13,covers/1940/1940-01-13.jpg,684444,ok
1940-01-20,1940,"The New Yorker January 20, 1940",,"https://media.newyorker.com/photos/59094ecdc14b3c606c1030e4/master/w_1600,c_limit/1940_01_20.jpg",https://www.newyorker.com/magazine/1940/01/20,covers/1940/1940-01-20.jpg,522099,ok
1940-01-27,1940,"The New Yorker January 27, 1940",,"https://media.newyorker.com/photos/59094ece019dfc3494e9d243/master/w_1600,c_limit/1940_01_27.jpg",https://www.newyorker.com/magazine/1940/01/27,covers/1940/1940-01-27.jpg,551200,ok
1940-02-03,1940,"The New Yorker February 3, 1940",,"https://media.newyorker.com/photos/59094ece6552fa0be682b537/master/w_1600,c_limit/1940_02_03.jpg",https://www.newyorker.com/magazine/1940/02/03,covers/1940/1940-02-03.jpg,722032,ok
1940-02-10,1940,"The New Yorker February 10, 1940",,"https://media.newyorker.com/photos/59094ecf1c7a8e33fb389b8c/master/w_1600,c_limit/1940_02_10.jpg",https://www.newyorker.com/magazine/1940/02/10,covers/1940/1940-02-10.jpg,591771,ok
1940-02-17,1940,"The New Yorker February 17, 1940",,"https://media.newyorker.com/photos/59094ed0019dfc3494e9d24b/master/w_1600,c_limit/1940_02_17.jpg",https://www.newyorker.com/magazine/1940/02/17,covers/1940/1940-02-17.jpg,313022,ok
1940-02-24,1940,"The New Yorker February 24, 1940",,"https://media.newyorker.com/photos/59094ed0ebe912338a37209a/master/w_1600,c_limit/1940_02_24.jpg",https://www.newyorker.com/magazine/1940/02/24,covers/1940/1940-02-24.jpg,612812,ok
1940-03-02,1940,"The New Yorker March 2, 1940",,"https://media.newyorker.com/photos/59094ecb2179605b11ad2807/master/w_1600,c_limit/1940_03_02.jpg",https://www.newyorker.com/magazine/1940/03/02,covers/1940/1940-03-02.jpg,466628,ok
1940-03-09,1940,"The New Yorker March 9, 1940",,"https://media.newyorker.com/photos/59094ecb1c7a8e33fb389b87/master/w_1600,c_limit/1940_03_09.jpg",https://www.newyorker.com/magazine/1940/03/09,covers/1940/1940-03-09.jpg,449457,ok
1940-03-16,1940,"The New Yorker March 16, 1940",,"https://media.newyorker.com/photos/59094ecc2179605b11ad280c/master/w_1600,c_limit/1940_03_16.jpg",https://www.newyorker.com/magazine/1940/03/16,covers/1940/1940-03-16.jpg,375720,ok
1940-03-23,1940,"The New Yorker March 23, 1940",,"https://media.newyorker.com/photos/59094ecdebe912338a372098/master/w_1600,c_limit/1940_03_23.jpg",https://www.newyorker.com/magazine/1940/03/23,covers/1940/1940-03-23.jpg,551775,ok
1940-03-30,1940,"The New Yorker March 30, 1940",,"https://media.newyorker.com/photos/59094ece019dfc3494e9d245/master/w_1600,c_limit/1940_03_30.jpg",https://www.newyorker.com/magazine/1940/03/30,covers/1940/1940-03-30.jpg,489803,ok
1940-04-06,1940,"The New Yorker April 6, 1940",,"https://media.newyorker.com/photos/59094ece019dfc3494e9d249/master/w_1600,c_limit/1940_04_06.jpg",https://www.newyorker.com/magazine/1940/04/06,covers/1940/1940-04-06.jpg,335685,ok
1940-04-13,1940,"The New Yorker April 13, 1940",,"https://media.newyorker.com/photos/59094ecfc14b3c606c1030ea/master/w_1600,c_limit/1940_04_13.jpg",https://www.newyorker.com/magazine/1940/04/13,covers/1940/1940-04-13.jpg,499599,ok
1940-04-20,1940,"The New Yorker April 20, 1940",,"https://media.newyorker.com/photos/59094ed0c14b3c606c1030ec/master/w_1600,c_limit/1940_04_20.jpg",https://www.newyorker.com/magazine/1940/04/20,covers/1940/1940-04-20.jpg,376125,ok
1940-04-27,1940,"The New Yorker April 27, 1940",,"https://media.newyorker.com/photos/59094ed12179605b11ad2816/master/w_1600,c_limit/1940_04_27.jpg",https://www.newyorker.com/magazine/1940/04/27,covers/1940/1940-04-27.jpg,456308,ok
1940-05-04,1940,"The New Yorker May 4, 1940",,"https://media.newyorker.com/photos/59094ed1c14b3c606c1030ef/master/w_1600,c_limit/1940_05_04.jpg",https://www.newyorker.com/magazine/1940/05/04,covers/1940/1940-05-04.jpg,499106,ok
1940-05-11,1940,"The New Yorker May 11, 1940",,"https://media.newyorker.com/photos/59094ecf2179605b11ad2812/master/w_1600,c_limit/1940_05_11.jpg",https://www.newyorker.com/magazine/1940/05/11,covers/1940/1940-05-11.jpg,471620,ok
1940-05-18,1940,"The New Yorker May 18, 1940",,"https://media.newyorker.com/photos/59094ed06552fa0be682b53b/master/w_1600,c_limit/1940_05_18.jpg",https://www.newyorker.com/magazine/1940/05/18,covers/1940/1940-05-18.jpg,418509,ok
1940-05-25,1940,"The New Yorker May 25, 1940",,"https://media.newyorker.com/photos/59094ed16552fa0be682b53d/master/w_1600,c_limit/1940_05_25.jpg",https://www.newyorker.com/magazine/1940/05/25,covers/1940/1940-05-25.jpg,520559,ok
1940-06-01,1940,"The New Yorker June 1, 1940",,"https://media.newyorker.com/photos/59094ed2c14b3c606c1030f0/master/w_1600,c_limit/1940_06_01.jpg",https://www.newyorker.com/magazine/1940/06/01,covers/1940/1940-06-01.jpg,564442,ok
1940-06-08,1940,"The New Yorker June 8, 1940",,"https://media.newyorker.com/photos/59094ed2c14b3c606c1030f4/master/w_1600,c_limit/1940_06_08.jpg",https://www.newyorker.com/magazine/1940/06/08,covers/1940/1940-06-08.jpg,401897,ok
1940-06-15,1940,"The New Yorker June 15, 1940",,"https://media.newyorker.com/photos/59094ed32179605b11ad281b/master/w_1600,c_limit/1940_06_15.jpg",https://www.newyorker.com/magazine/1940/06/15,covers/1940/1940-06-15.jpg,550754,ok
1940-06-22,1940,"The New Yorker June 22, 1940",,"https://media.newyorker.com/photos/59094ed3019dfc3494e9d24f/master/w_1600,c_limit/1940_06_22.jpg",https://www.newyorker.com/magazine/1940/06/22,covers/1940/1940-06-22.jpg,567712,ok
1940-06-29,1940,"The New Yorker June 29, 1940",,"https://media.newyorker.com/photos/59094ed4ebe912338a37209e/master/w_1600,c_limit/1940_06_29.jpg",https://www.newyorker.com/magazine/1940/06/29,covers/1940/1940-06-29.jpg,563624,ok
1940-07-06,1940,"The New Yorker July 6, 1940",,"https://media.newyorker.com/photos/59094ed52179605b11ad2822/master/w_1600,c_limit/1940_07_06.jpg",https://www.newyorker.com/magazine/1940/07/06,covers/1940/1940-07-06.jpg,697142,ok
1940-07-13,1940,"The New Yorker July 13, 1940",,"https://media.newyorker.com/photos/59094ed66552fa0be682b548/master/w_1600,c_limit/1940_07_13.jpg",https://www.newyorker.com/magazine/1940/07/13,covers/1940/1940-07-13.jpg,631542,ok
1940-07-20,1940,"The New Yorker July 20, 1940",,"https://media.newyorker.com/photos/59094ed02179605b11ad2815/master/w_1600,c_limit/1940_07_20.jpg",https://www.newyorker.com/magazine/1940/07/20,covers/1940/1940-07-20.jpg,568664,ok
1940-07-27,1940,"The New Yorker July 27, 1940",,"https://media.newyorker.com/photos/59094ed12179605b11ad2818/master/w_1600,c_limit/1940_07_27.jpg",https://www.newyorker.com/magazine/1940/07/27,covers/1940/1940-07-27.jpg,1319132,ok
1940-08-03,1940,"The New Yorker August 3, 1940",,"https://media.newyorker.com/photos/59094ed2c14b3c606c1030f3/master/w_1600,c_limit/1940_08_03.jpg",https://www.newyorker.com/magazine/1940/08/03,covers/1940/1940-08-03.jpg,465296,ok
1940-08-10,1940,"The New Yorker August 10, 1940",,"https://media.newyorker.com/photos/59094ed3c14b3c606c1030f6/master/w_1600,c_limit/1940_08_10.jpg",https://www.newyorker.com/magazine/1940/08/10,covers/1940/1940-08-10.jpg,612750,ok
1940-08-17,1940,"The New Yorker August 17, 1940",,"https://media.newyorker.com/photos/59094ed4ebe912338a37209c/master/w_1600,c_limit/1940_08_17.jpg",https://www.newyorker.com/magazine/1940/08/17,covers/1940/1940-08-17.jpg,503069,ok
1940-08-24,1940,"The New Yorker August 24, 1940",,"https://media.newyorker.com/photos/59094ed42179605b11ad2820/master/w_1600,c_limit/1940_08_24.jpg",https://www.newyorker.com/magazine/1940/08/24,covers/1940/1940-08-24.jpg,431568,ok
1940-08-31,1940,"The New Yorker August 31, 1940",,"https://media.newyorker.com/photos/59094ed5019dfc3494e9d251/master/w_1600,c_limit/1940_08_31.jpg",https://www.newyorker.com/magazine/1940/08/31,covers/1940/1940-08-31.jpg,645803,ok
1940-09-07,1940,"The New Yorker September 7, 1940",,"https://media.newyorker.com/photos/59094ed66552fa0be682b549/master/w_1600,c_limit/1940_09_07.jpg",https://www.newyorker.com/magazine/1940/09/07,covers/1940/1940-09-07.jpg,695133,ok
1940-09-14,1940,"The New Yorker September 14, 1940",,"https://media.newyorker.com/photos/59094ed62179605b11ad2826/master/w_1600,c_limit/1940_09_14.jpg",https://www.newyorker.com/magazine/1940/09/14,covers/1940/1940-09-14.jpg,363520,ok
1940-09-21,1940,"The New Yorker September 21, 1940",,"https://media.newyorker.com/photos/59094ed7ebe912338a3720a6/master/w_1600,c_limit/1940_09_21.jpg",https://www.newyorker.com/magazine/1940/09/21,covers/1940/1940-09-21.jpg,817416,ok
1940-09-28,1940,"The New Yorker September 28, 1940",,"https://media.newyorker.com/photos/59094ed2019dfc3494e9d24d/master/w_1600,c_limit/1940_09_28.jpg",https://www.newyorker.com/magazine/1940/09/28,covers/1940/1940-09-28.jpg,467475,ok
1940-10-05,1940,"The New Yorker October 5, 1940",,"https://media.newyorker.com/photos/59094ed26552fa0be682b53f/master/w_1600,c_limit/1940_10_05.jpg",https://www.newyorker.com/magazine/1940/10/05,covers/1940/1940-10-05.jpg,567949,ok
1940-10-12,1940,"The New Yorker October 12, 1940",,"https://media.newyorker.com/photos/59094ed31c7a8e33fb389b92/master/w_1600,c_limit/1940_10_12.jpg",https://www.newyorker.com/magazine/1940/10/12,covers/1940/1940-10-12.jpg,567816,ok
1940-10-19,1940,"The New Yorker October 19, 1940",,"https://media.newyorker.com/photos/59094ed41c7a8e33fb389b94/master/w_1600,c_limit/1940_10_19.jpg",https://www.newyorker.com/magazine/1940/10/19,covers/1940/1940-10-19.jpg,470764,ok
1940-10-26,1940,"The New Yorker October 26, 1940",,"https://media.newyorker.com/photos/59094ed5ebe912338a3720a0/master/w_1600,c_limit/1940_10_26.jpg",https://www.newyorker.com/magazine/1940/10/26,covers/1940/1940-10-26.jpg,587731,ok
1940-11-02,1940,"The New Yorker November 2, 1940",,"https://media.newyorker.com/photos/59094ed5ebe912338a3720a2/master/w_1600,c_limit/1940_11_02.jpg",https://www.newyorker.com/magazine/1940/11/02,covers/1940/1940-11-02.jpg,712834,ok
1940-11-09,1940,"The New Yorker November 9, 1940",,"https://media.newyorker.com/photos/59094ed6019dfc3494e9d253/master/w_1600,c_limit/1940_11_09.jpg",https://www.newyorker.com/magazine/1940/11/09,covers/1940/1940-11-09.jpg,392633,ok
1940-11-16,1940,"The New Yorker November 16, 1940",,"https://media.newyorker.com/photos/59094ed7019dfc3494e9d255/master/w_1600,c_limit/1940_11_16.jpg",https://www.newyorker.com/magazine/1940/11/16,covers/1940/1940-11-16.jpg,670445,ok
1940-11-23,1940,"The New Yorker November 23, 1940",,"https://media.newyorker.com/photos/59094ed72179605b11ad2829/master/w_1600,c_limit/1940_11_23.jpg",https://www.newyorker.com/magazine/1940/11/23,covers/1940/1940-11-23.jpg,546808,ok
1940-11-30,1940,"The New Yorker November 30, 1940",,"https://media.newyorker.com/photos/59094ed82179605b11ad282c/master/w_1600,c_limit/1940_11_30.jpg",https://www.newyorker.com/magazine/1940/11/30,covers/1940/1940-11-30.jpg,483551,ok
1940-12-07,1940,"The New Yorker December 7, 1940",,"https://media.newyorker.com/photos/59094ed21c7a8e33fb389b90/master/w_1600,c_limit/1940_12_07.jpg",https://www.newyorker.com/magazine/1940/12/07,covers/1940/1940-12-07.jpg,630867,ok
1940-12-14,1940,"The New Yorker December 14, 1940",,"https://media.newyorker.com/photos/59094ed32179605b11ad281c/master/w_1600,c_limit/1940_12_14.jpg",https://www.newyorker.com/magazine/1940/12/14,covers/1940/1940-12-14.jpg,541245,ok
1940-12-21,1940,"The New Yorker December 21, 1940",,"https://media.newyorker.com/photos/59094ed42179605b11ad281e/master/w_1600,c_limit/1940_12_21.jpg",https://www.newyorker.com/magazine/1940/12/21,covers/1940/1940-12-21.jpg,656580,ok
1940-12-28,1940,"The New Yorker December 28, 1940",,"https://media.newyorker.com/photos/59094ed41c7a8e33fb389b96/master/w_1600,c_limit/1940_12_28.jpg",https://www.newyorker.com/magazine/1940/12/28,covers/1940/1940-12-28.jpg,569780,ok
1941-01-04,1941,"The New Yorker January 4, 1941",,"https://media.newyorker.com/photos/59094ed5c14b3c606c1030fa/master/w_1600,c_limit/1941_01_04.jpg",https://www.newyorker.com/magazine/1941/01/04,covers/1941/1941-01-04.jpg,646113,ok
1941-01-11,1941,"The New Yorker January 11, 1941",,"https://media.newyorker.com/photos/59094ed62179605b11ad2824/master/w_1600,c_limit/1941_01_11.jpg",https://www.newyorker.com/magazine/1941/01/11,covers/1941/1941-01-11.jpg,661458,ok
1941-01-18,1941,"The New Yorker January 18, 1941",,"https://media.newyorker.com/photos/59094ed7ebe912338a3720a4/master/w_1600,c_limit/1941_01_18.jpg",https://www.newyorker.com/magazine/1941/01/18,covers/1941/1941-01-18.jpg,552310,ok
1941-01-25,1941,"The New Yorker January 25, 1941",,"https://media.newyorker.com/photos/59094ed8c14b3c606c1030fc/master/w_1600,c_limit/1941_01_25.jpg",https://www.newyorker.com/magazine/1941/01/25,covers/1941/1941-01-25.jpg,331207,ok
1941-02-01,1941,"The New Yorker February 1, 1941",,"https://media.newyorker.com/photos/59094ed8c14b3c606c103100/master/w_1600,c_limit/1941_02_01.jpg",https://www.newyorker.com/magazine/1941/02/01,covers/1941/1941-02-01.jpg,400506,ok
1941-02-08,1941,"The New Yorker February 8, 1941",,"https://media.newyorker.com/photos/59094ed9ebe912338a3720a8/master/w_1600,c_limit/1941_02_08.jpg",https://www.newyorker.com/magazine/1941/02/08,covers/1941/1941-02-08.jpg,525842,ok
1941-02-15,1941,"The New Yorker February 15, 1941",,"https://media.newyorker.com/photos/59094ed36552fa0be682b541/master/w_1600,c_limit/1941_02_15.jpg",https://www.newyorker.com/magazine/1941/02/15,covers/1941/1941-02-15.jpg,335203,ok
1941-02-22,1941,"The New Yorker February 22, 1941",,"https://media.newyorker.com/photos/59094ed46552fa0be682b543/master/w_1600,c_limit/1941_02_22.jpg",https://www.newyorker.com/magazine/1941/02/22,covers/1941/1941-02-22.jpg,557503,ok
1941-03-01,1941,"The New Yorker March 1, 1941",,"https://media.newyorker.com/photos/59094ed5c14b3c606c1030f8/master/w_1600,c_limit/1941_03_01.jpg",https://www.newyorker.com/magazine/1941/03/01,covers/1941/1941-03-01.jpg,618175,ok
1941-03-08,1941,"The New Yorker March 8, 1941",,"https://media.newyorker.com/photos/59094ed56552fa0be682b545/master/w_1600,c_limit/1941_03_08.jpg",https://www.newyorker.com/magazine/1941/03/08,covers/1941/1941-03-08.jpg,580076,ok
1941-03-15,1941,"The New Yorker March 15, 1941",,"https://media.newyorker.com/photos/59094ed61c7a8e33fb389b98/master/w_1600,c_limit/1941_03_15.jpg",https://www.newyorker.com/magazine/1941/03/15,covers/1941/1941-03-15.jpg,525839,ok
1941-03-22,1941,"The New Yorker March 22, 1941",,"https://media.newyorker.com/photos/59472525b9ebe13d3998cd2e/master/w_1600,c_limit/1941_03_22.jpg",https://www.newyorker.com/magazine/1941/03/22,covers/1941/1941-03-22.jpg,392673,ok
1941-03-29,1941,"The New Yorker March 29, 1941",,"https://media.newyorker.com/photos/59094ed72179605b11ad282a/master/w_1600,c_limit/1941_03_29.jpg",https://www.newyorker.com/magazine/1941/03/29,covers/1941/1941-03-29.jpg,641186,ok
1941-04-05,1941,"The New Yorker April 5, 1941",,"https://media.newyorker.com/photos/59094ed8019dfc3494e9d257/master/w_1600,c_limit/1941_04_05.jpg",https://www.newyorker.com/magazine/1941/04/05,covers/1941/1941-04-05.jpg,824010,ok
1941-04-12,1941,"The New Yorker April 12, 1941",,"https://media.newyorker.com/photos/59094ed92179605b11ad282e/master/w_1600,c_limit/1941_04_12.jpg",https://www.newyorker.com/magazine/1941/04/12,covers/1941/1941-04-12.jpg,532492,ok
1941-04-19,1941,"The New Yorker April 19, 1941",,"https://media.newyorker.com/photos/59094eda2179605b11ad2830/master/w_1600,c_limit/1941_04_19.jpg",https://www.newyorker.com/magazine/1941/04/19,covers/1941/1941-04-19.jpg,507161,ok
1941-05-03,1941,"The New Yorker May 3, 1941",,"https://media.newyorker.com/photos/59094ed8c14b3c606c1030ff/master/w_1600,c_limit/1941_05_03.jpg",https://www.newyorker.com/magazine/1941/05/03,covers/1941/1941-05-03.jpg,450009,ok
1941-05-10,1941,"The New Yorker May 10, 1941",,"https://media.newyorker.com/photos/59094ed96552fa0be682b54f/master/w_1600,c_limit/1941_05_10.jpg",https://www.newyorker.com/magazine/1941/05/10,covers/1941/1941-05-10.jpg,625527,ok
1941-05-17,1941,"The New Yorker May 17, 1941",,"https://media.newyorker.com/photos/59094eda019dfc3494e9d25b/master/w_1600,c_limit/1941_05_17.jpg",https://www.newyorker.com/magazine/1941/05/17,covers/1941/1941-05-17.jpg,481781,ok
1941-05-24,1941,"The New Yorker May 24, 1941",,"https://media.newyorker.com/photos/59094eda2179605b11ad2834/master/w_1600,c_limit/1941_05_24.jpg",https://www.newyorker.com/magazine/1941/05/24,covers/1941/1941-05-24.jpg,600388,ok
1941-05-31,1941,"The New Yorker May 31, 1941",,"https://media.newyorker.com/photos/59094edb2179605b11ad2836/master/w_1600,c_limit/1941_05_31.jpg",https://www.newyorker.com/magazine/1941/05/31,covers/1941/1941-05-31.jpg,540115,ok
1941-06-07,1941,"The New Yorker June 7, 1941",,"https://media.newyorker.com/photos/59094edc2179605b11ad283b/master/w_1600,c_limit/1941_06_07.jpg",https://www.newyorker.com/magazine/1941/06/07,covers/1941/1941-06-07.jpg,629475,ok
1941-06-14,1941,"The New Yorker June 14, 1941",,"https://media.newyorker.com/photos/59094edc1c7a8e33fb389b9e/master/w_1600,c_limit/1941_06_14.jpg",https://www.newyorker.com/magazine/1941/06/14,covers/1941/1941-06-14.jpg,600683,ok
1941-06-21,1941,"The New Yorker June 21, 1941",,"https://media.newyorker.com/photos/59094edd1c7a8e33fb389ba0/master/w_1600,c_limit/1941_06_21.jpg",https://www.newyorker.com/magazine/1941/06/21,covers/1941/1941-06-21.jpg,417579,ok
1941-06-28,1941,"The New Yorker June 28, 1941",,"https://media.newyorker.com/photos/59094edec14b3c606c10310c/master/w_1600,c_limit/1941_06_28.jpg",https://www.newyorker.com/magazine/1941/06/28,covers/1941/1941-06-28.jpg,572201,ok
1941-07-05,1941,"The New Yorker July 5, 1941",,"https://media.newyorker.com/photos/59094ed96552fa0be682b54d/master/w_1600,c_limit/1941_07_05.jpg",https://www.newyorker.com/magazine/1941/07/05,covers/1941/1941-07-05.jpg,461285,ok
1941-07-12,1941,"The New Yorker July 12, 1941",,"https://media.newyorker.com/photos/59094eda019dfc3494e9d259/master/w_1600,c_limit/1941_07_12.jpg",https://www.newyorker.com/magazine/1941/07/12,covers/1941/1941-07-12.jpg,504937,ok
1941-07-19,1941,"The New Yorker July 19, 1941",,"https://media.newyorker.com/photos/59094eda2179605b11ad2833/master/w_1600,c_limit/1941_07_19.jpg",https://www.newyorker.com/magazine/1941/07/19,covers/1941/1941-07-19.jpg,616769,ok
1941-07-26,1941,"The New Yorker July 26, 1941",,"https://media.newyorker.com/photos/59094edbc14b3c606c103102/master/w_1600,c_limit/1941_07_26.jpg",https://www.newyorker.com/magazine/1941/07/26,covers/1941/1941-07-26.jpg,863174,ok
1941-08-02,1941,"The New Yorker August 2, 1941",,"https://media.newyorker.com/photos/59094edc1c7a8e33fb389b9c/master/w_1600,c_limit/1941_08_02.jpg",https://www.newyorker.com/magazine/1941/08/02,covers/1941/1941-08-02.jpg,691474,ok
1941-08-09,1941,"The New Yorker August 9, 1941",,"https://media.newyorker.com/photos/59094eddc14b3c606c103108/master/w_1600,c_limit/1941_08_09.jpg",https://www.newyorker.com/magazine/1941/08/09,covers/1941/1941-08-09.jpg,547786,ok
1941-08-16,1941,"The New Yorker August 16, 1941",,"https://media.newyorker.com/photos/59094edd019dfc3494e9d264/master/w_1600,c_limit/1941_08_16.jpg",https://www.newyorker.com/magazine/1941/08/16,covers/1941/1941-08-16.jpg,645684,ok
1941-08-23,1941,"The New Yorker August 23, 1941",,"https://media.newyorker.com/photos/59094ede2179605b11ad2842/master/w_1600,c_limit/1941_08_23.jpg",https://www.newyorker.com/magazine/1941/08/23,covers/1941/1941-08-23.jpg,518304,ok
1941-08-30,1941,"The New Yorker August 30, 1941",,"https://media.newyorker.com/photos/59094edf2179605b11ad2845/master/w_1600,c_limit/1941_08_30.jpg",https://www.newyorker.com/magazine/1941/08/30,covers/1941/1941-08-30.jpg,516132,ok
1941-09-06,1941,"The New Yorker September 6, 1941",,"https://media.newyorker.com/photos/59094ee0c14b3c606c103112/master/w_1600,c_limit/1941_09_06.jpg",https://www.newyorker.com/magazine/1941/09/06,covers/1941/1941-09-06.jpg,516476,ok
1941-09-13,1941,"The New Yorker September 13, 1941",,"https://media.newyorker.com/photos/59094eda6552fa0be682b551/master/w_1600,c_limit/1941_09_13.jpg",https://www.newyorker.com/magazine/1941/09/13,covers/1941/1941-09-13.jpg,586212,ok
1941-09-20,1941,"The New Yorker September 20, 1941",,"https://media.newyorker.com/photos/59094edb019dfc3494e9d25e/master/w_1600,c_limit/1941_09_20.jpg",https://www.newyorker.com/magazine/1941/09/20,covers/1941/1941-09-20.jpg,598869,ok
1941-09-27,1941,"The New Yorker September 27, 1941",,"https://media.newyorker.com/photos/59094edbc14b3c606c103105/master/w_1600,c_limit/1941_09_27.jpg",https://www.newyorker.com/magazine/1941/09/27,covers/1941/1941-09-27.jpg,537387,ok
1941-10-04,1941,"The New Yorker October 4, 1941",,"https://media.newyorker.com/photos/59094edc2179605b11ad283c/master/w_1600,c_limit/1941_10_04.jpg",https://www.newyorker.com/magazine/1941/10/04,covers/1941/1941-10-04.jpg,548421,ok
1941-10-11,1941,"The New Yorker October 11, 1941",,"https://media.newyorker.com/photos/59094edd2179605b11ad283e/master/w_1600,c_limit/1941_10_11.jpg",https://www.newyorker.com/magazine/1941/10/11,covers/1941/1941-10-11.jpg,982349,ok
1941-10-18,1941,"The New Yorker October 18, 1941",,"https://media.newyorker.com/photos/59094edd019dfc3494e9d265/master/w_1600,c_limit/1941_10_18.jpg",https://www.newyorker.com/magazine/1941/10/18,covers/1941/1941-10-18.jpg,571113,ok
1941-10-25,1941,"The New Yorker October 25, 1941",,"https://media.newyorker.com/photos/59094ede1c7a8e33fb389ba3/master/w_1600,c_limit/1941_10_25.jpg",https://www.newyorker.com/magazine/1941/10/25,covers/1941/1941-10-25.jpg,509476,ok
1941-11-01,1941,"The New Yorker November 1, 1941",,"https://media.newyorker.com/photos/59094edf019dfc3494e9d267/master/w_1600,c_limit/1941_11_01.jpg",https://www.newyorker.com/magazine/1941/11/01,covers/1941/1941-11-01.jpg,600143,ok
1941-11-08,1941,"The New Yorker November 8, 1941",,"https://media.newyorker.com/photos/59094ee02179605b11ad2848/master/w_1600,c_limit/1941_11_08.jpg",https://www.newyorker.com/magazine/1941/11/08,covers/1941/1941-11-08.jpg,591592,ok
1941-11-15,1941,"The New Yorker November 15, 1941",,"https://media.newyorker.com/photos/59094ee01c7a8e33fb389ba8/master/w_1600,c_limit/1941_11_15.jpg",https://www.newyorker.com/magazine/1941/11/15,covers/1941/1941-11-15.jpg,567613,ok
1941-11-22,1941,"The New Yorker November 22, 1941",,"https://media.newyorker.com/photos/59094edb019dfc3494e9d25f/master/w_1600,c_limit/1941_11_22.jpg",https://www.newyorker.com/magazine/1941/11/22,covers/1941/1941-11-22.jpg,510286,ok
1941-11-29,1941,"The New Yorker November 29, 1941",,"https://media.newyorker.com/photos/59094edbc14b3c606c103106/master/w_1600,c_limit/1941_11_29.jpg",https://www.newyorker.com/magazine/1941/11/29,covers/1941/1941-11-29.jpg,546873,ok
1941-12-06,1941,"The New Yorker December 6, 1941",,"https://media.newyorker.com/photos/59094edcebe912338a3720aa/master/w_1600,c_limit/1941_12_06.jpg",https://www.newyorker.com/magazine/1941/12/06,covers/1941/1941-12-06.jpg,516647,ok
1941-12-13,1941,"The New Yorker December 13, 1941",,"https://media.newyorker.com/photos/59094eddebe912338a3720ac/master/w_1600,c_limit/1941_12_13.jpg",https://www.newyorker.com/magazine/1941/12/13,covers/1941/1941-12-13.jpg,646754,ok
1941-12-20,1941,"The New Yorker December 20, 1941",,"https://media.newyorker.com/photos/59094edeebe912338a3720ae/master/w_1600,c_limit/1941_12_20.jpg",https://www.newyorker.com/magazine/1941/12/20,covers/1941/1941-12-20.jpg,776597,ok
1941-12-27,1941,"The New Yorker December 27, 1941",,"https://media.newyorker.com/photos/59094edfc14b3c606c10310e/master/w_1600,c_limit/1941_12_27.jpg",https://www.newyorker.com/magazine/1941/12/27,covers/1941/1941-12-27.jpg,570861,ok
1942-01-03,1942,"The New Yorker January 3, 1942",,"https://media.newyorker.com/photos/59094edfc14b3c606c103110/master/w_1600,c_limit/1942_01_03.jpg",https://www.newyorker.com/magazine/1942/01/03,covers/1942/1942-01-03.jpg,362198,ok
1942-01-10,1942,"The New Yorker January 10, 1942",,"https://media.newyorker.com/photos/59094ee0ebe912338a3720b0/master/w_1600,c_limit/1942_01_10.jpg",https://www.newyorker.com/magazine/1942/01/10,covers/1942/1942-01-10.jpg,450778,ok
1942-01-17,1942,"The New Yorker January 17, 1942",,"https://media.newyorker.com/photos/59094ee12179605b11ad284c/master/w_1600,c_limit/1942_01_17.jpg",https://www.newyorker.com/magazine/1942/01/17,covers/1942/1942-01-17.jpg,728991,ok
1942-01-24,1942,"The New Yorker January 24, 1942",,"https://media.newyorker.com/photos/59094ee22179605b11ad2850/master/w_1600,c_limit/1942_01_24.jpg",https://www.newyorker.com/magazine/1942/01/24,covers/1942/1942-01-24.jpg,702201,ok
1942-01-31,1942,"The New Yorker January 31, 1942",,"https://media.newyorker.com/photos/59094edb2179605b11ad2838/master/w_1600,c_limit/1942_01_31.jpg",https://www.newyorker.com/magazine/1942/01/31,covers/1942/1942-01-31.jpg,719599,ok
1942-02-07,1942,"The New Yorker February 7, 1942",,"https://media.newyorker.com/photos/59094edc019dfc3494e9d261/master/w_1600,c_limit/1942_02_07.jpg",https://www.newyorker.com/magazine/1942/02/07,covers/1942/1942-02-07.jpg,495806,ok
1942-02-14,1942,"The New Yorker February 14, 1942",,"https://media.newyorker.com/photos/59094edd2179605b11ad2840/master/w_1600,c_limit/1942_02_14.jpg",https://www.newyorker.com/magazine/1942/02/14,covers/1942/1942-02-14.jpg,663033,ok
1942-02-21,1942,"The New Yorker February 21, 1942",,"https://media.newyorker.com/photos/59094edec14b3c606c10310a/master/w_1600,c_limit/1942_02_21.jpg",https://www.newyorker.com/magazine/1942/02/21,covers/1942/1942-02-21.jpg,327176,ok
1942-02-28,1942,"The New Yorker February 28, 1942",,"https://media.newyorker.com/photos/59094ede1c7a8e33fb389ba4/master/w_1600,c_limit/1942_02_28.jpg",https://www.newyorker.com/magazine/1942/02/28,covers/1942/1942-02-28.jpg,615625,ok
1942-03-07,1942,"The New Yorker March 7, 1942",,"https://media.newyorker.com/photos/59094edf2179605b11ad2846/master/w_1600,c_limit/1942_03_07.jpg",https://www.newyorker.com/magazine/1942/03/07,covers/1942/1942-03-07.jpg,611365,ok
1942-03-14,1942,"The New Yorker March 14, 1942",,"https://media.newyorker.com/photos/59094ee06552fa0be682b555/master/w_1600,c_limit/1942_03_14.jpg",https://www.newyorker.com/magazine/1942/03/14,covers/1942/1942-03-14.jpg,702340,ok
1942-03-21,1942,"The New Yorker March 21, 1942",,"https://media.newyorker.com/photos/59094ee02179605b11ad284a/master/w_1600,c_limit/1942_03_21.jpg",https://www.newyorker.com/magazine/1942/03/21,covers/1942/1942-03-21.jpg,537498,ok
1942-03-28,1942,"The New Yorker March 28, 1942",,"https://media.newyorker.com/photos/59094ee1c14b3c606c103115/master/w_1600,c_limit/1942_03_28.jpg",https://www.newyorker.com/magazine/1942/03/28,covers/1942/1942-03-28.jpg,614143,ok
1942-04-04,1942,"The New Yorker April 4, 1942",,"https://media.newyorker.com/photos/59094ee22179605b11ad284f/master/w_1600,c_limit/1942_04_04.jpg",https://www.newyorker.com/magazine/1942/04/04,covers/1942/1942-04-04.jpg,573483,ok
1942-04-11,1942,"The New Yorker April 11, 1942",,"https://media.newyorker.com/photos/59094ee06552fa0be682b554/master/w_1600,c_limit/1942_04_11.jpg",https://www.newyorker.com/magazine/1942/04/11,covers/1942/1942-04-11.jpg,612072,ok
1942-04-18,1942,"The New Yorker April 18, 1942",,"https://media.newyorker.com/photos/59094ee01c7a8e33fb389ba7/master/w_1600,c_limit/1942_04_18.jpg",https://www.newyorker.com/magazine/1942/04/18,covers/1942/1942-04-18.jpg,515738,ok
1942-04-25,1942,"The New Yorker April 25, 1942",,"https://media.newyorker.com/photos/59094ee1c14b3c606c103116/master/w_1600,c_limit/1942_04_25.jpg",https://www.newyorker.com/magazine/1942/04/25,covers/1942/1942-04-25.jpg,733957,ok
1942-05-02,1942,"The New Yorker May 2, 1942",,"https://media.newyorker.com/photos/59094ee26552fa0be682b557/master/w_1600,c_limit/1942_05_02.jpg",https://www.newyorker.com/magazine/1942/05/02,covers/1942/1942-05-02.jpg,530537,ok
1942-05-09,1942,"The New Yorker May 9, 1942",,"https://media.newyorker.com/photos/59094ee3c14b3c606c103119/master/w_1600,c_limit/1942_05_09.jpg",https://www.newyorker.com/magazine/1942/05/09,covers/1942/1942-05-09.jpg,549017,ok
1942-05-16,1942,"The New Yorker May 16, 1942",,"https://media.newyorker.com/photos/59094ee4019dfc3494e9d26b/master/w_1600,c_limit/1942_05_16.jpg",https://www.newyorker.com/magazine/1942/05/16,covers/1942/1942-05-16.jpg,595690,ok
1942-05-23,1942,"The New Yorker May 23, 1942",,"https://media.newyorker.com/photos/59094ee4ebe912338a3720b4/master/w_1600,c_limit/1942_05_23.jpg",https://www.newyorker.com/magazine/1942/05/23,covers/1942/1942-05-23.jpg,660710,ok
1942-05-30,1942,"The New Yorker May 30, 1942",,"https://media.newyorker.com/photos/59094ee51c7a8e33fb389bb0/master/w_1600,c_limit/1942_05_30.jpg",https://www.newyorker.com/magazine/1942/05/30,covers/1942/1942-05-30.jpg,525317,ok
1942-06-06,1942,"The New Yorker June 6, 1942",,"https://media.newyorker.com/photos/59094ee62179605b11ad2855/master/w_1600,c_limit/1942_06_06.jpg",https://www.newyorker.com/magazine/1942/06/06,covers/1942/1942-06-06.jpg,524486,ok
1942-06-13,1942,"The New Yorker June 13, 1942",,"https://media.newyorker.com/photos/59094ee61c7a8e33fb389bb4/master/w_1600,c_limit/1942_06_13.jpg",https://www.newyorker.com/magazine/1942/06/13,covers/1942/1942-06-13.jpg,320965,ok
1942-06-20,1942,"The New Yorker June 20, 1942",,"https://media.newyorker.com/photos/59094ee1019dfc3494e9d269/master/w_1600,c_limit/1942_06_20.jpg",https://www.newyorker.com/magazine/1942/06/20,covers/1942/1942-06-20.jpg,705433,ok
1942-06-27,1942,"The New Yorker June 27, 1942",,"https://media.newyorker.com/photos/59094ee31c7a8e33fb389bac/master/w_1600,c_limit/1942_06_27.jpg",https://www.newyorker.com/magazine/1942/06/27,covers/1942/1942-06-27.jpg,608120,ok
1942-07-04,1942,"The New Yorker July 4, 1942",,"https://media.newyorker.com/photos/59094ee32179605b11ad2852/master/w_1600,c_limit/1942_07_04.jpg",https://www.newyorker.com/magazine/1942/07/04,covers/1942/1942-07-04.jpg,588103,ok
1942-07-11,1942,"The New Yorker July 11, 1942",,"https://media.newyorker.com/photos/59094ee41c7a8e33fb389bae/master/w_1600,c_limit/1942_07_11.jpg",https://www.newyorker.com/magazine/1942/07/11,covers/1942/1942-07-11.jpg,661760,ok
1942-07-18,1942,"The New Yorker July 18, 1942",,"https://media.newyorker.com/photos/59094ee5019dfc3494e9d26f/master/w_1600,c_limit/1942_07_18.jpg",https://www.newyorker.com/magazine/1942/07/18,covers/1942/1942-07-18.jpg,1108047,ok
1942-07-25,1942,"The New Yorker July 25, 1942",,"https://media.newyorker.com/photos/59094ee6019dfc3494e9d273/master/w_1600,c_limit/1942_07_25.jpg",https://www.newyorker.com/magazine/1942/07/25,covers/1942/1942-07-25.jpg,531472,ok
1942-08-01,1942,"The New Yorker August 1, 1942",,"https://media.newyorker.com/photos/59094ee61c7a8e33fb389bb3/master/w_1600,c_limit/1942_08_01.jpg",https://www.newyorker.com/magazine/1942/08/01,covers/1942/1942-08-01.jpg,500185,ok
1942-08-08,1942,"The New Yorker August 8, 1942",,"https://media.newyorker.com/photos/59094ee7019dfc3494e9d279/master/w_1600,c_limit/1942_08_08.jpg",https://www.newyorker.com/magazine/1942/08/08,covers/1942/1942-08-08.jpg,584227,ok
1942-08-15,1942,"The New Yorker August 15, 1942",,"https://media.newyorker.com/photos/59094ee8ebe912338a3720bc/master/w_1600,c_limit/1942_08_15.jpg",https://www.newyorker.com/magazine/1942/08/15,covers/1942/1942-08-15.jpg,666042,ok
1942-08-22,1942,"The New Yorker August 22, 1942",,"https://media.newyorker.com/photos/59094ee91c7a8e33fb389bba/master/w_1600,c_limit/1942_08_22.jpg",https://www.newyorker.com/magazine/1942/08/22,covers/1942/1942-08-22.jpg,472608,ok
1942-08-29,1942,"The New Yorker August 29, 1942",,"https://media.newyorker.com/photos/59094ee21c7a8e33fb389bab/master/w_1600,c_limit/1942_08_29.jpg",https://www.newyorker.com/magazine/1942/08/29,covers/1942/1942-08-29.jpg,474534,ok
1942-09-05,1942,"The New Yorker September 5, 1942",,"https://media.newyorker.com/photos/59094ee3c14b3c606c10311a/master/w_1600,c_limit/1942_09_05.jpg",https://www.newyorker.com/magazine/1942/09/05,covers/1942/1942-09-05.jpg,612565,ok
1942-09-12,1942,"The New Yorker September 12, 1942",,"https://media.newyorker.com/photos/59094ee46552fa0be682b559/master/w_1600,c_limit/1942_09_12.jpg",https://www.newyorker.com/magazine/1942/09/12,covers/1942/1942-09-12.jpg,666208,ok
1942-09-19,1942,"The New Yorker September 19, 1942",,"https://media.newyorker.com/photos/59094ee4019dfc3494e9d26d/master/w_1600,c_limit/1942_09_19.jpg",https://www.newyorker.com/magazine/1942/09/19,covers/1942/1942-09-19.jpg,601671,ok
1942-09-26,1942,"The New Yorker September 26, 1942",,"https://media.newyorker.com/photos/59094ee5019dfc3494e9d271/master/w_1600,c_limit/1942_09_26.jpg",https://www.newyorker.com/magazine/1942/09/26,covers/1942/1942-09-26.jpg,502894,ok
1942-10-03,1942,"The New Yorker October 3, 1942",,"https://media.newyorker.com/photos/59094ee6019dfc3494e9d275/master/w_1600,c_limit/1942_10_03.jpg",https://www.newyorker.com/magazine/1942/10/03,covers/1942/1942-10-03.jpg,628541,ok
1942-10-10,1942,"The New Yorker October 10, 1942",,"https://media.newyorker.com/photos/59094ee7c14b3c606c103124/master/w_1600,c_limit/1942_10_10.jpg",https://www.newyorker.com/magazine/1942/10/10,covers/1942/1942-10-10.jpg,550845,ok
1942-10-17,1942,"The New Yorker October 17, 1942",,"https://media.newyorker.com/photos/59094ee71c7a8e33fb389bb6/master/w_1600,c_limit/1942_10_17.jpg",https://www.newyorker.com/magazine/1942/10/17,covers/1942/1942-10-17.jpg,598996,ok
1942-10-24,1942,"The New Yorker October 24, 1942",,"https://media.newyorker.com/photos/59094ee86552fa0be682b561/master/w_1600,c_limit/1942_10_24.jpg",https://www.newyorker.com/magazine/1942/10/24,covers/1942/1942-10-24.jpg,549127,ok
1942-10-31,1942,"The New Yorker October 31, 1942",,"https://media.newyorker.com/photos/59094ee92179605b11ad285a/master/w_1600,c_limit/1942_10_31.jpg",https://www.newyorker.com/magazine/1942/10/31,covers/1942/1942-10-31.jpg,520258,ok
1942-11-07,1942,"The New Yorker November 7, 1942",,"https://media.newyorker.com/photos/59094ee4c14b3c606c10311c/master/w_1600,c_limit/1942_11_07.jpg",https://www.newyorker.com/magazine/1942/11/07,covers/1942/1942-11-07.jpg,658015,ok
1942-11-14,1942,"The New Yorker November 14, 1942",,"https://media.newyorker.com/photos/59094ee4c14b3c606c10311e/master/w_1600,c_limit/1942_11_14.jpg",https://www.newyorker.com/magazine/1942/11/14,covers/1942/1942-11-14.jpg,631361,ok
1942-11-21,1942,"The New Yorker November 21, 1942",,"https://media.newyorker.com/photos/59094ee56552fa0be682b55b/master/w_1600,c_limit/1942_11_21.jpg",https://www.newyorker.com/magazine/1942/11/21,covers/1942/1942-11-21.jpg,567296,ok
1942-11-28,1942,"The New Yorker November 28, 1942",,"https://media.newyorker.com/photos/59094ee5c14b3c606c103122/master/w_1600,c_limit/1942_11_28.jpg",https://www.newyorker.com/magazine/1942/11/28,covers/1942/1942-11-28.jpg,582235,ok
1942-12-05,1942,"The New Yorker December 5, 1942",,"https://media.newyorker.com/photos/59094ee66552fa0be682b55d/master/w_1600,c_limit/1942_12_05.jpg",https://www.newyorker.com/magazine/1942/12/05,covers/1942/1942-12-05.jpg,580357,ok
1942-12-12,1942,"The New Yorker December 12, 1942",,"https://media.newyorker.com/photos/59094ee76552fa0be682b55f/master/w_1600,c_limit/1942_12_12.jpg",https://www.newyorker.com/magazine/1942/12/12,covers/1942/1942-12-12.jpg,563757,ok
1942-12-19,1942,"The New Yorker December 19, 1942",,"https://media.newyorker.com/photos/59094ee7ebe912338a3720ba/master/w_1600,c_limit/1942_12_19.jpg",https://www.newyorker.com/magazine/1942/12/19,covers/1942/1942-12-19.jpg,572375,ok
1942-12-26,1942,"The New Yorker December 26, 1942",,"https://media.newyorker.com/photos/59094ee81c7a8e33fb389bb9/master/w_1600,c_limit/1942_12_26.jpg",https://www.newyorker.com/magazine/1942/12/26,covers/1942/1942-12-26.jpg,774243,ok
1943-01-02,1943,"The New Yorker January 2, 1943",,"https://media.newyorker.com/photos/59094ee9c14b3c606c103127/master/w_1600,c_limit/1943_01_02.jpg",https://www.newyorker.com/magazine/1943/01/02,covers/1943/1943-01-02.jpg,630811,ok
1943-01-09,1943,"The New Yorker January 9, 1943",,"https://media.newyorker.com/photos/59094eea6552fa0be682b563/master/w_1600,c_limit/1943_01_09.jpg",https://www.newyorker.com/magazine/1943/01/09,covers/1943/1943-01-09.jpg,687212,ok
1943-01-16,1943,"The New Yorker January 16, 1943",,"https://media.newyorker.com/photos/59094ee4ebe912338a3720b2/master/w_1600,c_limit/1943_01_16.jpg",https://www.newyorker.com/magazine/1943/01/16,covers/1943/1943-01-16.jpg,537907,ok
1943-01-23,1943,"The New Yorker January 23, 1943",,"https://media.newyorker.com/photos/59094ee4c14b3c606c103120/master/w_1600,c_limit/1943_01_23.jpg",https://www.newyorker.com/magazine/1943/01/23,covers/1943/1943-01-23.jpg,496023,ok
1943-01-30,1943,"The New Yorker January 30, 1943",,"https://media.newyorker.com/photos/59094ee5ebe912338a3720b6/master/w_1600,c_limit/1943_01_30.jpg",https://www.newyorker.com/magazine/1943/01/30,covers/1943/1943-01-30.jpg,487744,ok
1943-02-06,1943,"The New Yorker February 6, 1943",,"https://media.newyorker.com/photos/59094ee62179605b11ad2856/master/w_1600,c_limit/1943_02_06.jpg",https://www.newyorker.com/magazine/1943/02/06,covers/1943/1943-02-06.jpg,672404,ok
1943-02-13,1943,"The New Yorker February 13, 1943",,"https://media.newyorker.com/photos/59094ee6019dfc3494e9d277/master/w_1600,c_limit/1943_02_13.jpg",https://www.newyorker.com/magazine/1943/02/13,covers/1943/1943-02-13.jpg,551196,ok
1943-02-20,1943,"The New Yorker February 20, 1943",,"https://media.newyorker.com/photos/59094ee7ebe912338a3720b8/master/w_1600,c_limit/1943_02_20.jpg",https://www.newyorker.com/magazine/1943/02/20,covers/1943/1943-02-20.jpg,335205,ok
1943-02-27,1943,"The New Yorker February 27, 1943",,"https://media.newyorker.com/photos/59094ee8019dfc3494e9d27b/master/w_1600,c_limit/1943_02_27.jpg",https://www.newyorker.com/magazine/1943/02/27,covers/1943/1943-02-27.jpg,353715,ok
1943-03-06,1943,"The New Yorker March 6, 1943",,"https://media.newyorker.com/photos/59094ee8019dfc3494e9d27d/master/w_1600,c_limit/1943_03_06.jpg",https://www.newyorker.com/magazine/1943/03/06,covers/1943/1943-03-06.jpg,908386,ok
1943-03-13,1943,"The New Yorker March 13, 1943",,"https://media.newyorker.com/photos/59094ee92179605b11ad285c/master/w_1600,c_limit/1943_03_13.jpg",https://www.newyorker.com/magazine/1943/03/13,covers/1943/1943-03-13.jpg,688247,ok
1943-03-20,1943,"The New Yorker March 20, 1943",,"https://media.newyorker.com/photos/59094eeb2179605b11ad285f/master/w_1600,c_limit/1943_03_20.jpg",https://www.newyorker.com/magazine/1943/03/20,covers/1943/1943-03-20.jpg,705833,ok
1943-03-27,1943,"The New Yorker March 27, 1943",,"https://media.newyorker.com/photos/59094ee82179605b11ad2858/master/w_1600,c_limit/1943_03_27.jpg",https://www.newyorker.com/magazine/1943/03/27,covers/1943/1943-03-27.jpg,576042,ok
1943-04-03,1943,"The New Yorker April 3, 1943",,"https://media.newyorker.com/photos/59094ee9c14b3c606c103128/master/w_1600,c_limit/1943_04_03.jpg",https://www.newyorker.com/magazine/1943/04/03,covers/1943/1943-04-03.jpg,558568,ok
1943-04-10,1943,"The New Yorker April 10, 1943",,"https://media.newyorker.com/photos/59094eeaebe912338a3720be/master/w_1600,c_limit/1943_04_10.jpg",https://www.newyorker.com/magazine/1943/04/10,covers/1943/1943-04-10.jpg,503808,ok
1943-04-17,1943,"The New Yorker April 17, 1943",,"https://media.newyorker.com/photos/59094eeb2179605b11ad2860/master/w_1600,c_limit/1943_04_17.jpg",https://www.newyorker.com/magazine/1943/04/17,covers/1943/1943-04-17.jpg,546390,ok
1943-04-24,1943,"The New Yorker April 24, 1943",,"https://media.newyorker.com/photos/59094eeb019dfc3494e9d27f/master/w_1600,c_limit/1943_04_24.jpg",https://www.newyorker.com/magazine/1943/04/24,covers/1943/1943-04-24.jpg,579039,ok
1943-05-01,1943,"The New Yorker May 1, 1943",,"https://media.newyorker.com/photos/59094eec2179605b11ad2865/master/w_1600,c_limit/1943_05_01.jpg",https://www.newyorker.com/magazine/1943/05/01,covers/1943/1943-05-01.jpg,533723,ok
1943-05-08,1943,"The New Yorker May 8, 1943",,"https://media.newyorker.com/photos/59094eedc14b3c606c10312f/master/w_1600,c_limit/1943_05_08.jpg",https://www.newyorker.com/magazine/1943/05/08,covers/1943/1943-05-08.jpg,620405,ok
1943-05-15,1943,"The New Yorker May 15, 1943",,"https://media.newyorker.com/photos/59094eeec14b3c606c103132/master/w_1600,c_limit/1943_05_15.jpg",https://www.newyorker.com/magazine/1943/05/15,covers/1943/1943-05-15.jpg,522467,ok
1943-05-22,1943,"The New Yorker May 22, 1943",,"https://media.newyorker.com/photos/59094eeeebe912338a3720ca/master/w_1600,c_limit/1943_05_22.jpg",https://www.newyorker.com/magazine/1943/05/22,covers/1943/1943-05-22.jpg,562171,ok
1943-05-29,1943,"The New Yorker May 29, 1943",,"https://media.newyorker.com/photos/59094eef2179605b11ad286e/master/w_1600,c_limit/1943_05_29.jpg",https://www.newyorker.com/magazine/1943/05/29,covers/1943/1943-05-29.jpg,555218,ok
1943-06-05,1943,"The New Yorker June 5, 1943",,"https://media.newyorker.com/photos/59094eeb1c7a8e33fb389bbc/master/w_1600,c_limit/1943_06_05.jpg",https://www.newyorker.com/magazine/1943/06/05,covers/1943/1943-06-05.jpg,444317,ok
1943-06-12,1943,"The New Yorker June 12, 1943",,"https://media.newyorker.com/photos/59094eeb1c7a8e33fb389bbe/master/w_1600,c_limit/1943_06_12.jpg",https://www.newyorker.com/magazine/1943/06/12,covers/1943/1943-06-12.jpg,616195,ok
1943-06-19,1943,"The New Yorker June 19, 1943",,"https://media.newyorker.com/photos/59094eecc14b3c606c10312c/master/w_1600,c_limit/1943_06_19.jpg",https://www.newyorker.com/magazine/1943/06/19,covers/1943/1943-06-19.jpg,460078,ok
1943-06-26,1943,"The New Yorker June 26, 1943",,"https://media.newyorker.com/photos/59094eedebe912338a3720c2/master/w_1600,c_limit/1943_06_26.jpg",https://www.newyorker.com/magazine/1943/06/26,covers/1943/1943-06-26.jpg,586451,ok
1943-07-03,1943,"The New Yorker July 3, 1943",,"https://media.newyorker.com/photos/59094eee019dfc3494e9d281/master/w_1600,c_limit/1943_07_03.jpg",https://www.newyorker.com/magazine/1943/07/03,covers/1943/1943-07-03.jpg,362117,ok
1943-07-10,1943,"The New Yorker July 10, 1943",,"https://media.newyorker.com/photos/59094eeeebe912338a3720c9/master/w_1600,c_limit/1943_07_10.jpg",https://www.newyorker.com/magazine/1943/07/10,covers/1943/1943-07-10.jpg,624624,ok
1943-07-17,1943,"The New Yorker July 17, 1943",,"https://media.newyorker.com/photos/59094eef019dfc3494e9d283/master/w_1600,c_limit/1943_07_17.jpg",https://www.newyorker.com/magazine/1943/07/17,covers/1943/1943-07-17.jpg,518678,ok
1943-07-24,1943,"The New Yorker July 24, 1943",,"https://media.newyorker.com/photos/59094ef0ebe912338a3720ce/master/w_1600,c_limit/1943_07_24.jpg",https://www.newyorker.com/magazine/1943/07/24,covers/1943/1943-07-24.jpg,528428,ok
1943-07-31,1943,"The New Yorker July 31, 1943",,"https://media.newyorker.com/photos/59094ef01c7a8e33fb389bcb/master/w_1600,c_limit/1943_07_31.jpg",https://www.newyorker.com/magazine/1943/07/31,covers/1943/1943-07-31.jpg,542951,ok
1943-08-07,1943,"The New Yorker August 7, 1943",,"https://media.newyorker.com/photos/59094ef16552fa0be682b56d/master/w_1600,c_limit/1943_08_07.jpg",https://www.newyorker.com/magazine/1943/08/07,covers/1943/1943-08-07.jpg,649164,ok
1943-08-14,1943,"The New Yorker August 14, 1943",,"https://media.newyorker.com/photos/59094eebc14b3c606c10312a/master/w_1600,c_limit/1943_08_14.jpg",https://www.newyorker.com/magazine/1943/08/14,covers/1943/1943-08-14.jpg,395088,ok
1943-08-21,1943,"The New Yorker August 21, 1943",,"https://media.newyorker.com/photos/59094eeb2179605b11ad2862/master/w_1600,c_limit/1943_08_21.jpg",https://www.newyorker.com/magazine/1943/08/21,covers/1943/1943-08-21.jpg,813577,ok
1943-08-28,1943,"The New Yorker August 28, 1943",,"https://media.newyorker.com/photos/59094eecebe912338a3720c0/master/w_1600,c_limit/1943_08_28.jpg",https://www.newyorker.com/magazine/1943/08/28,covers/1943/1943-08-28.jpg,541955,ok
1943-09-04,1943,"The New Yorker September 4, 1943",,"https://media.newyorker.com/photos/59094eed1c7a8e33fb389bc2/master/w_1600,c_limit/1943_09_04.jpg",https://www.newyorker.com/magazine/1943/09/04,covers/1943/1943-09-04.jpg,460189,ok
1943-09-11,1943,"The New Yorker September 11, 1943",,"https://media.newyorker.com/photos/59094eedebe912338a3720c4/master/w_1600,c_limit/1943_09_11.jpg",https://www.newyorker.com/magazine/1943/09/11,covers/1943/1943-09-11.jpg,558518,ok
1943-09-18,1943,"The New Yorker September 18, 1943",,"https://media.newyorker.com/photos/59094eee2179605b11ad286a/master/w_1600,c_limit/1943_09_18.jpg",https://www.newyorker.com/magazine/1943/09/18,covers/1943/1943-09-18.jpg,538994,ok
1943-09-25,1943,"The New Yorker September 25, 1943",,"https://media.newyorker.com/photos/59094eef2179605b11ad286c/master/w_1600,c_limit/1943_09_25.jpg",https://www.newyorker.com/magazine/1943/09/25,covers/1943/1943-09-25.jpg,480919,ok
1943-10-02,1943,"The New Yorker October 2, 1943",,"https://media.newyorker.com/photos/59094eef6552fa0be682b567/master/w_1600,c_limit/1943_10_02.jpg",https://www.newyorker.com/magazine/1943/10/02,covers/1943/1943-10-02.jpg,513823,ok
1943-10-09,1943,"The New Yorker October 9, 1943",,"https://media.newyorker.com/photos/59094ef01c7a8e33fb389bcc/master/w_1600,c_limit/1943_10_09.jpg",https://www.newyorker.com/magazine/1943/10/09,covers/1943/1943-10-09.jpg,545191,ok
1943-10-16,1943,"The New Yorker October 16, 1943",,"https://media.newyorker.com/photos/59094ef1ebe912338a3720d2/master/w_1600,c_limit/1943_10_16.jpg",https://www.newyorker.com/magazine/1943/10/16,covers/1943/1943-10-16.jpg,693468,ok
1943-10-23,1943,"The New Yorker October 23, 1943",,"https://media.newyorker.com/photos/594724ba7a02d362ef630671/master/w_1600,c_limit/1943_10_23.jpg",https://www.newyorker.com/magazine/1943/10/23,covers/1943/1943-10-23.jpg,427382,ok
1943-10-30,1943,"The New Yorker October 30, 1943",,"https://media.newyorker.com/photos/59094eec1c7a8e33fb389bc0/master/w_1600,c_limit/1943_10_30.jpg",https://www.newyorker.com/magazine/1943/10/30,covers/1943/1943-10-30.jpg,568081,ok
1943-11-06,1943,"The New Yorker November 6, 1943",,"https://media.newyorker.com/photos/59094eed2179605b11ad2868/master/w_1600,c_limit/1943_11_06.jpg",https://www.newyorker.com/magazine/1943/11/06,covers/1943/1943-11-06.jpg,630703,ok
1943-11-13,1943,"The New Yorker November 13, 1943",,"https://media.newyorker.com/photos/59094eeeebe912338a3720c6/master/w_1600,c_limit/1943_11_13.jpg",https://www.newyorker.com/magazine/1943/11/13,covers/1943/1943-11-13.jpg,558875,ok
1943-11-20,1943,"The New Yorker November 20, 1943",,"https://media.newyorker.com/photos/59094eeec14b3c606c103134/master/w_1600,c_limit/1943_11_20.jpg",https://www.newyorker.com/magazine/1943/11/20,covers/1943/1943-11-20.jpg,924982,ok
1943-11-27,1943,"The New Yorker November 27, 1943",,"https://media.newyorker.com/photos/59094eefebe912338a3720cc/master/w_1600,c_limit/1943_11_27.jpg",https://www.newyorker.com/magazine/1943/11/27,covers/1943/1943-11-27.jpg,523839,ok
1943-12-04,1943,"The New Yorker December 4, 1943",,"https://media.newyorker.com/photos/59094ef01c7a8e33fb389bc8/master/w_1600,c_limit/1943_12_04.jpg",https://www.newyorker.com/magazine/1943/12/04,covers/1943/1943-12-04.jpg,344641,ok
1943-12-11,1943,"The New Yorker December 11, 1943",,"https://media.newyorker.com/photos/59094ef06552fa0be682b56b/master/w_1600,c_limit/1943_12_11.jpg",https://www.newyorker.com/magazine/1943/12/11,covers/1943/1943-12-11.jpg,555166,ok
1943-12-18,1943,"The New Yorker December 18, 1943",,"https://media.newyorker.com/photos/59094ef1ebe912338a3720d1/master/w_1600,c_limit/1943_12_18.jpg",https://www.newyorker.com/magazine/1943/12/18,covers/1943/1943-12-18.jpg,565037,ok
1943-12-25,1943,"The New Yorker December 25, 1943",,"https://media.newyorker.com/photos/59094ef26552fa0be682b573/master/w_1600,c_limit/1943_12_25.jpg",https://www.newyorker.com/magazine/1943/12/25,covers/1943/1943-12-25.jpg,576218,ok
1944-01-01,1944,"The New Yorker January 1, 1944",,"https://media.newyorker.com/photos/59094eec2179605b11ad2866/master/w_1600,c_limit/1944_01_01.jpg",https://www.newyorker.com/magazine/1944/01/01,covers/1944/1944-01-01.jpg,501788,ok
1944-01-08,1944,"The New Yorker January 8, 1944",,"https://media.newyorker.com/photos/59094eedc14b3c606c103130/master/w_1600,c_limit/1944_01_08.jpg",https://www.newyorker.com/magazine/1944/01/08,covers/1944/1944-01-08.jpg,501899,ok
1944-01-15,1944,"The New Yorker January 15, 1944",,"https://media.newyorker.com/photos/59094eee1c7a8e33fb389bc4/master/w_1600,c_limit/1944_01_15.jpg",https://www.newyorker.com/magazine/1944/01/15,covers/1944/1944-01-15.jpg,570226,ok
1944-01-22,1944,"The New Yorker January 22, 1944",,"https://media.newyorker.com/photos/59094eef1c7a8e33fb389bc6/master/w_1600,c_limit/1944_01_22.jpg",https://www.newyorker.com/magazine/1944/01/22,covers/1944/1944-01-22.jpg,668213,ok
1944-01-29,1944,"The New Yorker January 29, 1944",,"https://media.newyorker.com/photos/59094eef2179605b11ad2870/master/w_1600,c_limit/1944_01_29.jpg",https://www.newyorker.com/magazine/1944/01/29,covers/1944/1944-01-29.jpg,699673,ok
1944-02-05,1944,"The New Yorker February 5, 1944",,"https://media.newyorker.com/photos/59094ef06552fa0be682b569/master/w_1600,c_limit/1944_02_05.jpg",https://www.newyorker.com/magazine/1944/02/05,covers/1944/1944-02-05.jpg,452607,ok
1944-02-12,1944,"The New Yorker February 12, 1944",,"https://media.newyorker.com/photos/59094ef1c14b3c606c103136/master/w_1600,c_limit/1944_02_12.jpg",https://www.newyorker.com/magazine/1944/02/12,covers/1944/1944-02-12.jpg,730797,ok
1944-02-19,1944,"The New Yorker February 19, 1944",,"https://media.newyorker.com/photos/59094ef16552fa0be682b56f/master/w_1600,c_limit/1944_02_19.jpg",https://www.newyorker.com/magazine/1944/02/19,covers/1944/1944-02-19.jpg,338859,ok
1944-02-26,1944,"The New Yorker February 26, 1944",,"https://media.newyorker.com/photos/59094ef2ebe912338a3720d4/master/w_1600,c_limit/1944_02_26.jpg",https://www.newyorker.com/magazine/1944/02/26,covers/1944/1944-02-26.jpg,510506,ok
1944-03-04,1944,"The New Yorker March 4, 1944",,"https://media.newyorker.com/photos/59094ef3ebe912338a3720d6/master/w_1600,c_limit/1944_03_04.jpg",https://www.newyorker.com/magazine/1944/03/04,covers/1944/1944-03-04.jpg,581137,ok
1944-03-11,1944,"The New Yorker March 11, 1944",,"https://media.newyorker.com/photos/59094ef12179605b11ad2872/master/w_1600,c_limit/1944_03_11.jpg",https://www.newyorker.com/magazine/1944/03/11,covers/1944/1944-03-11.jpg,529629,ok
1944-03-18,1944,"The New Yorker March 18, 1944",,"https://media.newyorker.com/photos/59094ef26552fa0be682b572/master/w_1600,c_limit/1944_03_18.jpg",https://www.newyorker.com/magazine/1944/03/18,covers/1944/1944-03-18.jpg,1102382,ok
1944-03-25,1944,"The New Yorker March 25, 1944",,"https://media.newyorker.com/photos/59094ef21c7a8e33fb389bce/master/w_1600,c_limit/1944_03_25.jpg",https://www.newyorker.com/magazine/1944/03/25,covers/1944/1944-03-25.jpg,566678,ok
1944-04-01,1944,"The New Yorker April 1, 1944",,"https://media.newyorker.com/photos/59094ef32179605b11ad2876/master/w_1600,c_limit/1944_04_01.jpg",https://www.newyorker.com/magazine/1944/04/01,covers/1944/1944-04-01.jpg,500153,ok
1944-04-08,1944,"The New Yorker April 8, 1944",,"https://media.newyorker.com/photos/59094ef4c14b3c606c103138/master/w_1600,c_limit/1944_04_08.jpg",https://www.newyorker.com/magazine/1944/04/08,covers/1944/1944-04-08.jpg,495459,ok
1944-04-15,1944,"The New Yorker April 15, 1944",,"https://media.newyorker.com/photos/59094ef41c7a8e33fb389bd0/master/w_1600,c_limit/1944_04_15.jpg",https://www.newyorker.com/magazine/1944/04/15,covers/1944/1944-04-15.jpg,632147,ok
1944-04-22,1944,"The New Yorker April 22, 1944",,"https://media.newyorker.com/photos/59094ef5ebe912338a3720d8/master/w_1600,c_limit/1944_04_22.jpg",https://www.newyorker.com/magazine/1944/04/22,covers/1944/1944-04-22.jpg,543667,ok
1944-04-29,1944,"The New Yorker April 29, 1944",,"https://media.newyorker.com/photos/59094ef6ebe912338a3720da/master/w_1600,c_limit/1944_04_29.jpg",https://www.newyorker.com/magazine/1944/04/29,covers/1944/1944-04-29.jpg,556262,ok
1944-05-06,1944,"The New Yorker May 6, 1944",,"https://media.newyorker.com/photos/59094ef76552fa0be682b57d/master/w_1600,c_limit/1944_05_06.jpg",https://www.newyorker.com/magazine/1944/05/06,covers/1944/1944-05-06.jpg,662493,ok
1944-05-13,1944,"The New Yorker May 13, 1944",,"https://media.newyorker.com/photos/59094ef72179605b11ad287e/master/w_1600,c_limit/1944_05_13.jpg",https://www.newyorker.com/magazine/1944/05/13,covers/1944/1944-05-13.jpg,531642,ok
1944-05-20,1944,"The New Yorker May 20, 1944",,"https://media.newyorker.com/photos/59094ef36552fa0be682b575/master/w_1600,c_limit/1944_05_20.jpg",https://www.newyorker.com/magazine/1944/05/20,covers/1944/1944-05-20.jpg,715665,ok
1944-05-27,1944,"The New Yorker May 27, 1944",,"https://media.newyorker.com/photos/59094ef3019dfc3494e9d285/master/w_1600,c_limit/1944_05_27.jpg",https://www.newyorker.com/magazine/1944/05/27,covers/1944/1944-05-27.jpg,473928,ok
1944-06-03,1944,"The New Yorker June 3, 1944",,"https://media.newyorker.com/photos/59094ef4019dfc3494e9d289/master/w_1600,c_limit/1944_06_03.jpg",https://www.newyorker.com/magazine/1944/06/03,covers/1944/1944-06-03.jpg,424705,ok
1944-06-10,1944,"The New Yorker June 10, 1944",,"https://media.newyorker.com/photos/59094ef5019dfc3494e9d28b/master/w_1600,c_limit/1944_06_10.jpg",https://www.newyorker.com/magazine/1944/06/10,covers/1944/1944-06-10.jpg,527743,ok
1944-06-17,1944,"The New Yorker June 17, 1944",,"https://media.newyorker.com/photos/59094ef5c14b3c606c10313a/master/w_1600,c_limit/1944_06_17.jpg",https://www.newyorker.com/magazine/1944/06/17,covers/1944/1944-06-17.jpg,731505,ok
1944-06-24,1944,"The New Yorker June 24, 1944",,"https://media.newyorker.com/photos/59094ef62179605b11ad287c/master/w_1600,c_limit/1944_06_24.jpg",https://www.newyorker.com/magazine/1944/06/24,covers/1944/1944-06-24.jpg,643761,ok
1944-07-01,1944,"The New Yorker July 1, 1944",,"https://media.newyorker.com/photos/59094ef9019dfc3494e9d295/master/w_1600,c_limit/1944_07_01.jpg",https://www.newyorker.com/magazine/1944/07/01,covers/1944/1944-07-01.jpg,449617,ok
1944-07-08,1944,"The New Yorker July 8, 1944",,"https://media.newyorker.com/photos/59094ef92179605b11ad2882/master/w_1600,c_limit/1944_07_08.jpg",https://www.newyorker.com/magazine/1944/07/08,covers/1944/1944-07-08.jpg,543765,ok
1944-07-15,1944,"The New Yorker July 15, 1944",,"https://media.newyorker.com/photos/59094efa1c7a8e33fb389bda/master/w_1600,c_limit/1944_07_15.jpg",https://www.newyorker.com/magazine/1944/07/15,covers/1944/1944-07-15.jpg,870778,ok
1944-07-22,1944,"The New Yorker July 22, 1944",,"https://media.newyorker.com/photos/59094efb2179605b11ad2884/master/w_1600,c_limit/1944_07_22.jpg",https://www.newyorker.com/magazine/1944/07/22,covers/1944/1944-07-22.jpg,554787,ok
1944-07-29,1944,"The New Yorker July 29, 1944",,"https://media.newyorker.com/photos/59094ef32179605b11ad2875/master/w_1600,c_limit/1944_07_29.jpg",https://www.newyorker.com/magazine/1944/07/29,covers/1944/1944-07-29.jpg,615709,ok
1944-08-05,1944,"The New Yorker August 5, 1944",,"https://media.newyorker.com/photos/59094ef46552fa0be682b577/master/w_1600,c_limit/1944_08_05.jpg",https://www.newyorker.com/magazine/1944/08/05,covers/1944/1944-08-05.jpg,405538,ok
1944-08-12,1944,"The New Yorker August 12, 1944",,"https://media.newyorker.com/photos/59094ef46552fa0be682b57a/master/w_1600,c_limit/1944_08_12.jpg",https://www.newyorker.com/magazine/1944/08/12,covers/1944/1944-08-12.jpg,445966,ok
1944-08-19,1944,"The New Yorker August 19, 1944",,"https://media.newyorker.com/photos/59094ef51c7a8e33fb389bd2/master/w_1600,c_limit/1944_08_19.jpg",https://www.newyorker.com/magazine/1944/08/19,covers/1944/1944-08-19.jpg,733066,ok
1944-08-26,1944,"The New Yorker August 26, 1944",,"https://media.newyorker.com/photos/59094ef6019dfc3494e9d28f/master/w_1600,c_limit/1944_08_26.jpg",https://www.newyorker.com/magazine/1944/08/26,covers/1944/1944-08-26.jpg,518684,ok
1944-09-02,1944,"The New Yorker September 2, 1944",,"https://media.newyorker.com/photos/59094ef6ebe912338a3720dd/master/w_1600,c_limit/1944_09_02.jpg",https://www.newyorker.com/magazine/1944/09/02,covers/1944/1944-09-02.jpg,393075,ok
1944-09-09,1944,"The New Yorker September 9, 1944",,"https://media.newyorker.com/photos/59094ef7c14b3c606c10313e/master/w_1600,c_limit/1944_09_09.jpg",https://www.newyorker.com/magazine/1944/09/09,covers/1944/1944-09-09.jpg,571176,ok
1944-09-16,1944,"The New Yorker September 16, 1944",,"https://media.newyorker.com/photos/59094ef8c14b3c606c103142/master/w_1600,c_limit/1944_09_16.jpg",https://www.newyorker.com/magazine/1944/09/16,covers/1944/1944-09-16.jpg,535045,ok
1944-09-23,1944,"The New Yorker September 23, 1944",,"https://media.newyorker.com/photos/59094ef81c7a8e33fb389bd6/master/w_1600,c_limit/1944_09_23.jpg",https://www.newyorker.com/magazine/1944/09/23,covers/1944/1944-09-23.jpg,710056,ok
1944-09-30,1944,"The New Yorker September 30, 1944",,"https://media.newyorker.com/photos/59094ef9ebe912338a3720e6/master/w_1600,c_limit/1944_09_30.jpg",https://www.newyorker.com/magazine/1944/09/30,covers/1944/1944-09-30.jpg,460730,ok
1944-10-07,1944,"The New Yorker October 7, 1944",,"https://media.newyorker.com/photos/59094ef4019dfc3494e9d287/master/w_1600,c_limit/1944_10_07.jpg",https://www.newyorker.com/magazine/1944/10/07,covers/1944/1944-10-07.jpg,529693,ok
1944-10-14,1944,"The New Yorker October 14, 1944",,"https://media.newyorker.com/photos/59094ef46552fa0be682b57b/master/w_1600,c_limit/1944_10_14.jpg",https://www.newyorker.com/magazine/1944/10/14,covers/1944/1944-10-14.jpg,554168,ok
1944-10-21,1944,"The New Yorker October 21, 1944",,"https://media.newyorker.com/photos/59094ef52179605b11ad287a/master/w_1600,c_limit/1944_10_21.jpg",https://www.newyorker.com/magazine/1944/10/21,covers/1944/1944-10-21.jpg,469993,ok
1944-10-28,1944,"The New Yorker October 28, 1944",,"https://media.newyorker.com/photos/59094ef6c14b3c606c10313c/master/w_1600,c_limit/1944_10_28.jpg",https://www.newyorker.com/magazine/1944/10/28,covers/1944/1944-10-28.jpg,428041,ok
1944-11-04,1944,"The New Yorker November 4, 1944",,"https://media.newyorker.com/photos/67fd0b5c5a403733dfaa56b5/master/w_1600,c_limit/1944_11_04.jpg",https://www.newyorker.com/magazine/1944/11/04,covers/1944/1944-11-04.jpg,506786,ok
1944-11-11,1944,"The New Yorker November 11, 1944",,"https://media.newyorker.com/photos/59094ef7019dfc3494e9d294/master/w_1600,c_limit/1944_11_11.jpg",https://www.newyorker.com/magazine/1944/11/11,covers/1944/1944-11-11.jpg,618016,ok
1944-11-18,1944,"The New Yorker November 18, 1944",,"https://media.newyorker.com/photos/59094ef8c14b3c606c103141/master/w_1600,c_limit/1944_11_18.jpg",https://www.newyorker.com/magazine/1944/11/18,covers/1944/1944-11-18.jpg,474100,ok
1944-11-25,1944,"The New Yorker November 25, 1944",,"https://media.newyorker.com/photos/59094ef82179605b11ad2880/master/w_1600,c_limit/1944_11_25.jpg",https://www.newyorker.com/magazine/1944/11/25,covers/1944/1944-11-25.jpg,528425,ok
1944-12-02,1944,"The New Yorker December 2, 1944",,"https://media.newyorker.com/photos/59094ef9ebe912338a3720e5/master/w_1600,c_limit/1944_12_02.jpg",https://www.newyorker.com/magazine/1944/12/02,covers/1944/1944-12-02.jpg,628230,ok
1944-12-09,1944,"The New Yorker December 9, 1944",,"https://media.newyorker.com/photos/59094efa6552fa0be682b57f/master/w_1600,c_limit/1944_12_09.jpg",https://www.newyorker.com/magazine/1944/12/09,covers/1944/1944-12-09.jpg,527743,ok
1944-12-16,1944,"The New Yorker December 16, 1944",,"https://media.newyorker.com/photos/59094ef52179605b11ad2878/master/w_1600,c_limit/1944_12_16.jpg",https://www.newyorker.com/magazine/1944/12/16,covers/1944/1944-12-16.jpg,733395,ok
1944-12-23,1944,"The New Yorker December 23, 1944",,"https://media.newyorker.com/photos/59094ef5019dfc3494e9d28d/master/w_1600,c_limit/1944_12_23.jpg",https://www.newyorker.com/magazine/1944/12/23,covers/1944/1944-12-23.jpg,320862,ok
1944-12-30,1944,"The New Yorker December 30, 1944",,"https://media.newyorker.com/photos/59094ef61c7a8e33fb389bd4/master/w_1600,c_limit/1944_12_30.jpg",https://www.newyorker.com/magazine/1944/12/30,covers/1944/1944-12-30.jpg,753209,ok
1945-01-06,1945,"The New Yorker January 6, 1945",,"https://media.newyorker.com/photos/59094ef7ebe912338a3720de/master/w_1600,c_limit/1945_01_06.jpg",https://www.newyorker.com/magazine/1945/01/06,covers/1945/1945-01-06.jpg,515281,ok
1945-01-13,1945,"The New Yorker January 13, 1945",,"https://media.newyorker.com/photos/59094ef7ebe912338a3720e0/master/w_1600,c_limit/1945_01_13.jpg",https://www.newyorker.com/magazine/1945/01/13,covers/1945/1945-01-13.jpg,415648,ok
1945-01-20,1945,"The New Yorker January 20, 1945",,"https://media.newyorker.com/photos/59094ef8ebe912338a3720e2/master/w_1600,c_limit/1945_01_20.jpg",https://www.newyorker.com/magazine/1945/01/20,covers/1945/1945-01-20.jpg,442868,ok
1945-01-27,1945,"The New Yorker January 27, 1945",,"https://media.newyorker.com/photos/59094ef9019dfc3494e9d297/master/w_1600,c_limit/1945_01_27.jpg",https://www.newyorker.com/magazine/1945/01/27,covers/1945/1945-01-27.jpg,338161,ok
1945-02-03,1945,"The New Yorker February 3, 1945",,"https://media.newyorker.com/photos/59094efac14b3c606c103146/master/w_1600,c_limit/1945_02_03.jpg",https://www.newyorker.com/magazine/1945/02/03,covers/1945/1945-02-03.jpg,484973,ok
1945-02-10,1945,"The New Yorker February 10, 1945",,"https://media.newyorker.com/photos/594723ab7a02d362ef630585/master/w_1600,c_limit/1945_02_10.jpg",https://www.newyorker.com/magazine/1945/02/10,covers/1945/1945-02-10.jpg,492765,ok
1945-02-17,1945,"The New Yorker February 17, 1945",,"https://media.newyorker.com/photos/59094efbc14b3c606c10314a/master/w_1600,c_limit/1945_02_17.jpg",https://www.newyorker.com/magazine/1945/02/17,covers/1945/1945-02-17.jpg,292531,ok
1945-02-24,1945,"The New Yorker February 24, 1945",,"https://media.newyorker.com/photos/59094ef9c14b3c606c103144/master/w_1600,c_limit/1945_02_24.jpg",https://www.newyorker.com/magazine/1945/02/24,covers/1945/1945-02-24.jpg,452704,ok
1945-03-03,1945,"The New Yorker March 3, 1945",,"https://media.newyorker.com/photos/59094ef91c7a8e33fb389bd8/master/w_1600,c_limit/1945_03_03.jpg",https://www.newyorker.com/magazine/1945/03/03,covers/1945/1945-03-03.jpg,561368,ok
1945-03-10,1945,"The New Yorker March 10, 1945",,"https://media.newyorker.com/photos/59094efaebe912338a3720e8/master/w_1600,c_limit/1945_03_10.jpg",https://www.newyorker.com/magazine/1945/03/10,covers/1945/1945-03-10.jpg,461227,ok
1945-03-17,1945,"The New Yorker March 17, 1945",,"https://media.newyorker.com/photos/59094efbebe912338a3720ea/master/w_1600,c_limit/1945_03_17.jpg",https://www.newyorker.com/magazine/1945/03/17,covers/1945/1945-03-17.jpg,516803,ok
1945-03-24,1945,"The New Yorker March 24, 1945",,"https://media.newyorker.com/photos/59094efbebe912338a3720ec/master/w_1600,c_limit/1945_03_24.jpg",https://www.newyorker.com/magazine/1945/03/24,covers/1945/1945-03-24.jpg,591831,ok
1945-03-31,1945,"The New Yorker March 31, 1945",,"https://media.newyorker.com/photos/59094efc019dfc3494e9d29b/master/w_1600,c_limit/1945_03_31.jpg",https://www.newyorker.com/magazine/1945/03/31,covers/1945/1945-03-31.jpg,587171,ok
1945-04-07,1945,"The New Yorker April 7, 1945",,"https://media.newyorker.com/photos/59094efd6552fa0be682b584/master/w_1600,c_limit/1945_04_07.jpg",https://www.newyorker.com/magazine/1945/04/07,covers/1945/1945-04-07.jpg,478309,ok
1945-04-14,1945,"The New Yorker April 14, 1945",,"https://media.newyorker.com/photos/59094efd019dfc3494e9d29d/master/w_1600,c_limit/1945_04_14.jpg",https://www.newyorker.com/magazine/1945/04/14,covers/1945/1945-04-14.jpg,396180,ok
1945-04-21,1945,"The New Yorker April 21, 1945",,"https://media.newyorker.com/photos/59094efe6552fa0be682b58d/master/w_1600,c_limit/1945_04_21.jpg",https://www.newyorker.com/magazine/1945/04/21,covers/1945/1945-04-21.jpg,606302,ok
1945-04-28,1945,"The New Yorker April 28, 1945",,"https://media.newyorker.com/photos/59094eff6552fa0be682b591/master/w_1600,c_limit/1945_04_28.jpg",https://www.newyorker.com/magazine/1945/04/28,covers/1945/1945-04-28.jpg,602793,ok
1945-05-05,1945,"The New Yorker May 5, 1945",,"https://media.newyorker.com/photos/59094efb6552fa0be682b581/master/w_1600,c_limit/1945_05_05.jpg",https://www.newyorker.com/magazine/1945/05/05,covers/1945/1945-05-05.jpg,475965,ok
1945-05-12,1945,"The New Yorker May 12, 1945",,"https://media.newyorker.com/photos/59094efcebe912338a3720ee/master/w_1600,c_limit/1945_05_12.jpg",https://www.newyorker.com/magazine/1945/05/12,covers/1945/1945-05-12.jpg,551917,ok
1945-05-19,1945,"The New Yorker May 19, 1945",,"https://media.newyorker.com/photos/59094efc1c7a8e33fb389bdd/master/w_1600,c_limit/1945_05_19.jpg",https://www.newyorker.com/magazine/1945/05/19,covers/1945/1945-05-19.jpg,559083,ok
1945-05-26,1945,"The New Yorker May 26, 1945",,"https://media.newyorker.com/photos/59094efd6552fa0be682b589/master/w_1600,c_limit/1945_05_26.jpg",https://www.newyorker.com/magazine/1945/05/26,covers/1945/1945-05-26.jpg,830247,ok
1945-06-02,1945,"The New Yorker June 2, 1945",,"https://media.newyorker.com/photos/59094efe019dfc3494e9d29f/master/w_1600,c_limit/1945_06_02.jpg",https://www.newyorker.com/magazine/1945/06/02,covers/1945/1945-06-02.jpg,499748,ok
1945-06-09,1945,"The New Yorker June 9, 1945",,"https://media.newyorker.com/photos/59094eff1c7a8e33fb389be0/master/w_1600,c_limit/1945_06_09.jpg",https://www.newyorker.com/magazine/1945/06/09,covers/1945/1945-06-09.jpg,615317,ok
1945-06-16,1945,"The New Yorker June 16, 1945",,"https://media.newyorker.com/photos/59094eff1c7a8e33fb389be2/master/w_1600,c_limit/1945_06_16.jpg",https://www.newyorker.com/magazine/1945/06/16,covers/1945/1945-06-16.jpg,396420,ok
1945-06-23,1945,"The New Yorker June 23, 1945",,"https://media.newyorker.com/photos/59094f00c14b3c606c103152/master/w_1600,c_limit/1945_06_23.jpg",https://www.newyorker.com/magazine/1945/06/23,covers/1945/1945-06-23.jpg,549013,ok
1945-06-30,1945,"The New Yorker June 30, 1945",,"https://media.newyorker.com/photos/59094f01ebe912338a3720fa/master/w_1600,c_limit/1945_06_30.jpg",https://www.newyorker.com/magazine/1945/06/30,covers/1945/1945-06-30.jpg,366751,ok
1945-07-07,1945,"The New Yorker July 7, 1945",,"https://media.newyorker.com/photos/59094f012179605b11ad2890/master/w_1600,c_limit/1945_07_07.jpg",https://www.newyorker.com/magazine/1945/07/07,covers/1945/1945-07-07.jpg,479148,ok
1945-07-14,1945,"The New Yorker July 14, 1945",,"https://media.newyorker.com/photos/59094efb019dfc3494e9d299/master/w_1600,c_limit/1945_07_14.jpg",https://www.newyorker.com/magazine/1945/07/14,covers/1945/1945-07-14.jpg,450983,ok
1945-07-21,1945,"The New Yorker July 21, 1945",,"https://media.newyorker.com/photos/59094efcc14b3c606c10314c/master/w_1600,c_limit/1945_07_21.jpg",https://www.newyorker.com/magazine/1945/07/21,covers/1945/1945-07-21.jpg,548087,ok
1945-07-28,1945,"The New Yorker July 28, 1945",,"https://media.newyorker.com/photos/59094efd6552fa0be682b587/master/w_1600,c_limit/1945_07_28.jpg",https://www.newyorker.com/magazine/1945/07/28,covers/1945/1945-07-28.jpg,516088,ok
1945-08-04,1945,"The New Yorker August 4, 1945",,"https://media.newyorker.com/photos/59094efe6552fa0be682b58b/master/w_1600,c_limit/1945_08_04.jpg",https://www.newyorker.com/magazine/1945/08/04,covers/1945/1945-08-04.jpg,313402,ok
1945-08-11,1945,"The New Yorker August 11, 1945",,"https://media.newyorker.com/photos/59094efe2179605b11ad2888/master/w_1600,c_limit/1945_08_11.jpg",https://www.newyorker.com/magazine/1945/08/11,covers/1945/1945-08-11.jpg,763488,ok
1945-08-18,1945,"The New Yorker August 18, 1945",,"https://media.newyorker.com/photos/59094eff2179605b11ad288a/master/w_1600,c_limit/1945_08_18.jpg",https://www.newyorker.com/magazine/1945/08/18,covers/1945/1945-08-18.jpg,638989,ok
1945-08-25,1945,"The New Yorker August 25, 1945",,"https://media.newyorker.com/photos/59094f00ebe912338a3720f5/master/w_1600,c_limit/1945_08_25.jpg",https://www.newyorker.com/magazine/1945/08/25,covers/1945/1945-08-25.jpg,554617,ok
1945-09-01,1945,"The New Yorker September 1, 1945",,"https://media.newyorker.com/photos/59094f011c7a8e33fb389be4/master/w_1600,c_limit/1945_09_01.jpg",https://www.newyorker.com/magazine/1945/09/01,covers/1945/1945-09-01.jpg,586573,ok
1945-09-08,1945,"The New Yorker September 8, 1945",,"https://media.newyorker.com/photos/59094f011c7a8e33fb389be8/master/w_1600,c_limit/1945_09_08.jpg",https://www.newyorker.com/magazine/1945/09/08,covers/1945/1945-09-08.jpg,785512,ok
1945-09-15,1945,"The New Yorker September 15, 1945",,"https://media.newyorker.com/photos/59094f02019dfc3494e9d2a5/master/w_1600,c_limit/1945_09_15.jpg",https://www.newyorker.com/magazine/1945/09/15,covers/1945/1945-09-15.jpg,449916,ok
1945-09-22,1945,"The New Yorker September 22, 1945",,"https://media.newyorker.com/photos/59094efd1c7a8e33fb389bde/master/w_1600,c_limit/1945_09_22.jpg",https://www.newyorker.com/magazine/1945/09/22,covers/1945/1945-09-22.jpg,591588,ok
1945-09-29,1945,"The New Yorker September 29, 1945",,"https://media.newyorker.com/photos/59094efd2179605b11ad2886/master/w_1600,c_limit/1945_09_29.jpg",https://www.newyorker.com/magazine/1945/09/29,covers/1945/1945-09-29.jpg,816261,ok
1945-10-06,1945,"The New Yorker October 6, 1945",,"https://media.newyorker.com/photos/59094efe6552fa0be682b58f/master/w_1600,c_limit/1945_10_06.jpg",https://www.newyorker.com/magazine/1945/10/06,covers/1945/1945-10-06.jpg,355112,ok
1945-10-13,1945,"The New Yorker October 13, 1945",,"https://media.newyorker.com/photos/59094effebe912338a3720f0/master/w_1600,c_limit/1945_10_13.jpg",https://www.newyorker.com/magazine/1945/10/13,covers/1945/1945-10-13.jpg,546577,ok
1945-10-20,1945,"The New Yorker October 20, 1945",,"https://media.newyorker.com/photos/59094effebe912338a3720f2/master/w_1600,c_limit/1945_10_20.jpg",https://www.newyorker.com/magazine/1945/10/20,covers/1945/1945-10-20.jpg,636684,ok
1945-10-27,1945,"The New Yorker October 27, 1945",,"https://media.newyorker.com/photos/59094f00ebe912338a3720f6/master/w_1600,c_limit/1945_10_27.jpg",https://www.newyorker.com/magazine/1945/10/27,covers/1945/1945-10-27.jpg,513673,ok
1945-11-03,1945,"The New Yorker November 3, 1945",,"https://media.newyorker.com/photos/59094f011c7a8e33fb389be6/master/w_1600,c_limit/1945_11_03.jpg",https://www.newyorker.com/magazine/1945/11/03,covers/1945/1945-11-03.jpg,462250,ok
1945-11-10,1945,"The New Yorker November 10, 1945",,"https://media.newyorker.com/photos/59094f026552fa0be682b593/master/w_1600,c_limit/1945_11_10.jpg",https://www.newyorker.com/magazine/1945/11/10,covers/1945/1945-11-10.jpg,604698,ok
1945-11-17,1945,"The New Yorker November 17, 1945",,"https://media.newyorker.com/photos/59094f026552fa0be682b595/master/w_1600,c_limit/1945_11_17.jpg",https://www.newyorker.com/magazine/1945/11/17,covers/1945/1945-11-17.jpg,502813,ok
1945-11-24,1945,"The New Yorker November 24, 1945",,"https://media.newyorker.com/photos/59094f032179605b11ad2892/master/w_1600,c_limit/1945_11_24.jpg",https://www.newyorker.com/magazine/1945/11/24,covers/1945/1945-11-24.jpg,499007,ok
1945-12-01,1945,"The New Yorker December 1, 1945",,"https://media.newyorker.com/photos/59094efd6552fa0be682b586/master/w_1600,c_limit/1945_12_01.jpg",https://www.newyorker.com/magazine/1945/12/01,covers/1945/1945-12-01.jpg,931763,ok
1945-12-08,1945,"The New Yorker December 8, 1945",,"https://media.newyorker.com/photos/59094efdc14b3c606c10314e/master/w_1600,c_limit/1945_12_08.jpg",https://www.newyorker.com/magazine/1945/12/08,covers/1945/1945-12-08.jpg,609638,ok
1945-12-15,1945,"The New Yorker December 15, 1945",,"https://media.newyorker.com/photos/59094efec14b3c606c103150/master/w_1600,c_limit/1945_12_15.jpg",https://www.newyorker.com/magazine/1945/12/15,covers/1945/1945-12-15.jpg,426480,ok
1945-12-22,1945,"The New Yorker December 22, 1945",,"https://media.newyorker.com/photos/59094eff019dfc3494e9d2a1/master/w_1600,c_limit/1945_12_22.jpg",https://www.newyorker.com/magazine/1945/12/22,covers/1945/1945-12-22.jpg,644221,ok
1945-12-29,1945,"The New Yorker December 29, 1945",,"https://media.newyorker.com/photos/59094f00019dfc3494e9d2a3/master/w_1600,c_limit/1945_12_29.jpg",https://www.newyorker.com/magazine/1945/12/29,covers/1945/1945-12-29.jpg,521930,ok
1946-01-05,1946,"The New Yorker January 5, 1946",,"https://media.newyorker.com/photos/59094f002179605b11ad288c/master/w_1600,c_limit/1946_01_05.jpg",https://www.newyorker.com/magazine/1946/01/05,covers/1946/1946-01-05.jpg,489250,ok
1946-01-12,1946,"The New Yorker January 12, 1946",,"https://media.newyorker.com/photos/59094f012179605b11ad288e/master/w_1600,c_limit/1946_01_12.jpg",https://www.newyorker.com/magazine/1946/01/12,covers/1946/1946-01-12.jpg,562458,ok
1946-01-19,1946,"The New Yorker January 19, 1946",,"https://media.newyorker.com/photos/59094f02c14b3c606c103156/master/w_1600,c_limit/1946_01_19.jpg",https://www.newyorker.com/magazine/1946/01/19,covers/1946/1946-01-19.jpg,659890,ok
1946-01-26,1946,"The New Yorker January 26, 1946",,"https://media.newyorker.com/photos/59094f02c14b3c606c103158/master/w_1600,c_limit/1946_01_26.jpg",https://www.newyorker.com/magazine/1946/01/26,covers/1946/1946-01-26.jpg,509411,ok
1946-02-02,1946,"The New Yorker February 2, 1946",,"https://media.newyorker.com/photos/59094f03019dfc3494e9d2a9/master/w_1600,c_limit/1946_02_02.jpg",https://www.newyorker.com/magazine/1946/02/02,covers/1946/1946-02-02.jpg,621716,ok
1946-02-09,1946,"The New Yorker February 9, 1946",,"https://media.newyorker.com/photos/59094f01ebe912338a3720f9/master/w_1600,c_limit/1946_02_09.jpg",https://www.newyorker.com/magazine/1946/02/09,covers/1946/1946-02-09.jpg,700147,ok
1946-02-16,1946,"The New Yorker February 16, 1946",,"https://media.newyorker.com/photos/59094f01c14b3c606c103154/master/w_1600,c_limit/1946_02_16.jpg",https://www.newyorker.com/magazine/1946/02/16,covers/1946/1946-02-16.jpg,293394,ok
1946-02-23,1946,"The New Yorker February 23, 1946",,"https://media.newyorker.com/photos/59094f021c7a8e33fb389bea/master/w_1600,c_limit/1946_02_23.jpg",https://www.newyorker.com/magazine/1946/02/23,covers/1946/1946-02-23.jpg,612512,ok
1946-03-02,1946,"The New Yorker March 2, 1946",,"https://media.newyorker.com/photos/59094f03019dfc3494e9d2a8/master/w_1600,c_limit/1946_03_02.jpg",https://www.newyorker.com/magazine/1946/03/02,covers/1946/1946-03-02.jpg,610706,ok
1946-03-09,1946,"The New Yorker March 9, 1946",,"https://media.newyorker.com/photos/59094f03c14b3c606c10315a/master/w_1600,c_limit/1946_03_09.jpg",https://www.newyorker.com/magazine/1946/03/09,covers/1946/1946-03-09.jpg,531640,ok
1946-03-16,1946,"The New Yorker March 16, 1946",,"https://media.newyorker.com/photos/59094f04ebe912338a3720fe/master/w_1600,c_limit/1946_03_16.jpg",https://www.newyorker.com/magazine/1946/03/16,covers/1946/1946-03-16.jpg,586570,ok
1946-03-23,1946,"The New Yorker March 23, 1946",,"https://media.newyorker.com/photos/59094f05019dfc3494e9d2ac/master/w_1600,c_limit/1946_03_23.jpg",https://www.newyorker.com/magazine/1946/03/23,covers/1946/1946-03-23.jpg,602211,ok
1946-03-30,1946,"The New Yorker March 30, 1946",,"https://media.newyorker.com/photos/59094f051c7a8e33fb389bee/master/w_1600,c_limit/1946_03_30.jpg",https://www.newyorker.com/magazine/1946/03/30,covers/1946/1946-03-30.jpg,597131,ok
1946-04-06,1946,"The New Yorker April 6, 1946",,"https://media.newyorker.com/photos/59094f062179605b11ad289a/master/w_1600,c_limit/1946_04_06.jpg",https://www.newyorker.com/magazine/1946/04/06,covers/1946/1946-04-06.jpg,605123,ok
1946-04-13,1946,"The New Yorker April 13, 1946",,"https://media.newyorker.com/photos/59094f072179605b11ad289c/master/w_1600,c_limit/1946_04_13.jpg",https://www.newyorker.com/magazine/1946/04/13,covers/1946/1946-04-13.jpg,857475,ok
1946-04-20,1946,"The New Yorker April 20, 1946",,"https://media.newyorker.com/photos/59094f031c7a8e33fb389bec/master/w_1600,c_limit/1946_04_20.jpg",https://www.newyorker.com/magazine/1946/04/20,covers/1946/1946-04-20.jpg,579194,ok
1946-04-27,1946,"The New Yorker April 27, 1946",,"https://media.newyorker.com/photos/59094f04ebe912338a3720fc/master/w_1600,c_limit/1946_04_27.jpg",https://www.newyorker.com/magazine/1946/04/27,covers/1946/1946-04-27.jpg,700276,ok
1946-05-04,1946,"The New Yorker May 4, 1946",,"https://media.newyorker.com/photos/59094f046552fa0be682b599/master/w_1600,c_limit/1946_05_04.jpg",https://www.newyorker.com/magazine/1946/05/04,covers/1946/1946-05-04.jpg,475368,ok
1946-05-11,1946,"The New Yorker May 11, 1946",,"https://media.newyorker.com/photos/59094f05019dfc3494e9d2af/master/w_1600,c_limit/1946_05_11.jpg",https://www.newyorker.com/magazine/1946/05/11,covers/1946/1946-05-11.jpg,533335,ok
1946-05-18,1946,"The New Yorker May 18, 1946",,"https://media.newyorker.com/photos/59094f061c7a8e33fb389bf0/master/w_1600,c_limit/1946_05_18.jpg",https://www.newyorker.com/magazine/1946/05/18,covers/1946/1946-05-18.jpg,573016,ok
1946-05-25,1946,"The New Yorker May 25, 1946",,"https://media.newyorker.com/photos/59094f081c7a8e33fb389bf4/master/w_1600,c_limit/1946_05_25.jpg",https://www.newyorker.com/magazine/1946/05/25,covers/1946/1946-05-25.jpg,573633,ok
1946-06-01,1946,"The New Yorker June 1, 1946",,"https://media.newyorker.com/photos/59094f09019dfc3494e9d2b5/master/w_1600,c_limit/1946_06_01.jpg",https://www.newyorker.com/magazine/1946/06/01,covers/1946/1946-06-01.jpg,638713,ok
1946-06-08,1946,"The New Yorker June 8, 1946",,"https://media.newyorker.com/photos/59094f0a019dfc3494e9d2b9/master/w_1600,c_limit/1946_06_08.jpg",https://www.newyorker.com/magazine/1946/06/08,covers/1946/1946-06-08.jpg,640085,ok
1946-06-15,1946,"The New Yorker June 15, 1946",,"https://media.newyorker.com/photos/59094f0a2179605b11ad28a1/master/w_1600,c_limit/1946_06_15.jpg",https://www.newyorker.com/magazine/1946/06/15,covers/1946/1946-06-15.jpg,626916,ok
1946-06-22,1946,"The New Yorker June 22, 1946",,"https://media.newyorker.com/photos/59094f0bebe912338a37210c/master/w_1600,c_limit/1946_06_22.jpg",https://www.newyorker.com/magazine/1946/06/22,covers/1946/1946-06-22.jpg,475305,ok
1946-06-29,1946,"The New Yorker June 29, 1946",,"https://media.newyorker.com/photos/59094f046552fa0be682b597/master/w_1600,c_limit/1946_06_29.jpg",https://www.newyorker.com/magazine/1946/06/29,covers/1946/1946-06-29.jpg,605052,ok
1946-07-06,1946,"The New Yorker July 6, 1946",,"https://media.newyorker.com/photos/59094f042179605b11ad2894/master/w_1600,c_limit/1946_07_06.jpg",https://www.newyorker.com/magazine/1946/07/06,covers/1946/1946-07-06.jpg,567175,ok
1946-07-13,1946,"The New Yorker July 13, 1946",,"https://media.newyorker.com/photos/59094f05c14b3c606c10315c/master/w_1600,c_limit/1946_07_13.jpg",https://www.newyorker.com/magazine/1946/07/13,covers/1946/1946-07-13.jpg,927898,ok
1946-07-20,1946,"The New Yorker July 20, 1946",,"https://media.newyorker.com/photos/59094f06ebe912338a372101/master/w_1600,c_limit/1946_07_20.jpg",https://www.newyorker.com/magazine/1946/07/20,covers/1946/1946-07-20.jpg,529797,ok
1946-07-27,1946,"The New Yorker July 27, 1946",,"https://media.newyorker.com/photos/59094f07019dfc3494e9d2b1/master/w_1600,c_limit/1946_07_27.jpg",https://www.newyorker.com/magazine/1946/07/27,covers/1946/1946-07-27.jpg,740284,ok
1946-08-03,1946,"The New Yorker August 3, 1946",,"https://media.newyorker.com/photos/59094f071c7a8e33fb389bf3/master/w_1600,c_limit/1946_08_03.jpg",https://www.newyorker.com/magazine/1946/08/03,covers/1946/1946-08-03.jpg,781999,ok
1946-08-10,1946,"The New Yorker August 10, 1946",,"https://media.newyorker.com/photos/59094f086552fa0be682b5a3/master/w_1600,c_limit/1946_08_10.jpg",https://www.newyorker.com/magazine/1946/08/10,covers/1946/1946-08-10.jpg,715277,ok
1946-08-17,1946,"The New Yorker August 17, 1946",,"https://media.newyorker.com/photos/59094f0c2179605b11ad28a4/master/w_1600,c_limit/1946_08_17.jpg",https://www.newyorker.com/magazine/1946/08/17,covers/1946/1946-08-17.jpg,588258,ok
1946-08-24,1946,"The New Yorker August 24, 1946",,"https://media.newyorker.com/photos/59094f0debe912338a372110/master/w_1600,c_limit/1946_08_24.jpg",https://www.newyorker.com/magazine/1946/08/24,covers/1946/1946-08-24.jpg,550888,ok
1946-08-31,1946,"The New Yorker August 31, 1946",,"https://media.newyorker.com/photos/59094f0d1c7a8e33fb389bfa/master/w_1600,c_limit/1946_08_31.jpg",https://www.newyorker.com/magazine/1946/08/31,covers/1946/1946-08-31.jpg,590018,ok
1946-09-07,1946,"The New Yorker September 7, 1946",,"https://media.newyorker.com/photos/59094f052179605b11ad2896/master/w_1600,c_limit/1946_09_07.jpg",https://www.newyorker.com/magazine/1946/09/07,covers/1946/1946-09-07.jpg,319038,ok
1946-09-14,1946,"The New Yorker September 14, 1946",,"https://media.newyorker.com/photos/59094f052179605b11ad2898/master/w_1600,c_limit/1946_09_14.jpg",https://www.newyorker.com/magazine/1946/09/14,covers/1946/1946-09-14.jpg,466753,ok
1946-09-21,1946,"The New Yorker September 21, 1946",,"https://media.newyorker.com/photos/59094f06ebe912338a372102/master/w_1600,c_limit/1946_09_21.jpg",https://www.newyorker.com/magazine/1946/09/21,covers/1946/1946-09-21.jpg,593686,ok
1946-09-28,1946,"The New Yorker September 28, 1946",,"https://media.newyorker.com/photos/59094f076552fa0be682b59f/master/w_1600,c_limit/1946_09_28.jpg",https://www.newyorker.com/magazine/1946/09/28,covers/1946/1946-09-28.jpg,719037,ok
1946-10-05,1946,"The New Yorker October 5, 1946",,"https://media.newyorker.com/photos/59094f07ebe912338a372104/master/w_1600,c_limit/1946_10_05.jpg",https://www.newyorker.com/magazine/1946/10/05,covers/1946/1946-10-05.jpg,482664,ok
1946-10-12,1946,"The New Yorker October 12, 1946",,"https://media.newyorker.com/photos/59094f092179605b11ad289e/master/w_1600,c_limit/1946_10_12.jpg",https://www.newyorker.com/magazine/1946/10/12,covers/1946/1946-10-12.jpg,738019,ok
1946-10-19,1946,"The New Yorker October 19, 1946",,"https://media.newyorker.com/photos/59094f091c7a8e33fb389bf6/master/w_1600,c_limit/1946_10_19.jpg",https://www.newyorker.com/magazine/1946/10/19,covers/1946/1946-10-19.jpg,542480,ok
1946-10-26,1946,"The New Yorker October 26, 1946",,"https://media.newyorker.com/photos/59094f0a6552fa0be682b5a5/master/w_1600,c_limit/1946_10_26.jpg",https://www.newyorker.com/magazine/1946/10/26,covers/1946/1946-10-26.jpg,639101,ok
1946-11-02,1946,"The New Yorker November 2, 1946",,"https://media.newyorker.com/photos/59094f0c2179605b11ad28a3/master/w_1600,c_limit/1946_11_02.jpg",https://www.newyorker.com/magazine/1946/11/02,covers/1946/1946-11-02.jpg,666987,ok
1946-11-09,1946,"The New Yorker November 9, 1946",,"https://media.newyorker.com/photos/59094f0c6552fa0be682b5a9/master/w_1600,c_limit/1946_11_09.jpg",https://www.newyorker.com/magazine/1946/11/09,covers/1946/1946-11-09.jpg,534067,ok
1946-11-16,1946,"The New Yorker November 16, 1946",,"https://media.newyorker.com/photos/59094f05019dfc3494e9d2ad/master/w_1600,c_limit/1946_11_16.jpg",https://www.newyorker.com/magazine/1946/11/16,covers/1946/1946-11-16.jpg,748012,ok
1946-11-23,1946,"The New Yorker November 23, 1946",,"https://media.newyorker.com/photos/59094f066552fa0be682b59b/master/w_1600,c_limit/1946_11_23.jpg",https://www.newyorker.com/magazine/1946/11/23,covers/1946/1946-11-23.jpg,637596,ok
1946-11-30,1946,"The New Yorker November 30, 1946",,"https://media.newyorker.com/photos/59094f066552fa0be682b59d/master/w_1600,c_limit/1946_11_30.jpg",https://www.newyorker.com/magazine/1946/11/30,covers/1946/1946-11-30.jpg,549238,ok
1946-12-07,1946,"The New Yorker December 7, 1946",,"https://media.newyorker.com/photos/59094f07019dfc3494e9d2b3/master/w_1600,c_limit/1946_12_07.jpg",https://www.newyorker.com/magazine/1946/12/07,covers/1946/1946-12-07.jpg,620655,ok
1946-12-14,1946,"The New Yorker December 14, 1946",,"https://media.newyorker.com/photos/59094f086552fa0be682b5a1/master/w_1600,c_limit/1946_12_14.jpg",https://www.newyorker.com/magazine/1946/12/14,covers/1946/1946-12-14.jpg,455674,ok
1946-12-21,1946,"The New Yorker December 21, 1946",,"https://media.newyorker.com/photos/59094f09ebe912338a372106/master/w_1600,c_limit/1946_12_21.jpg",https://www.newyorker.com/magazine/1946/12/21,covers/1946/1946-12-21.jpg,667771,ok
1946-12-28,1946,"The New Yorker December 28, 1946",,"https://media.newyorker.com/photos/59094f09019dfc3494e9d2b7/master/w_1600,c_limit/1946_12_28.jpg",https://www.newyorker.com/magazine/1946/12/28,covers/1946/1946-12-28.jpg,786006,ok
1947-01-04,1947,"The New Yorker January 4, 1947",,"https://media.newyorker.com/photos/59094f0aebe912338a37210a/master/w_1600,c_limit/1947_01_04.jpg",https://www.newyorker.com/magazine/1947/01/04,covers/1947/1947-01-04.jpg,345967,ok
1947-01-11,1947,"The New Yorker January 11, 1947",,"https://media.newyorker.com/photos/59094f0bc14b3c606c103160/master/w_1600,c_limit/1947_01_11.jpg",https://www.newyorker.com/magazine/1947/01/11,covers/1947/1947-01-11.jpg,521383,ok
1947-01-18,1947,"The New Yorker January 18, 1947",,"https://media.newyorker.com/photos/59094f0c6552fa0be682b5a7/master/w_1600,c_limit/1947_01_18.jpg",https://www.newyorker.com/magazine/1947/01/18,covers/1947/1947-01-18.jpg,476004,ok
1947-01-25,1947,"The New Yorker January 25, 1947",,"https://media.newyorker.com/photos/59094f09c14b3c606c10315e/master/w_1600,c_limit/1947_01_25.jpg",https://www.newyorker.com/magazine/1947/01/25,covers/1947/1947-01-25.jpg,547199,ok
1947-02-01,1947,"The New Yorker February 1, 1947",,"https://media.newyorker.com/photos/59094f09ebe912338a372108/master/w_1600,c_limit/1947_02_01.jpg",https://www.newyorker.com/magazine/1947/02/01,covers/1947/1947-02-01.jpg,512666,ok
1947-02-08,1947,"The New Yorker February 8, 1947",,"https://media.newyorker.com/photos/59094f0a1c7a8e33fb389bf8/master/w_1600,c_limit/1947_02_08.jpg",https://www.newyorker.com/magazine/1947/02/08,covers/1947/1947-02-08.jpg,526836,ok
1947-02-15,1947,"The New Yorker February 15, 1947",,"https://media.newyorker.com/photos/59094f0b019dfc3494e9d2bb/master/w_1600,c_limit/1947_02_15.jpg",https://www.newyorker.com/magazine/1947/02/15,covers/1947/1947-02-15.jpg,617817,ok
1947-02-22,1947,"The New Yorker February 22, 1947",,"https://media.newyorker.com/photos/59094f0b019dfc3494e9d2bd/master/w_1600,c_limit/1947_02_22.jpg",https://www.newyorker.com/magazine/1947/02/22,covers/1947/1947-02-22.jpg,310848,ok
1947-03-01,1947,"The New Yorker March 1, 1947",,"https://media.newyorker.com/photos/59094f0cebe912338a37210e/master/w_1600,c_limit/1947_03_01.jpg",https://www.newyorker.com/magazine/1947/03/01,covers/1947/1947-03-01.jpg,595870,ok
1947-03-08,1947,"The New Yorker March 8, 1947",,"https://media.newyorker.com/photos/59094f0dc14b3c606c103162/master/w_1600,c_limit/1947_03_08.jpg",https://www.newyorker.com/magazine/1947/03/08,covers/1947/1947-03-08.jpg,630205,ok
1947-03-15,1947,"The New Yorker March 15, 1947",,"https://media.newyorker.com/photos/59094f0d019dfc3494e9d2bf/master/w_1600,c_limit/1947_03_15.jpg",https://www.newyorker.com/magazine/1947/03/15,covers/1947/1947-03-15.jpg,471536,ok
1947-03-22,1947,"The New Yorker March 22, 1947",,"https://media.newyorker.com/photos/59094f0e019dfc3494e9d2c1/master/w_1600,c_limit/1947_03_22.jpg",https://www.newyorker.com/magazine/1947/03/22,covers/1947/1947-03-22.jpg,640920,ok
1947-03-29,1947,"The New Yorker March 29, 1947",,"https://media.newyorker.com/photos/59094f0febe912338a372114/master/w_1600,c_limit/1947_03_29.jpg",https://www.newyorker.com/magazine/1947/03/29,covers/1947/1947-03-29.jpg,545411,ok
1947-04-05,1947,"The New Yorker April 5, 1947",,"https://media.newyorker.com/photos/59094f0d6552fa0be682b5ab/master/w_1600,c_limit/1947_04_05.jpg",https://www.newyorker.com/magazine/1947/04/05,covers/1947/1947-04-05.jpg,371963,ok
1947-04-12,1947,"The New Yorker April 12, 1947",,"https://media.newyorker.com/photos/59094f0d6552fa0be682b5ad/master/w_1600,c_limit/1947_04_12.jpg",https://www.newyorker.com/magazine/1947/04/12,covers/1947/1947-04-12.jpg,549027,ok
1947-04-19,1947,"The New Yorker April 19, 1947",,"https://media.newyorker.com/photos/59094f0e1c7a8e33fb389bfc/master/w_1600,c_limit/1947_04_19.jpg",https://www.newyorker.com/magazine/1947/04/19,covers/1947/1947-04-19.jpg,728231,ok
1947-04-26,1947,"The New Yorker April 26, 1947",,"https://media.newyorker.com/photos/59094f0f1c7a8e33fb389bfe/master/w_1600,c_limit/1947_04_26.jpg",https://www.newyorker.com/magazine/1947/04/26,covers/1947/1947-04-26.jpg,370562,ok
1947-05-03,1947,"The New Yorker May 3, 1947",,"https://media.newyorker.com/photos/59094f0f019dfc3494e9d2c3/master/w_1600,c_limit/1947_05_03.jpg",https://www.newyorker.com/magazine/1947/05/03,covers/1947/1947-05-03.jpg,673505,ok
1947-05-10,1947,"The New Yorker May 10, 1947",,"https://media.newyorker.com/photos/59094f10c14b3c606c103168/master/w_1600,c_limit/1947_05_10.jpg",https://www.newyorker.com/magazine/1947/05/10,covers/1947/1947-05-10.jpg,599525,ok
1947-05-17,1947,"The New Yorker May 17, 1947",,"https://media.newyorker.com/photos/59094f111c7a8e33fb389c02/master/w_1600,c_limit/1947_05_17.jpg",https://www.newyorker.com/magazine/1947/05/17,covers/1947/1947-05-17.jpg,578102,ok
1947-05-24,1947,"The New Yorker May 24, 1947",,"https://media.newyorker.com/photos/59094f122179605b11ad28ad/master/w_1600,c_limit/1947_05_24.jpg",https://www.newyorker.com/magazine/1947/05/24,covers/1947/1947-05-24.jpg,693140,ok
1947-05-31,1947,"The New Yorker May 31, 1947",,"https://media.newyorker.com/photos/59094f12019dfc3494e9d2ce/master/w_1600,c_limit/1947_05_31.jpg",https://www.newyorker.com/magazine/1947/05/31,covers/1947/1947-05-31.jpg,597942,ok
1947-06-07,1947,"The New Yorker June 7, 1947",,"https://media.newyorker.com/photos/59094f13ebe912338a372118/master/w_1600,c_limit/1947_06_07.jpg",https://www.newyorker.com/magazine/1947/06/07,covers/1947/1947-06-07.jpg,611225,ok
1947-06-14,1947,"The New Yorker June 14, 1947",,"https://media.newyorker.com/photos/59094f0e6552fa0be682b5af/master/w_1600,c_limit/1947_06_14.jpg",https://www.newyorker.com/magazine/1947/06/14,covers/1947/1947-06-14.jpg,685833,ok
1947-06-21,1947,"The New Yorker June 21, 1947",,"https://media.newyorker.com/photos/59094f0e6552fa0be682b5b1/master/w_1600,c_limit/1947_06_21.jpg",https://www.newyorker.com/magazine/1947/06/21,covers/1947/1947-06-21.jpg,539739,ok
1947-06-28,1947,"The New Yorker June 28, 1947",,"https://media.newyorker.com/photos/59094f0f2179605b11ad28a6/master/w_1600,c_limit/1947_06_28.jpg",https://www.newyorker.com/magazine/1947/06/28,covers/1947/1947-06-28.jpg,633735,ok
1947-07-05,1947,"The New Yorker July 5, 1947",,"https://media.newyorker.com/photos/59094f106552fa0be682b5b3/master/w_1600,c_limit/1947_07_05.jpg",https://www.newyorker.com/magazine/1947/07/05,covers/1947/1947-07-05.jpg,522926,ok
1947-07-12,1947,"The New Yorker July 12, 1947",,"https://media.newyorker.com/photos/59094f11019dfc3494e9d2c7/master/w_1600,c_limit/1947_07_12.jpg",https://www.newyorker.com/magazine/1947/07/12,covers/1947/1947-07-12.jpg,560789,ok
1947-07-19,1947,"The New Yorker July 19, 1947",,"https://media.newyorker.com/photos/59094f11019dfc3494e9d2c9/master/w_1600,c_limit/1947_07_19.jpg",https://www.newyorker.com/magazine/1947/07/19,covers/1947/1947-07-19.jpg,597916,ok
1947-07-26,1947,"The New Yorker July 26, 1947",,"https://media.newyorker.com/photos/59094f12c14b3c606c10316a/master/w_1600,c_limit/1947_07_26.jpg",https://www.newyorker.com/magazine/1947/07/26,covers/1947/1947-07-26.jpg,632501,ok
1947-08-02,1947,"The New Yorker August 2, 1947",,"https://media.newyorker.com/photos/59094f126552fa0be682b5b9/master/w_1600,c_limit/1947_08_02.jpg",https://www.newyorker.com/magazine/1947/08/02,covers/1947/1947-08-02.jpg,551641,ok
1947-08-09,1947,"The New Yorker August 9, 1947",,"https://media.newyorker.com/photos/59094f131c7a8e33fb389c07/master/w_1600,c_limit/1947_08_09.jpg",https://www.newyorker.com/magazine/1947/08/09,covers/1947/1947-08-09.jpg,589343,ok
1947-08-16,1947,"The New Yorker August 16, 1947",,"https://media.newyorker.com/photos/59094f14019dfc3494e9d2d3/master/w_1600,c_limit/1947_08_16.jpg",https://www.newyorker.com/magazine/1947/08/16,covers/1947/1947-08-16.jpg,583321,ok
1947-08-23,1947,"The New Yorker August 23, 1947",,"https://media.newyorker.com/photos/59094f0eebe912338a372112/master/w_1600,c_limit/1947_08_23.jpg",https://www.newyorker.com/magazine/1947/08/23,covers/1947/1947-08-23.jpg,795671,ok
1947-08-30,1947,"The New Yorker August 30, 1947",,"https://media.newyorker.com/photos/59094f0fc14b3c606c103164/master/w_1600,c_limit/1947_08_30.jpg",https://www.newyorker.com/magazine/1947/08/30,covers/1947/1947-08-30.jpg,619825,ok
1947-09-06,1947,"The New Yorker September 6, 1947",,"https://media.newyorker.com/photos/59094f0f1c7a8e33fb389c00/master/w_1600,c_limit/1947_09_06.jpg",https://www.newyorker.com/magazine/1947/09/06,covers/1947/1947-09-06.jpg,502669,ok
1947-09-13,1947,"The New Yorker September 13, 1947",,"https://media.newyorker.com/photos/59094f102179605b11ad28a8/master/w_1600,c_limit/1947_09_13.jpg",https://www.newyorker.com/magazine/1947/09/13,covers/1947/1947-09-13.jpg,541779,ok
1947-09-20,1947,"The New Yorker September 20, 1947",,"https://media.newyorker.com/photos/59094f11ebe912338a372116/master/w_1600,c_limit/1947_09_20.jpg",https://www.newyorker.com/magazine/1947/09/20,covers/1947/1947-09-20.jpg,625557,ok
1947-09-27,1947,"The New Yorker September 27, 1947",,"https://media.newyorker.com/photos/59094f12019dfc3494e9d2cb/master/w_1600,c_limit/1947_09_27.jpg",https://www.newyorker.com/magazine/1947/09/27,covers/1947/1947-09-27.jpg,569900,ok
1947-10-04,1947,"The New Yorker October 4, 1947",,"https://media.newyorker.com/photos/59094f132179605b11ad28b0/master/w_1600,c_limit/1947_10_04.jpg",https://www.newyorker.com/magazine/1947/10/04,covers/1947/1947-10-04.jpg,683387,ok
1947-10-11,1947,"The New Yorker October 11, 1947",,"https://media.newyorker.com/photos/59094f14c14b3c606c10316e/master/w_1600,c_limit/1947_10_11.jpg",https://www.newyorker.com/magazine/1947/10/11,covers/1947/1947-10-11.jpg,645469,ok
1947-10-18,1947,"The New Yorker October 18, 1947",,"https://media.newyorker.com/photos/59094f15ebe912338a37211a/master/w_1600,c_limit/1947_10_18.jpg",https://www.newyorker.com/magazine/1947/10/18,covers/1947/1947-10-18.jpg,596582,ok
1947-10-25,1947,"The New Yorker October 25, 1947",,"https://media.newyorker.com/photos/59094f16ebe912338a37211e/master/w_1600,c_limit/1947_10_25.jpg",https://www.newyorker.com/magazine/1947/10/25,covers/1947/1947-10-25.jpg,583824,ok
1947-11-01,1947,"The New Yorker November 1, 1947",,"https://media.newyorker.com/photos/59094f0fc14b3c606c103166/master/w_1600,c_limit/1947_11_01.jpg",https://www.newyorker.com/magazine/1947/11/01,covers/1947/1947-11-01.jpg,686320,ok
1947-11-08,1947,"The New Yorker November 8, 1947",,"https://media.newyorker.com/photos/59094f106552fa0be682b5b5/master/w_1600,c_limit/1947_11_08.jpg",https://www.newyorker.com/magazine/1947/11/08,covers/1947/1947-11-08.jpg,621185,ok
1947-11-15,1947,"The New Yorker November 15, 1947",,"https://media.newyorker.com/photos/59094f112179605b11ad28aa/master/w_1600,c_limit/1947_11_15.jpg",https://www.newyorker.com/magazine/1947/11/15,covers/1947/1947-11-15.jpg,636983,ok
1947-11-22,1947,"The New Yorker November 22, 1947",,"https://media.newyorker.com/photos/59094f122179605b11ad28ae/master/w_1600,c_limit/1947_11_22.jpg",https://www.newyorker.com/magazine/1947/11/22,covers/1947/1947-11-22.jpg,647654,ok
1947-11-29,1947,"The New Yorker November 29, 1947",,"https://media.newyorker.com/photos/59094f12019dfc3494e9d2cf/master/w_1600,c_limit/1947_11_29.jpg",https://www.newyorker.com/magazine/1947/11/29,covers/1947/1947-11-29.jpg,614486,ok
1947-12-06,1947,"The New Yorker December 6, 1947",,"https://media.newyorker.com/photos/59094f13019dfc3494e9d2d1/master/w_1600,c_limit/1947_12_06.jpg",https://www.newyorker.com/magazine/1947/12/06,covers/1947/1947-12-06.jpg,526575,ok
1947-12-13,1947,"The New Yorker December 13, 1947",,"https://media.newyorker.com/photos/59094f142179605b11ad28b2/master/w_1600,c_limit/1947_12_13.jpg",https://www.newyorker.com/magazine/1947/12/13,covers/1947/1947-12-13.jpg,696121,ok
1947-12-20,1947,"The New Yorker December 20, 1947",,"https://media.newyorker.com/photos/59094f156552fa0be682b5bb/master/w_1600,c_limit/1947_12_20.jpg",https://www.newyorker.com/magazine/1947/12/20,covers/1947/1947-12-20.jpg,539019,ok
1947-12-27,1947,"The New Yorker December 27, 1947",,"https://media.newyorker.com/photos/59094f152179605b11ad28b6/master/w_1600,c_limit/1947_12_27.jpg",https://www.newyorker.com/magazine/1947/12/27,covers/1947/1947-12-27.jpg,634621,ok
1948-01-03,1948,"The New Yorker January 3, 1948",,"https://media.newyorker.com/photos/59094f16ebe912338a372120/master/w_1600,c_limit/1948_01_03.jpg",https://www.newyorker.com/magazine/1948/01/03,covers/1948/1948-01-03.jpg,650590,ok
1948-01-10,1948,"The New Yorker January 10, 1948",,"https://media.newyorker.com/photos/59094f10019dfc3494e9d2c6/master/w_1600,c_limit/1948_01_10.jpg",https://www.newyorker.com/magazine/1948/01/10,covers/1948/1948-01-10.jpg,746649,ok
1948-01-17,1948,"The New Yorker January 17, 1948",,"https://media.newyorker.com/photos/59094f116552fa0be682b5b7/master/w_1600,c_limit/1948_01_17.jpg",https://www.newyorker.com/magazine/1948/01/17,covers/1948/1948-01-17.jpg,648655,ok
1948-01-24,1948,"The New Yorker January 24, 1948",,"https://media.newyorker.com/photos/59094f121c7a8e33fb389c04/master/w_1600,c_limit/1948_01_24.jpg",https://www.newyorker.com/magazine/1948/01/24,covers/1948/1948-01-24.jpg,658267,ok
1948-01-31,1948,"The New Yorker January 31, 1948",,"https://media.newyorker.com/photos/59094f12c14b3c606c10316c/master/w_1600,c_limit/1948_01_31.jpg",https://www.newyorker.com/magazine/1948/01/31,covers/1948/1948-01-31.jpg,652561,ok
1948-02-07,1948,"The New Yorker February 7, 1948",,"https://media.newyorker.com/photos/59094f141c7a8e33fb389c08/master/w_1600,c_limit/1948_02_07.jpg",https://www.newyorker.com/magazine/1948/02/07,covers/1948/1948-02-07.jpg,660532,ok
1948-02-14,1948,"The New Yorker February 14, 1948",,"https://media.newyorker.com/photos/59094f14019dfc3494e9d2d5/master/w_1600,c_limit/1948_02_14.jpg",https://www.newyorker.com/magazine/1948/02/14,covers/1948/1948-02-14.jpg,630999,ok
1948-02-21,1948,"The New Yorker February 21, 1948",,"https://media.newyorker.com/photos/59094f152179605b11ad28b4/master/w_1600,c_limit/1948_02_21.jpg",https://www.newyorker.com/magazine/1948/02/21,covers/1948/1948-02-21.jpg,568661,ok
1948-02-28,1948,"The New Yorker February 28, 1948",,"https://media.newyorker.com/photos/59094f166552fa0be682b5bf/master/w_1600,c_limit/1948_02_28.jpg",https://www.newyorker.com/magazine/1948/02/28,covers/1948/1948-02-28.jpg,373415,ok
1948-03-06,1948,"The New Yorker March 6, 1948",,"https://media.newyorker.com/photos/59094f166552fa0be682b5c1/master/w_1600,c_limit/1948_03_06.jpg",https://www.newyorker.com/magazine/1948/03/06,covers/1948/1948-03-06.jpg,583182,ok
1948-03-13,1948,"The New Yorker March 13, 1948",,"https://media.newyorker.com/photos/59094f172179605b11ad28b8/master/w_1600,c_limit/1948_03_13.jpg",https://www.newyorker.com/magazine/1948/03/13,covers/1948/1948-03-13.jpg,624688,ok
1948-03-20,1948,"The New Yorker March 20, 1948",,"https://media.newyorker.com/photos/59094f156552fa0be682b5bd/master/w_1600,c_limit/1948_03_20.jpg",https://www.newyorker.com/magazine/1948/03/20,covers/1948/1948-03-20.jpg,539712,ok
1948-03-27,1948,"The New Yorker March 27, 1948",,"https://media.newyorker.com/photos/59094f16019dfc3494e9d2d7/master/w_1600,c_limit/1948_03_27.jpg",https://www.newyorker.com/magazine/1948/03/27,covers/1948/1948-03-27.jpg,449009,ok
1948-04-03,1948,"The New Yorker April 3, 1948",,"https://media.newyorker.com/photos/59094f16019dfc3494e9d2d9/master/w_1600,c_limit/1948_04_03.jpg",https://www.newyorker.com/magazine/1948/04/03,covers/1948/1948-04-03.jpg,638350,ok
1948-04-10,1948,"The New Yorker April 10, 1948",,"https://media.newyorker.com/photos/59094f17c14b3c606c103170/master/w_1600,c_limit/1948_04_10.jpg",https://www.newyorker.com/magazine/1948/04/10,covers/1948/1948-04-10.jpg,682899,ok
1948-04-17,1948,"The New Yorker April 17, 1948",,"https://media.newyorker.com/photos/59094f18019dfc3494e9d2db/master/w_1600,c_limit/1948_04_17.jpg",https://www.newyorker.com/magazine/1948/04/17,covers/1948/1948-04-17.jpg,490367,ok
1948-04-24,1948,"The New Yorker April 24, 1948",,"https://media.newyorker.com/photos/59094f18019dfc3494e9d2dd/master/w_1600,c_limit/1948_04_24.jpg",https://www.newyorker.com/magazine/1948/04/24,covers/1948/1948-04-24.jpg,815476,ok
1948-05-01,1948,"The New Yorker May 1, 1948",,"https://media.newyorker.com/photos/59094f196552fa0be682b5c6/master/w_1600,c_limit/1948_05_01.jpg",https://www.newyorker.com/magazine/1948/05/01,covers/1948/1948-05-01.jpg,687072,ok
1948-05-08,1948,"The New Yorker May 8, 1948",,"https://media.newyorker.com/photos/59094f1aebe912338a37212d/master/w_1600,c_limit/1948_05_08.jpg",https://www.newyorker.com/magazine/1948/05/08,covers/1948/1948-05-08.jpg,553341,ok
1948-05-15,1948,"The New Yorker May 15, 1948",,"https://media.newyorker.com/photos/59094f1b2179605b11ad28be/master/w_1600,c_limit/1948_05_15.jpg",https://www.newyorker.com/magazine/1948/05/15,covers/1948/1948-05-15.jpg,657720,ok
1948-05-22,1948,"The New Yorker May 22, 1948",,"https://media.newyorker.com/photos/59094f1bc14b3c606c103175/master/w_1600,c_limit/1948_05_22.jpg",https://www.newyorker.com/magazine/1948/05/22,covers/1948/1948-05-22.jpg,741900,ok
1948-05-29,1948,"The New Yorker May 29, 1948",,"https://media.newyorker.com/photos/59094f16ebe912338a37211d/master/w_1600,c_limit/1948_05_29.jpg",https://www.newyorker.com/magazine/1948/05/29,covers/1948/1948-05-29.jpg,565430,ok
1948-06-05,1948,"The New Yorker June 5, 1948",,"https://media.newyorker.com/photos/59094f161c7a8e33fb389c0a/master/w_1600,c_limit/1948_06_05.jpg",https://www.newyorker.com/magazine/1948/06/05,covers/1948/1948-06-05.jpg,529041,ok
1948-06-12,1948,"The New Yorker June 12, 1948",,"https://media.newyorker.com/photos/59094f171c7a8e33fb389c0c/master/w_1600,c_limit/1948_06_12.jpg",https://www.newyorker.com/magazine/1948/06/12,covers/1948/1948-06-12.jpg,606897,ok
1948-06-19,1948,"The New Yorker June 19, 1948",,"https://media.newyorker.com/photos/59094f17ebe912338a372122/master/w_1600,c_limit/1948_06_19.jpg",https://www.newyorker.com/magazine/1948/06/19,covers/1948/1948-06-19.jpg,585958,ok
1948-06-26,1948,"The New Yorker June 26, 1948",,"https://media.newyorker.com/photos/59094f18ebe912338a372124/master/w_1600,c_limit/1948_06_26.jpg",https://www.newyorker.com/magazine/1948/06/26,covers/1948/1948-06-26.jpg,521891,ok
1948-07-03,1948,"The New Yorker July 3, 1948",,"https://media.newyorker.com/photos/59094f19ebe912338a372128/master/w_1600,c_limit/1948_07_03.jpg",https://www.newyorker.com/magazine/1948/07/03,covers/1948/1948-07-03.jpg,829999,ok
1948-07-10,1948,"The New Yorker July 10, 1948",,"https://media.newyorker.com/photos/59094f1a2179605b11ad28bc/master/w_1600,c_limit/1948_07_10.jpg",https://www.newyorker.com/magazine/1948/07/10,covers/1948/1948-07-10.jpg,1126184,ok
1948-07-17,1948,"The New Yorker July 17, 1948",,"https://media.newyorker.com/photos/59094f1a6552fa0be682b5c9/master/w_1600,c_limit/1948_07_17.jpg",https://www.newyorker.com/magazine/1948/07/17,covers/1948/1948-07-17.jpg,588668,ok
1948-07-24,1948,"The New Yorker July 24, 1948",,"https://media.newyorker.com/photos/594723a7a1a54d504e5dd9cd/master/w_1600,c_limit/1948_07_24.jpg",https://www.newyorker.com/magazine/1948/07/24,covers/1948/1948-07-24.jpg,658406,ok
1948-07-31,1948,"The New Yorker July 31, 1948",,"https://media.newyorker.com/photos/59094f1cebe912338a372134/master/w_1600,c_limit/1948_07_31.jpg",https://www.newyorker.com/magazine/1948/07/31,covers/1948/1948-07-31.jpg,817095,ok
1948-08-07,1948,"The New Yorker August 7, 1948",,"https://media.newyorker.com/photos/59094f186552fa0be682b5c3/master/w_1600,c_limit/1948_08_07.jpg",https://www.newyorker.com/magazine/1948/08/07,covers/1948/1948-08-07.jpg,489111,ok
1948-08-14,1948,"The New Yorker August 14, 1948",,"https://media.newyorker.com/photos/59094f191c7a8e33fb389c0e/master/w_1600,c_limit/1948_08_14.jpg",https://www.newyorker.com/magazine/1948/08/14,covers/1948/1948-08-14.jpg,651902,ok
1948-08-21,1948,"The New Yorker August 21, 1948",,"https://media.newyorker.com/photos/59094f19ebe912338a37212a/master/w_1600,c_limit/1948_08_21.jpg",https://www.newyorker.com/magazine/1948/08/21,covers/1948/1948-08-21.jpg,490069,ok
1948-08-28,1948,"The New Yorker August 28, 1948",,"https://media.newyorker.com/photos/59094f1a019dfc3494e9d2e1/master/w_1600,c_limit/1948_08_28.jpg",https://www.newyorker.com/magazine/1948/08/28,covers/1948/1948-08-28.jpg,571885,ok
1948-09-04,1948,"The New Yorker September 4, 1948",,"https://media.newyorker.com/photos/59094f1bebe912338a372132/master/w_1600,c_limit/1948_09_04.jpg",https://www.newyorker.com/magazine/1948/09/04,covers/1948/1948-09-04.jpg,515828,ok
1948-09-11,1948,"The New Yorker September 11, 1948",,"https://media.newyorker.com/photos/59094f1b6552fa0be682b5cf/master/w_1600,c_limit/1948_09_11.jpg",https://www.newyorker.com/magazine/1948/09/11,covers/1948/1948-09-11.jpg,658034,ok
1948-09-18,1948,"The New Yorker September 18, 1948",,"https://media.newyorker.com/photos/59094f1cc14b3c606c103178/master/w_1600,c_limit/1948_09_18.jpg",https://www.newyorker.com/magazine/1948/09/18,covers/1948/1948-09-18.jpg,661813,ok
1948-09-25,1948,"The New Yorker September 25, 1948",,"https://media.newyorker.com/photos/59094f1dc14b3c606c10317a/master/w_1600,c_limit/1948_09_25.jpg",https://www.newyorker.com/magazine/1948/09/25,covers/1948/1948-09-25.jpg,529034,ok
1948-10-02,1948,"The New Yorker October 2, 1948",,"https://media.newyorker.com/photos/59094f1d019dfc3494e9d2e7/master/w_1600,c_limit/1948_10_02.jpg",https://www.newyorker.com/magazine/1948/10/02,covers/1948/1948-10-02.jpg,553649,ok
1948-10-09,1948,"The New Yorker October 9, 1948",,"https://media.newyorker.com/photos/59094f1e6552fa0be682b5d5/master/w_1600,c_limit/1948_10_09.jpg",https://www.newyorker.com/magazine/1948/10/09,covers/1948/1948-10-09.jpg,633727,ok
1948-10-16,1948,"The New Yorker October 16, 1948",,"https://media.newyorker.com/photos/59094f18c14b3c606c103172/master/w_1600,c_limit/1948_10_16.jpg",https://www.newyorker.com/magazine/1948/10/16,covers/1948/1948-10-16.jpg,11501,ok
1948-10-23,1948,"The New Yorker October 23, 1948",,"https://media.newyorker.com/photos/59094f19ebe912338a372126/master/w_1600,c_limit/1948_10_23.jpg",https://www.newyorker.com/magazine/1948/10/23,covers/1948/1948-10-23.jpg,611130,ok
1948-10-30,1948,"The New Yorker October 30, 1948",,"https://media.newyorker.com/photos/59094f1a2179605b11ad28bb/master/w_1600,c_limit/1948_10_30.jpg",https://www.newyorker.com/magazine/1948/10/30,covers/1948/1948-10-30.jpg,655164,ok
1948-11-06,1948,"The New Yorker November 6, 1948",,"https://media.newyorker.com/photos/59094f1aebe912338a372130/master/w_1600,c_limit/1948_11_06.jpg",https://www.newyorker.com/magazine/1948/11/06,covers/1948/1948-11-06.jpg,873419,ok
1948-11-13,1948,"The New Yorker November 13, 1948",,"https://media.newyorker.com/photos/59094f1c1c7a8e33fb389c10/master/w_1600,c_limit/1948_11_13.jpg",https://www.newyorker.com/magazine/1948/11/13,covers/1948/1948-11-13.jpg,645964,ok
1948-11-20,1948,"The New Yorker November 20, 1948",,"https://media.newyorker.com/photos/59094f1c2179605b11ad28c0/master/w_1600,c_limit/1948_11_20.jpg",https://www.newyorker.com/magazine/1948/11/20,covers/1948/1948-11-20.jpg,659285,ok
1948-11-27,1948,"The New Yorker November 27, 1948",,"https://media.newyorker.com/photos/59094f1d019dfc3494e9d2e5/master/w_1600,c_limit/1948_11_27.jpg",https://www.newyorker.com/magazine/1948/11/27,covers/1948/1948-11-27.jpg,723316,ok
1948-12-04,1948,"The New Yorker December 4, 1948",,"https://media.newyorker.com/photos/59094f1ec14b3c606c10317e/master/w_1600,c_limit/1948_12_04.jpg",https://www.newyorker.com/magazine/1948/12/04,covers/1948/1948-12-04.jpg,717572,ok
1948-12-11,1948,"The New Yorker December 11, 1948",,"https://media.newyorker.com/photos/59094f1e2179605b11ad28c6/master/w_1600,c_limit/1948_12_11.jpg",https://www.newyorker.com/magazine/1948/12/11,covers/1948/1948-12-11.jpg,722135,ok
1948-12-18,1948,"The New Yorker December 18, 1948",,"https://media.newyorker.com/photos/59094f1f2179605b11ad28cc/master/w_1600,c_limit/1948_12_18.jpg",https://www.newyorker.com/magazine/1948/12/18,covers/1948/1948-12-18.jpg,524006,ok
1948-12-25,1948,"The New Yorker December 25, 1948",,"https://media.newyorker.com/photos/59094f19019dfc3494e9d2df/master/w_1600,c_limit/1948_12_25.jpg",https://www.newyorker.com/magazine/1948/12/25,covers/1948/1948-12-25.jpg,599338,ok
1949-01-01,1949,"The New Yorker January 1, 1949",,"https://media.newyorker.com/photos/59094f196552fa0be682b5c7/master/w_1600,c_limit/1949_01_01.jpg",https://www.newyorker.com/magazine/1949/01/01,covers/1949/1949-01-01.jpg,411832,ok
1949-01-08,1949,"The New Yorker January 8, 1949",,"https://media.newyorker.com/photos/59094f1aebe912338a37212e/master/w_1600,c_limit/1949_01_08.jpg",https://www.newyorker.com/magazine/1949/01/08,covers/1949/1949-01-08.jpg,485441,ok
1949-01-15,1949,"The New Yorker January 15, 1949",,"https://media.newyorker.com/photos/59094f1b6552fa0be682b5cb/master/w_1600,c_limit/1949_01_15.jpg",https://www.newyorker.com/magazine/1949/01/15,covers/1949/1949-01-15.jpg,449426,ok
1949-01-22,1949,"The New Yorker January 22, 1949",,"https://media.newyorker.com/photos/59094f1bc14b3c606c103176/master/w_1600,c_limit/1949_01_22.jpg",https://www.newyorker.com/magazine/1949/01/22,covers/1949/1949-01-22.jpg,639154,ok
1949-01-29,1949,"The New Yorker January 29, 1949",,"https://media.newyorker.com/photos/59094f1c6552fa0be682b5d1/master/w_1600,c_limit/1949_01_29.jpg",https://www.newyorker.com/magazine/1949/01/29,covers/1949/1949-01-29.jpg,586908,ok
1949-02-05,1949,"The New Yorker February 5, 1949",,"https://media.newyorker.com/photos/59094f1d6552fa0be682b5d3/master/w_1600,c_limit/1949_02_05.jpg",https://www.newyorker.com/magazine/1949/02/05,covers/1949/1949-02-05.jpg,709439,ok
1949-02-12,1949,"The New Yorker February 12, 1949",,"https://media.newyorker.com/photos/59094f1ec14b3c606c10317d/master/w_1600,c_limit/1949_02_12.jpg",https://www.newyorker.com/magazine/1949/02/12,covers/1949/1949-02-12.jpg,532264,ok
1949-02-19,1949,"The New Yorker February 19, 1949",,"https://media.newyorker.com/photos/59094f1e2179605b11ad28c8/master/w_1600,c_limit/1949_02_19.jpg",https://www.newyorker.com/magazine/1949/02/19,covers/1949/1949-02-19.jpg,690317,ok
1949-02-26,1949,"The New Yorker February 26, 1949",,"https://media.newyorker.com/photos/59094f1febe912338a372136/master/w_1600,c_limit/1949_02_26.jpg",https://www.newyorker.com/magazine/1949/02/26,covers/1949/1949-02-26.jpg,410565,ok
1949-03-05,1949,"The New Yorker March 5, 1949",,"https://media.newyorker.com/photos/59094f1d019dfc3494e9d2e4/master/w_1600,c_limit/1949_03_05.jpg",https://www.newyorker.com/magazine/1949/03/05,covers/1949/1949-03-05.jpg,634140,ok
1949-03-12,1949,"The New Yorker March 12, 1949",,"https://media.newyorker.com/photos/59094f1e1c7a8e33fb389c12/master/w_1600,c_limit/1949_03_12.jpg",https://www.newyorker.com/magazine/1949/03/12,covers/1949/1949-03-12.jpg,530106,ok
1949-03-19,1949,"The New Yorker March 19, 1949",,"https://media.newyorker.com/photos/59094f1e2179605b11ad28c7/master/w_1600,c_limit/1949_03_19.jpg",https://www.newyorker.com/magazine/1949/03/19,covers/1949/1949-03-19.jpg,384885,ok
1949-03-26,1949,"The New Yorker March 26, 1949",,"https://media.newyorker.com/photos/59094f1f2179605b11ad28cb/master/w_1600,c_limit/1949_03_26.jpg",https://www.newyorker.com/magazine/1949/03/26,covers/1949/1949-03-26.jpg,708411,ok
1949-04-02,1949,"The New Yorker April 2, 1949",,"https://media.newyorker.com/photos/59094f202179605b11ad28ce/master/w_1600,c_limit/1949_04_02.jpg",https://www.newyorker.com/magazine/1949/04/02,covers/1949/1949-04-02.jpg,547232,ok
1949-04-09,1949,"The New Yorker April 9, 1949",,"https://media.newyorker.com/photos/59094f212179605b11ad28d0/master/w_1600,c_limit/1949_04_09.jpg",https://www.newyorker.com/magazine/1949/04/09,covers/1949/1949-04-09.jpg,438827,ok
1949-04-16,1949,"The New Yorker April 16, 1949",,"https://media.newyorker.com/photos/59094f22c14b3c606c103182/master/w_1600,c_limit/1949_04_16.jpg",https://www.newyorker.com/magazine/1949/04/16,covers/1949/1949-04-16.jpg,669067,ok
1949-04-23,1949,"The New Yorker April 23, 1949",,"https://media.newyorker.com/photos/59094f221c7a8e33fb389c1c/master/w_1600,c_limit/1949_04_23.jpg",https://www.newyorker.com/magazine/1949/04/23,covers/1949/1949-04-23.jpg,752769,ok
1949-04-30,1949,"The New Yorker April 30, 1949",,"https://media.newyorker.com/photos/59094f23ebe912338a372140/master/w_1600,c_limit/1949_04_30.jpg",https://www.newyorker.com/magazine/1949/04/30,covers/1949/1949-04-30.jpg,632717,ok
1949-05-07,1949,"The New Yorker May 7, 1949",,"https://media.newyorker.com/photos/59094f242179605b11ad28d6/master/w_1600,c_limit/1949_05_07.jpg",https://www.newyorker.com/magazine/1949/05/07,covers/1949/1949-05-07.jpg,585147,ok
1949-05-14,1949,"The New Yorker May 14, 1949",,"https://media.newyorker.com/photos/59094f1e2179605b11ad28c2/master/w_1600,c_limit/1949_05_14.jpg",https://www.newyorker.com/magazine/1949/05/14,covers/1949/1949-05-14.jpg,627581,ok
1949-05-21,1949,"The New Yorker May 21, 1949",,"https://media.newyorker.com/photos/59094f1ec14b3c606c103180/master/w_1600,c_limit/1949_05_21.jpg",https://www.newyorker.com/magazine/1949/05/21,covers/1949/1949-05-21.jpg,541699,ok
1949-05-28,1949,"The New Yorker May 28, 1949",,"https://media.newyorker.com/photos/59094f1f1c7a8e33fb389c14/master/w_1600,c_limit/1949_05_28.jpg",https://www.newyorker.com/magazine/1949/05/28,covers/1949/1949-05-28.jpg,632463,ok
1949-06-04,1949,"The New Yorker June 4, 1949",,"https://media.newyorker.com/photos/59094f201c7a8e33fb389c16/master/w_1600,c_limit/1949_06_04.jpg",https://www.newyorker.com/magazine/1949/06/04,covers/1949/1949-06-04.jpg,518897,ok
1949-06-11,1949,"The New Yorker June 11, 1949",,"https://media.newyorker.com/photos/59094f20ebe912338a37213a/master/w_1600,c_limit/1949_06_11.jpg",https://www.newyorker.com/magazine/1949/06/11,covers/1949/1949-06-11.jpg,652536,ok
1949-06-18,1949,"The New Yorker June 18, 1949",,"https://media.newyorker.com/photos/59094f21ebe912338a37213e/master/w_1600,c_limit/1949_06_18.jpg",https://www.newyorker.com/magazine/1949/06/18,covers/1949/1949-06-18.jpg,587931,ok
1949-06-25,1949,"The New Yorker June 25, 1949",,"https://media.newyorker.com/photos/59094f22019dfc3494e9d2ef/master/w_1600,c_limit/1949_06_25.jpg",https://www.newyorker.com/magazine/1949/06/25,covers/1949/1949-06-25.jpg,444237,ok
1949-07-02,1949,"The New Yorker July 2, 1949",,"https://media.newyorker.com/photos/59094f22c14b3c606c103185/master/w_1600,c_limit/1949_07_02.jpg",https://www.newyorker.com/magazine/1949/07/02,covers/1949/1949-07-02.jpg,654466,ok
1949-07-09,1949,"The New Yorker July 9, 1949",,"https://media.newyorker.com/photos/59094f231c7a8e33fb389c1e/master/w_1600,c_limit/1949_07_09.jpg",https://www.newyorker.com/magazine/1949/07/09,covers/1949/1949-07-09.jpg,682146,ok
1949-07-16,1949,"The New Yorker July 16, 1949",,"https://media.newyorker.com/photos/59094f242179605b11ad28d8/master/w_1600,c_limit/1949_07_16.jpg",https://www.newyorker.com/magazine/1949/07/16,covers/1949/1949-07-16.jpg,529281,ok
1949-07-23,1949,"The New Yorker July 23, 1949",,"https://media.newyorker.com/photos/59094f20ebe912338a372138/master/w_1600,c_limit/1949_07_23.jpg",https://www.newyorker.com/magazine/1949/07/23,covers/1949/1949-07-23.jpg,597360,ok
1949-07-30,1949,"The New Yorker July 30, 1949",,"https://media.newyorker.com/photos/59094f201c7a8e33fb389c18/master/w_1600,c_limit/1949_07_30.jpg",https://www.newyorker.com/magazine/1949/07/30,covers/1949/1949-07-30.jpg,742743,ok
1949-08-06,1949,"The New Yorker August 6, 1949",,"https://media.newyorker.com/photos/59094f21019dfc3494e9d2eb/master/w_1600,c_limit/1949_08_06.jpg",https://www.newyorker.com/magazine/1949/08/06,covers/1949/1949-08-06.jpg,591819,ok
1949-08-13,1949,"The New Yorker August 13, 1949",,"https://media.newyorker.com/photos/59094f222179605b11ad28d2/master/w_1600,c_limit/1949_08_13.jpg",https://www.newyorker.com/magazine/1949/08/13,covers/1949/1949-08-13.jpg,784734,ok
1949-08-20,1949,"The New Yorker August 20, 1949",,"https://media.newyorker.com/photos/59094f23019dfc3494e9d2f1/master/w_1600,c_limit/1949_08_20.jpg",https://www.newyorker.com/magazine/1949/08/20,covers/1949/1949-08-20.jpg,714612,ok
1949-08-27,1949,"The New Yorker August 27, 1949",,"https://media.newyorker.com/photos/59094f236552fa0be682b5d8/master/w_1600,c_limit/1949_08_27.jpg",https://www.newyorker.com/magazine/1949/08/27,covers/1949/1949-08-27.jpg,559571,ok
1949-09-03,1949,"The New Yorker September 3, 1949",,"https://media.newyorker.com/photos/59094f241c7a8e33fb389c22/master/w_1600,c_limit/1949_09_03.jpg",https://www.newyorker.com/magazine/1949/09/03,covers/1949/1949-09-03.jpg,486886,ok
1949-09-10,1949,"The New Yorker September 10, 1949",,"https://media.newyorker.com/photos/59094f25ebe912338a372143/master/w_1600,c_limit/1949_09_10.jpg",https://www.newyorker.com/magazine/1949/09/10,covers/1949/1949-09-10.jpg,644947,ok
1949-09-17,1949,"The New Yorker September 17, 1949",,"https://media.newyorker.com/photos/59094f26c14b3c606c10318a/master/w_1600,c_limit/1949_09_17.jpg",https://www.newyorker.com/magazine/1949/09/17,covers/1949/1949-09-17.jpg,748440,ok
1949-09-24,1949,"The New Yorker September 24, 1949",,"https://media.newyorker.com/photos/59094f26ebe912338a372146/master/w_1600,c_limit/1949_09_24.jpg",https://www.newyorker.com/magazine/1949/09/24,covers/1949/1949-09-24.jpg,681394,ok
1949-10-01,1949,"The New Yorker October 1, 1949",,"https://media.newyorker.com/photos/59094f21019dfc3494e9d2e9/master/w_1600,c_limit/1949_10_01.jpg",https://www.newyorker.com/magazine/1949/10/01,covers/1949/1949-10-01.jpg,554437,ok
1949-10-08,1949,"The New Yorker October 8, 1949",,"https://media.newyorker.com/photos/59094f21019dfc3494e9d2ed/master/w_1600,c_limit/1949_10_08.jpg",https://www.newyorker.com/magazine/1949/10/08,covers/1949/1949-10-08.jpg,748719,ok
1949-10-15,1949,"The New Yorker October 15, 1949",,"https://media.newyorker.com/photos/59094f222179605b11ad28d4/master/w_1600,c_limit/1949_10_15.jpg",https://www.newyorker.com/magazine/1949/10/15,covers/1949/1949-10-15.jpg,731838,ok
1949-10-22,1949,"The New Yorker October 22, 1949",,"https://media.newyorker.com/photos/59094f23c14b3c606c103188/master/w_1600,c_limit/1949_10_22.jpg",https://www.newyorker.com/magazine/1949/10/22,covers/1949/1949-10-22.jpg,629405,ok
1949-10-29,1949,"The New Yorker October 29, 1949",,"https://media.newyorker.com/photos/59094f241c7a8e33fb389c20/master/w_1600,c_limit/1949_10_29.jpg",https://www.newyorker.com/magazine/1949/10/29,covers/1949/1949-10-29.jpg,636186,ok
1949-11-05,1949,"The New Yorker November 5, 1949",,"https://media.newyorker.com/photos/59094f25019dfc3494e9d2f5/master/w_1600,c_limit/1949_11_05.jpg",https://www.newyorker.com/magazine/1949/11/05,covers/1949/1949-11-05.jpg,665573,ok
1949-11-12,1949,"The New Yorker November 12, 1949",,"https://media.newyorker.com/photos/59094f256552fa0be682b5db/master/w_1600,c_limit/1949_11_12.jpg",https://www.newyorker.com/magazine/1949/11/12,covers/1949/1949-11-12.jpg,677756,ok
1949-11-19,1949,"The New Yorker November 19, 1949",,"https://media.newyorker.com/photos/59094f262179605b11ad28dc/master/w_1600,c_limit/1949_11_19.jpg",https://www.newyorker.com/magazine/1949/11/19,covers/1949/1949-11-19.jpg,570640,ok
1949-11-26,1949,"The New Yorker November 26, 1949",,"https://media.newyorker.com/photos/59094f27ebe912338a372148/master/w_1600,c_limit/1949_11_26.jpg",https://www.newyorker.com/magazine/1949/11/26,covers/1949/1949-11-26.jpg,651718,ok
1949-12-03,1949,"The New Yorker December 3, 1949",,"https://media.newyorker.com/photos/59094f27c14b3c606c10318e/master/w_1600,c_limit/1949_12_03.jpg",https://www.newyorker.com/magazine/1949/12/03,covers/1949/1949-12-03.jpg,689984,ok
1949-12-10,1949,"The New Yorker December 10, 1949",,"https://media.newyorker.com/photos/59094f21ebe912338a37213d/master/w_1600,c_limit/1949_12_10.jpg",https://www.newyorker.com/magazine/1949/12/10,covers/1949/1949-12-10.jpg,594096,ok
1949-12-17,1949,"The New Yorker December 17, 1949",,"https://media.newyorker.com/photos/59094f221c7a8e33fb389c1a/master/w_1600,c_limit/1949_12_17.jpg",https://www.newyorker.com/magazine/1949/12/17,covers/1949/1949-12-17.jpg,692589,ok
1949-12-24,1949,"The New Yorker December 24, 1949",,"https://media.newyorker.com/photos/59094f23c14b3c606c103186/master/w_1600,c_limit/1949_12_24.jpg",https://www.newyorker.com/magazine/1949/12/24,covers/1949/1949-12-24.jpg,705477,ok
1949-12-31,1949,"The New Yorker December 31, 1949",,"https://media.newyorker.com/photos/59094f236552fa0be682b5d9/master/w_1600,c_limit/1949_12_31.jpg",https://www.newyorker.com/magazine/1949/12/31,covers/1949/1949-12-31.jpg,652284,ok
1950-01-07,1950,"The New Yorker January 7, 1950",,"https://media.newyorker.com/photos/59094f24019dfc3494e9d2f4/master/w_1600,c_limit/1950_01_07.jpg",https://www.newyorker.com/magazine/1950/01/07,covers/1950/1950-01-07.jpg,575697,ok
1950-01-14,1950,"The New Yorker January 14, 1950",,"https://media.newyorker.com/photos/59094f25ebe912338a372144/master/w_1600,c_limit/1950_01_14.jpg",https://www.newyorker.com/magazine/1950/01/14,covers/1950/1950-01-14.jpg,482347,ok
1950-01-21,1950,"The New Yorker January 21, 1950",,"https://media.newyorker.com/photos/59094f262179605b11ad28da/master/w_1600,c_limit/1950_01_21.jpg",https://www.newyorker.com/magazine/1950/01/21,covers/1950/1950-01-21.jpg,618355,ok
1950-01-28,1950,"The New Yorker January 28, 1950",,"https://media.newyorker.com/photos/59094f262179605b11ad28de/master/w_1600,c_limit/1950_01_28.jpg",https://www.newyorker.com/magazine/1950/01/28,covers/1950/1950-01-28.jpg,571232,ok
1950-02-04,1950,"The New Yorker February 4, 1950",,"https://media.newyorker.com/photos/59094f276552fa0be682b5e1/master/w_1600,c_limit/1950_02_04.jpg",https://www.newyorker.com/magazine/1950/02/04,covers/1950/1950-02-04.jpg,762559,ok
1950-02-11,1950,"The New Yorker February 11, 1950",,"https://media.newyorker.com/photos/59094f286552fa0be682b5e3/master/w_1600,c_limit/1950_02_11.jpg",https://www.newyorker.com/magazine/1950/02/11,covers/1950/1950-02-11.jpg,661948,ok
1950-02-18,1950,"The New Yorker February 18, 1950",,"https://media.newyorker.com/photos/59094f266552fa0be682b5de/master/w_1600,c_limit/1950_02_18.jpg",https://www.newyorker.com/magazine/1950/02/18,covers/1950/1950-02-18.jpg,531668,ok
1950-02-25,1950,"The New Yorker February 25, 1950",,"https://media.newyorker.com/photos/59094f272179605b11ad28e0/master/w_1600,c_limit/1950_02_25.jpg",https://www.newyorker.com/magazine/1950/02/25,covers/1950/1950-02-25.jpg,377563,ok
1950-03-04,1950,"The New Yorker March 4, 1950",,"https://media.newyorker.com/photos/59094f28ebe912338a37214a/master/w_1600,c_limit/1950_03_04.jpg",https://www.newyorker.com/magazine/1950/03/04,covers/1950/1950-03-04.jpg,680852,ok
1950-03-11,1950,"The New Yorker March 11, 1950",,"https://media.newyorker.com/photos/59094f286552fa0be682b5e5/master/w_1600,c_limit/1950_03_11.jpg",https://www.newyorker.com/magazine/1950/03/11,covers/1950/1950-03-11.jpg,547087,ok
1950-03-18,1950,"The New Yorker March 18, 1950",,"https://media.newyorker.com/photos/59094f291c7a8e33fb389c26/master/w_1600,c_limit/1950_03_18.jpg",https://www.newyorker.com/magazine/1950/03/18,covers/1950/1950-03-18.jpg,571310,ok
1950-03-25,1950,"The New Yorker March 25, 1950",,"https://media.newyorker.com/photos/59094f2ac14b3c606c103193/master/w_1600,c_limit/1950_03_25.jpg",https://www.newyorker.com/magazine/1950/03/25,covers/1950/1950-03-25.jpg,526954,ok
1950-04-01,1950,"The New Yorker April 1, 1950",,"https://media.newyorker.com/photos/59094f2bc14b3c606c103198/master/w_1600,c_limit/1950_04_01.jpg",https://www.newyorker.com/magazine/1950/04/01,covers/1950/1950-04-01.jpg,794345,ok
1950-04-08,1950,"The New Yorker April 8, 1950",,"https://media.newyorker.com/photos/59094f2b019dfc3494e9d301/master/w_1600,c_limit/1950_04_08.jpg",https://www.newyorker.com/magazine/1950/04/08,covers/1950/1950-04-08.jpg,514977,ok
1950-04-15,1950,"The New Yorker April 15, 1950",,"https://media.newyorker.com/photos/59094f2cebe912338a372152/master/w_1600,c_limit/1950_04_15.jpg",https://www.newyorker.com/magazine/1950/04/15,covers/1950/1950-04-15.jpg,959139,ok
1950-04-22,1950,"The New Yorker April 22, 1950",,"https://media.newyorker.com/photos/59094f2d2179605b11ad28e8/master/w_1600,c_limit/1950_04_22.jpg",https://www.newyorker.com/magazine/1950/04/22,covers/1950/1950-04-22.jpg,586046,ok
1950-04-29,1950,"The New Yorker April 29, 1950",,"https://media.newyorker.com/photos/59094f266552fa0be682b5df/master/w_1600,c_limit/1950_04_29.jpg",https://www.newyorker.com/magazine/1950/04/29,covers/1950/1950-04-29.jpg,696042,ok
1950-05-06,1950,"The New Yorker May 6, 1950",,"https://media.newyorker.com/photos/59094f27c14b3c606c10318c/master/w_1600,c_limit/1950_05_06.jpg",https://www.newyorker.com/magazine/1950/05/06,covers/1950/1950-05-06.jpg,629178,ok
1950-05-13,1950,"The New Yorker May 13, 1950",,"https://media.newyorker.com/photos/59094f281c7a8e33fb389c24/master/w_1600,c_limit/1950_05_13.jpg",https://www.newyorker.com/magazine/1950/05/13,covers/1950/1950-05-13.jpg,633664,ok
1950-05-20,1950,"The New Yorker May 20, 1950",,"https://media.newyorker.com/photos/59094f28019dfc3494e9d2f9/master/w_1600,c_limit/1950_05_20.jpg",https://www.newyorker.com/magazine/1950/05/20,covers/1950/1950-05-20.jpg,602388,ok
1950-05-27,1950,"The New Yorker May 27, 1950",,"https://media.newyorker.com/photos/59094f29c14b3c606c103190/master/w_1600,c_limit/1950_05_27.jpg",https://www.newyorker.com/magazine/1950/05/27,covers/1950/1950-05-27.jpg,501302,ok
1950-06-03,1950,"The New Yorker June 3, 1950",,"https://media.newyorker.com/photos/59094f2ac14b3c606c103194/master/w_1600,c_limit/1950_06_03.jpg",https://www.newyorker.com/magazine/1950/06/03,covers/1950/1950-06-03.jpg,657654,ok
1950-06-10,1950,"The New Yorker June 10, 1950",,"https://media.newyorker.com/photos/59094f2aebe912338a372150/master/w_1600,c_limit/1950_06_10.jpg",https://www.newyorker.com/magazine/1950/06/10,covers/1950/1950-06-10.jpg,523313,ok
1950-06-17,1950,"The New Yorker June 17, 1950",,"https://media.newyorker.com/photos/59094f2b1c7a8e33fb389c2b/master/w_1600,c_limit/1950_06_17.jpg",https://www.newyorker.com/magazine/1950/06/17,covers/1950/1950-06-17.jpg,701090,ok
1950-06-24,1950,"The New Yorker June 24, 1950",,"https://media.newyorker.com/photos/59094f2c2179605b11ad28e6/master/w_1600,c_limit/1950_06_24.jpg",https://www.newyorker.com/magazine/1950/06/24,covers/1950/1950-06-24.jpg,949337,ok
1950-07-01,1950,"The New Yorker July 1, 1950",,"https://media.newyorker.com/photos/59094f2d1c7a8e33fb389c34/master/w_1600,c_limit/1950_07_01.jpg",https://www.newyorker.com/magazine/1950/07/01,covers/1950/1950-07-01.jpg,592383,ok
1950-07-08,1950,"The New Yorker July 8, 1950",,"https://media.newyorker.com/photos/594723617a02d362ef63052b/master/w_1600,c_limit/1950_07_08.jpg",https://www.newyorker.com/magazine/1950/07/08,covers/1950/1950-07-08.jpg,614998,ok
1950-07-15,1950,"The New Yorker July 15, 1950",,"https://media.newyorker.com/photos/59094f29ebe912338a37214c/master/w_1600,c_limit/1950_07_15.jpg",https://www.newyorker.com/magazine/1950/07/15,covers/1950/1950-07-15.jpg,737681,ok
1950-07-22,1950,"The New Yorker July 22, 1950",,"https://media.newyorker.com/photos/59094f291c7a8e33fb389c28/master/w_1600,c_limit/1950_07_22.jpg",https://www.newyorker.com/magazine/1950/07/22,covers/1950/1950-07-22.jpg,591540,ok
1950-07-29,1950,"The New Yorker July 29, 1950",,"https://media.newyorker.com/photos/59094f2a019dfc3494e9d2ff/master/w_1600,c_limit/1950_07_29.jpg",https://www.newyorker.com/magazine/1950/07/29,covers/1950/1950-07-29.jpg,832048,ok
1950-08-05,1950,"The New Yorker August 5, 1950",,"https://media.newyorker.com/photos/59094f2b2179605b11ad28e4/master/w_1600,c_limit/1950_08_05.jpg",https://www.newyorker.com/magazine/1950/08/05,covers/1950/1950-08-05.jpg,650032,ok
1950-08-12,1950,"The New Yorker August 12, 1950",,"https://media.newyorker.com/photos/59094f2c1c7a8e33fb389c2e/master/w_1600,c_limit/1950_08_12.jpg",https://www.newyorker.com/magazine/1950/08/12,covers/1950/1950-08-12.jpg,601242,ok
1950-08-19,1950,"The New Yorker August 19, 1950",,"https://media.newyorker.com/photos/59094f2debe912338a372154/master/w_1600,c_limit/1950_08_19.jpg",https://www.newyorker.com/magazine/1950/08/19,covers/1950/1950-08-19.jpg,613856,ok
1950-08-26,1950,"The New Yorker August 26, 1950",,"https://media.newyorker.com/photos/59094f2e6552fa0be682b5e9/master/w_1600,c_limit/1950_08_26.jpg",https://www.newyorker.com/magazine/1950/08/26,covers/1950/1950-08-26.jpg,706866,ok
1950-09-02,1950,"The New Yorker September 2, 1950",,"https://media.newyorker.com/photos/59094f2f1c7a8e33fb389c3a/master/w_1600,c_limit/1950_09_02.jpg",https://www.newyorker.com/magazine/1950/09/02,covers/1950/1950-09-02.jpg,567296,ok
1950-09-09,1950,"The New Yorker September 9, 1950",,"https://media.newyorker.com/photos/59094f301c7a8e33fb389c3c/master/w_1600,c_limit/1950_09_09.jpg",https://www.newyorker.com/magazine/1950/09/09,covers/1950/1950-09-09.jpg,762004,ok
1950-09-16,1950,"The New Yorker September 16, 1950",,"https://media.newyorker.com/photos/59094f29019dfc3494e9d2fb/master/w_1600,c_limit/1950_09_16.jpg",https://www.newyorker.com/magazine/1950/09/16,covers/1950/1950-09-16.jpg,656447,ok
1950-09-23,1950,"The New Yorker September 23, 1950",,"https://media.newyorker.com/photos/59094f2a019dfc3494e9d2fd/master/w_1600,c_limit/1950_09_23.jpg",https://www.newyorker.com/magazine/1950/09/23,covers/1950/1950-09-23.jpg,777919,ok
1950-09-30,1950,"The New Yorker September 30, 1950",,"https://media.newyorker.com/photos/59094f2b2179605b11ad28e2/master/w_1600,c_limit/1950_09_30.jpg",https://www.newyorker.com/magazine/1950/09/30,covers/1950/1950-09-30.jpg,414026,ok
1950-10-07,1950,"The New Yorker October 7, 1950",,"https://media.newyorker.com/photos/59094f2bc14b3c606c10319a/master/w_1600,c_limit/1950_10_07.jpg",https://www.newyorker.com/magazine/1950/10/07,covers/1950/1950-10-07.jpg,330471,ok
1950-10-14,1950,"The New Yorker October 14, 1950",,"https://media.newyorker.com/photos/59094f2c1c7a8e33fb389c30/master/w_1600,c_limit/1950_10_14.jpg",https://www.newyorker.com/magazine/1950/10/14,covers/1950/1950-10-14.jpg,715478,ok
1950-10-21,1950,"The New Yorker October 21, 1950",,"https://media.newyorker.com/photos/59094f2d6552fa0be682b5e7/master/w_1600,c_limit/1950_10_21.jpg",https://www.newyorker.com/magazine/1950/10/21,covers/1950/1950-10-21.jpg,817808,ok
1950-10-28,1950,"The New Yorker October 28, 1950",,"https://media.newyorker.com/photos/59094f2e1c7a8e33fb389c38/master/w_1600,c_limit/1950_10_28.jpg",https://www.newyorker.com/magazine/1950/10/28,covers/1950/1950-10-28.jpg,557623,ok
1950-11-04,1950,"The New Yorker November 4, 1950",,"https://media.newyorker.com/photos/59094f2e019dfc3494e9d303/master/w_1600,c_limit/1950_11_04.jpg",https://www.newyorker.com/magazine/1950/11/04,covers/1950/1950-11-04.jpg,12346,ok
1950-11-11,1950,"The New Yorker November 11, 1950",,"https://media.newyorker.com/photos/59094f302179605b11ad28ee/master/w_1600,c_limit/1950_11_11.jpg",https://www.newyorker.com/magazine/1950/11/11,covers/1950/1950-11-11.jpg,973678,ok
1950-11-18,1950,"The New Yorker November 18, 1950",,"https://media.newyorker.com/photos/59094f30c14b3c606c1031a0/master/w_1600,c_limit/1950_11_18.jpg",https://www.newyorker.com/magazine/1950/11/18,covers/1950/1950-11-18.jpg,697690,ok
1950-11-25,1950,"The New Yorker November 25, 1950",,"https://media.newyorker.com/photos/59094f2aebe912338a37214e/master/w_1600,c_limit/1950_11_25.jpg",https://www.newyorker.com/magazine/1950/11/25,covers/1950/1950-11-25.jpg,638111,ok
1950-12-02,1950,"The New Yorker December 2, 1950",,"https://media.newyorker.com/photos/59094f2ac14b3c606c103197/master/w_1600,c_limit/1950_12_02.jpg",https://www.newyorker.com/magazine/1950/12/02,covers/1950/1950-12-02.jpg,584756,ok
1950-12-09,1950,"The New Yorker December 9, 1950",,"https://media.newyorker.com/photos/59094f2b1c7a8e33fb389c2c/master/w_1600,c_limit/1950_12_09.jpg",https://www.newyorker.com/magazine/1950/12/09,covers/1950/1950-12-09.jpg,786009,ok
1950-12-16,1950,"The New Yorker December 16, 1950",,"https://media.newyorker.com/photos/59094f2cc14b3c606c10319c/master/w_1600,c_limit/1950_12_16.jpg",https://www.newyorker.com/magazine/1950/12/16,covers/1950/1950-12-16.jpg,389142,ok
1950-12-23,1950,"The New Yorker December 23, 1950",,"https://media.newyorker.com/photos/59094f2d1c7a8e33fb389c33/master/w_1600,c_limit/1950_12_23.jpg",https://www.newyorker.com/magazine/1950/12/23,covers/1950/1950-12-23.jpg,680235,ok
1950-12-30,1950,"The New Yorker December 30, 1950",,"https://media.newyorker.com/photos/59094f2d1c7a8e33fb389c36/master/w_1600,c_limit/1950_12_30.jpg",https://www.newyorker.com/magazine/1950/12/30,covers/1950/1950-12-30.jpg,790968,ok
1951-01-06,1951,"The New Yorker January 6, 1951",,"https://media.newyorker.com/photos/59094f2e2179605b11ad28ea/master/w_1600,c_limit/1951_01_06.jpg",https://www.newyorker.com/magazine/1951/01/06,covers/1951/1951-01-06.jpg,778881,ok
1951-01-13,1951,"The New Yorker January 13, 1951",,"https://media.newyorker.com/photos/59094f2f2179605b11ad28ec/master/w_1600,c_limit/1951_01_13.jpg",https://www.newyorker.com/magazine/1951/01/13,covers/1951/1951-01-13.jpg,612018,ok
1951-01-20,1951,"The New Yorker January 20, 1951",,"https://media.newyorker.com/photos/59094f30c14b3c606c10319e/master/w_1600,c_limit/1951_01_20.jpg",https://www.newyorker.com/magazine/1951/01/20,covers/1951/1951-01-20.jpg,652015,ok
1951-01-27,1951,"The New Yorker January 27, 1951",,"https://media.newyorker.com/photos/59094f306552fa0be682b5ef/master/w_1600,c_limit/1951_01_27.jpg",https://www.newyorker.com/magazine/1951/01/27,covers/1951/1951-01-27.jpg,542329,ok
1951-02-03,1951,"The New Yorker February 3, 1951",,"https://media.newyorker.com/photos/59094f2febe912338a372156/master/w_1600,c_limit/1951_02_03.jpg",https://www.newyorker.com/magazine/1951/02/03,covers/1951/1951-02-03.jpg,735709,ok
1951-02-10,1951,"The New Yorker February 10, 1951",,"https://media.newyorker.com/photos/59094f30019dfc3494e9d305/master/w_1600,c_limit/1951_02_10.jpg",https://www.newyorker.com/magazine/1951/02/10,covers/1951/1951-02-10.jpg,631048,ok
1951-02-17,1951,"The New Yorker February 17, 1951",,"https://media.newyorker.com/photos/59094f30ebe912338a372158/master/w_1600,c_limit/1951_02_17.jpg",https://www.newyorker.com/magazine/1951/02/17,covers/1951/1951-02-17.jpg,309736,ok
1951-02-24,1951,"The New Yorker February 24, 1951",,"https://media.newyorker.com/photos/59094f31ebe912338a37215a/master/w_1600,c_limit/1951_02_24.jpg",https://www.newyorker.com/magazine/1951/02/24,covers/1951/1951-02-24.jpg,499964,ok
1951-03-03,1951,"The New Yorker March 3, 1951",,"https://media.newyorker.com/photos/59094f32ebe912338a37215c/master/w_1600,c_limit/1951_03_03.jpg",https://www.newyorker.com/magazine/1951/03/03,covers/1951/1951-03-03.jpg,592172,ok
1951-03-10,1951,"The New Yorker March 10, 1951",,"https://media.newyorker.com/photos/59094f326552fa0be682b5f3/master/w_1600,c_limit/1951_03_10.jpg",https://www.newyorker.com/magazine/1951/03/10,covers/1951/1951-03-10.jpg,670346,ok
1951-03-17,1951,"The New Yorker March 17, 1951",,"https://media.newyorker.com/photos/59094f336552fa0be682b5f5/master/w_1600,c_limit/1951_03_17.jpg",https://www.newyorker.com/magazine/1951/03/17,covers/1951/1951-03-17.jpg,547832,ok
1951-03-24,1951,"The New Yorker March 24, 1951",,"https://media.newyorker.com/photos/59094f341c7a8e33fb389c42/master/w_1600,c_limit/1951_03_24.jpg",https://www.newyorker.com/magazine/1951/03/24,covers/1951/1951-03-24.jpg,767848,ok
1951-03-31,1951,"The New Yorker March 31, 1951",,"https://media.newyorker.com/photos/59094f342179605b11ad28f2/master/w_1600,c_limit/1951_03_31.jpg",https://www.newyorker.com/magazine/1951/03/31,covers/1951/1951-03-31.jpg,628565,ok
1951-04-07,1951,"The New Yorker April 7, 1951",,"https://media.newyorker.com/photos/59094f356552fa0be682b5f9/master/w_1600,c_limit/1951_04_07.jpg",https://www.newyorker.com/magazine/1951/04/07,covers/1951/1951-04-07.jpg,522584,ok
1951-04-14,1951,"The New Yorker April 14, 1951",,"https://media.newyorker.com/photos/59094f2f6552fa0be682b5eb/master/w_1600,c_limit/1951_04_14.jpg",https://www.newyorker.com/magazine/1951/04/14,covers/1951/1951-04-14.jpg,200202,ok
1951-04-21,1951,"The New Yorker April 21, 1951",,"https://media.newyorker.com/photos/59094f306552fa0be682b5ed/master/w_1600,c_limit/1951_04_21.jpg",https://www.newyorker.com/magazine/1951/04/21,covers/1951/1951-04-21.jpg,668056,ok
1951-04-28,1951,"The New Yorker April 28, 1951",,"https://media.newyorker.com/photos/59094f30019dfc3494e9d307/master/w_1600,c_limit/1951_04_28.jpg",https://www.newyorker.com/magazine/1951/04/28,covers/1951/1951-04-28.jpg,491885,ok
1951-05-05,1951,"The New Yorker May 5, 1951",,"https://media.newyorker.com/photos/59094f312179605b11ad28f0/master/w_1600,c_limit/1951_05_05.jpg",https://www.newyorker.com/magazine/1951/05/05,covers/1951/1951-05-05.jpg,496256,ok
1951-05-12,1951,"The New Yorker May 12, 1951",,"https://media.newyorker.com/photos/59094f321c7a8e33fb389c40/master/w_1600,c_limit/1951_05_12.jpg",https://www.newyorker.com/magazine/1951/05/12,covers/1951/1951-05-12.jpg,688688,ok
1951-05-19,1951,"The New Yorker May 19, 1951",,"https://media.newyorker.com/photos/59094f33c14b3c606c1031a3/master/w_1600,c_limit/1951_05_19.jpg",https://www.newyorker.com/magazine/1951/05/19,covers/1951/1951-05-19.jpg,674843,ok
1951-05-26,1951,"The New Yorker May 26, 1951",,"https://media.newyorker.com/photos/59094f34ebe912338a372162/master/w_1600,c_limit/1951_05_26.jpg",https://www.newyorker.com/magazine/1951/05/26,covers/1951/1951-05-26.jpg,749398,ok
1951-06-02,1951,"The New Yorker June 2, 1951",,"https://media.newyorker.com/photos/59094f346552fa0be682b5f7/master/w_1600,c_limit/1951_06_02.jpg",https://www.newyorker.com/magazine/1951/06/02,covers/1951/1951-06-02.jpg,695648,ok
1951-06-09,1951,"The New Yorker June 9, 1951",,"https://media.newyorker.com/photos/59094f35019dfc3494e9d311/master/w_1600,c_limit/1951_06_09.jpg",https://www.newyorker.com/magazine/1951/06/09,covers/1951/1951-06-09.jpg,790486,ok
1951-06-16,1951,"The New Yorker June 16, 1951",,"https://media.newyorker.com/photos/59094f361c7a8e33fb389c4a/master/w_1600,c_limit/1951_06_16.jpg",https://www.newyorker.com/magazine/1951/06/16,covers/1951/1951-06-16.jpg,638732,ok
1951-06-23,1951,"The New Yorker June 23, 1951",,"https://media.newyorker.com/photos/59094f311c7a8e33fb389c3e/master/w_1600,c_limit/1951_06_23.jpg",https://www.newyorker.com/magazine/1951/06/23,covers/1951/1951-06-23.jpg,728441,ok
1951-06-30,1951,"The New Yorker June 30, 1951",,"https://media.newyorker.com/photos/59094f32019dfc3494e9d30b/master/w_1600,c_limit/1951_06_30.jpg",https://www.newyorker.com/magazine/1951/06/30,covers/1951/1951-06-30.jpg,528426,ok
1951-07-07,1951,"The New Yorker July 7, 1951",,"https://media.newyorker.com/photos/59094f33c14b3c606c1031a4/master/w_1600,c_limit/1951_07_07.jpg",https://www.newyorker.com/magazine/1951/07/07,covers/1951/1951-07-07.jpg,621701,ok
1951-07-14,1951,"The New Yorker July 14, 1951",,"https://media.newyorker.com/photos/59094f34c14b3c606c1031a6/master/w_1600,c_limit/1951_07_14.jpg",https://www.newyorker.com/magazine/1951/07/14,covers/1951/1951-07-14.jpg,710637,ok
1951-07-21,1951,"The New Yorker July 21, 1951",,"https://media.newyorker.com/photos/59094f34c14b3c606c1031aa/master/w_1600,c_limit/1951_07_21.jpg",https://www.newyorker.com/magazine/1951/07/21,covers/1951/1951-07-21.jpg,610979,ok
1951-07-28,1951,"The New Yorker July 28, 1951",,"https://media.newyorker.com/photos/59094f351c7a8e33fb389c44/master/w_1600,c_limit/1951_07_28.jpg",https://www.newyorker.com/magazine/1951/07/28,covers/1951/1951-07-28.jpg,667595,ok
1951-08-04,1951,"The New Yorker August 4, 1951",,"https://media.newyorker.com/photos/59094f36ebe912338a372166/master/w_1600,c_limit/1951_08_04.jpg",https://www.newyorker.com/magazine/1951/08/04,covers/1951/1951-08-04.jpg,724128,ok
1951-08-11,1951,"The New Yorker August 11, 1951",,"https://media.newyorker.com/photos/59094f37019dfc3494e9d315/master/w_1600,c_limit/1951_08_11.jpg",https://www.newyorker.com/magazine/1951/08/11,covers/1951/1951-08-11.jpg,648000,ok
1951-08-18,1951,"The New Yorker August 18, 1951",,"https://media.newyorker.com/photos/59094f37019dfc3494e9d318/master/w_1600,c_limit/1951_08_18.jpg",https://www.newyorker.com/magazine/1951/08/18,covers/1951/1951-08-18.jpg,735984,ok
1951-08-25,1951,"The New Yorker August 25, 1951",,"https://media.newyorker.com/photos/59094f38019dfc3494e9d31c/master/w_1600,c_limit/1951_08_25.jpg",https://www.newyorker.com/magazine/1951/08/25,covers/1951/1951-08-25.jpg,682721,ok
1951-09-01,1951,"The New Yorker September 1, 1951",,"https://media.newyorker.com/photos/59094f32019dfc3494e9d30a/master/w_1600,c_limit/1951_09_01.jpg",https://www.newyorker.com/magazine/1951/09/01,covers/1951/1951-09-01.jpg,567258,ok
1951-09-08,1951,"The New Yorker September 8, 1951",,"https://media.newyorker.com/photos/59094f33ebe912338a37215e/master/w_1600,c_limit/1951_09_08.jpg",https://www.newyorker.com/magazine/1951/09/08,covers/1951/1951-09-08.jpg,552457,ok
1951-09-15,1951,"The New Yorker September 15, 1951",,"https://media.newyorker.com/photos/59094f33019dfc3494e9d30d/master/w_1600,c_limit/1951_09_15.jpg",https://www.newyorker.com/magazine/1951/09/15,covers/1951/1951-09-15.jpg,645125,ok
1951-09-22,1951,"The New Yorker September 22, 1951",,"https://media.newyorker.com/photos/59094f34019dfc3494e9d30f/master/w_1600,c_limit/1951_09_22.jpg",https://www.newyorker.com/magazine/1951/09/22,covers/1951/1951-09-22.jpg,623363,ok
1951-09-29,1951,"The New Yorker September 29, 1951",,"https://media.newyorker.com/photos/59094f35c14b3c606c1031ac/master/w_1600,c_limit/1951_09_29.jpg",https://www.newyorker.com/magazine/1951/09/29,covers/1951/1951-09-29.jpg,651769,ok
1951-10-06,1951,"The New Yorker October 6, 1951",,"https://media.newyorker.com/photos/59094f351c7a8e33fb389c48/master/w_1600,c_limit/1951_10_06.jpg",https://www.newyorker.com/magazine/1951/10/06,covers/1951/1951-10-06.jpg,780246,ok
1951-10-13,1951,"The New Yorker October 13, 1951",,"https://media.newyorker.com/photos/59094f362179605b11ad28f4/master/w_1600,c_limit/1951_10_13.jpg",https://www.newyorker.com/magazine/1951/10/13,covers/1951/1951-10-13.jpg,690285,ok
1951-10-20,1951,"The New Yorker October 20, 1951",,"https://media.newyorker.com/photos/59094f37c14b3c606c1031ae/master/w_1600,c_limit/1951_10_20.jpg",https://www.newyorker.com/magazine/1951/10/20,covers/1951/1951-10-20.jpg,696258,ok
1951-10-27,1951,"The New Yorker October 27, 1951",,"https://media.newyorker.com/photos/59094f38ebe912338a37216a/master/w_1600,c_limit/1951_10_27.jpg",https://www.newyorker.com/magazine/1951/10/27,covers/1951/1951-10-27.jpg,609587,ok
1951-11-03,1951,"The New Yorker November 3, 1951",,"https://media.newyorker.com/photos/59094f382179605b11ad28fa/master/w_1600,c_limit/1951_11_03.jpg",https://www.newyorker.com/magazine/1951/11/03,covers/1951/1951-11-03.jpg,636823,ok
1951-11-10,1951,"The New Yorker November 10, 1951",,"https://media.newyorker.com/photos/59094f326552fa0be682b5f1/master/w_1600,c_limit/1951_11_10.jpg",https://www.newyorker.com/magazine/1951/11/10,covers/1951/1951-11-10.jpg,579587,ok
1951-11-17,1951,"The New Yorker November 17, 1951",,"https://media.newyorker.com/photos/59094f33ebe912338a372160/master/w_1600,c_limit/1951_11_17.jpg",https://www.newyorker.com/magazine/1951/11/17,covers/1951/1951-11-17.jpg,690062,ok
1951-11-24,1951,"The New Yorker November 24, 1951",,"https://media.newyorker.com/photos/59094f34c14b3c606c1031a8/master/w_1600,c_limit/1951_11_24.jpg",https://www.newyorker.com/magazine/1951/11/24,covers/1951/1951-11-24.jpg,430858,ok
1951-12-01,1951,"The New Yorker December 1, 1951",,"https://media.newyorker.com/photos/59094f35ebe912338a372164/master/w_1600,c_limit/1951_12_01.jpg",https://www.newyorker.com/magazine/1951/12/01,covers/1951/1951-12-01.jpg,736612,ok
1951-12-08,1951,"The New Yorker December 8, 1951",,"https://media.newyorker.com/photos/59094f351c7a8e33fb389c46/master/w_1600,c_limit/1951_12_08.jpg",https://www.newyorker.com/magazine/1951/12/08,covers/1951/1951-12-08.jpg,799623,ok
1951-12-15,1951,"The New Yorker December 15, 1951",,"https://media.newyorker.com/photos/59094f36019dfc3494e9d313/master/w_1600,c_limit/1951_12_15.jpg",https://www.newyorker.com/magazine/1951/12/15,covers/1951/1951-12-15.jpg,711899,ok
1951-12-22,1951,"The New Yorker December 22, 1951",,"https://media.newyorker.com/photos/59094f372179605b11ad28f8/master/w_1600,c_limit/1951_12_22.jpg",https://www.newyorker.com/magazine/1951/12/22,covers/1951/1951-12-22.jpg,692098,ok
1951-12-29,1951,"The New Yorker December 29, 1951",,"https://media.newyorker.com/photos/59094f38ebe912338a372169/master/w_1600,c_limit/1951_12_29.jpg",https://www.newyorker.com/magazine/1951/12/29,covers/1951/1951-12-29.jpg,670302,ok
1952-01-05,1952,"The New Yorker January 5, 1952",,"https://media.newyorker.com/photos/59094f381c7a8e33fb389c4c/master/w_1600,c_limit/1952_01_05.jpg",https://www.newyorker.com/magazine/1952/01/05,covers/1952/1952-01-05.jpg,764924,ok
1952-01-12,1952,"The New Yorker January 12, 1952",,"https://media.newyorker.com/photos/59094f396552fa0be682b5fb/master/w_1600,c_limit/1952_01_12.jpg",https://www.newyorker.com/magazine/1952/01/12,covers/1952/1952-01-12.jpg,538112,ok
1952-01-19,1952,"The New Yorker January 19, 1952",,"https://media.newyorker.com/photos/59094f372179605b11ad28f7/master/w_1600,c_limit/1952_01_19.jpg",https://www.newyorker.com/magazine/1952/01/19,covers/1952/1952-01-19.jpg,782559,ok
1952-01-26,1952,"The New Yorker January 26, 1952",,"https://media.newyorker.com/photos/59094f37019dfc3494e9d319/master/w_1600,c_limit/1952_01_26.jpg",https://www.newyorker.com/magazine/1952/01/26,covers/1952/1952-01-26.jpg,582490,ok
1952-02-02,1952,"The New Yorker February 2, 1952",,"https://media.newyorker.com/photos/59094f38019dfc3494e9d31d/master/w_1600,c_limit/1952_02_02.jpg",https://www.newyorker.com/magazine/1952/02/02,covers/1952/1952-02-02.jpg,299115,ok
1952-02-09,1952,"The New Yorker February 9, 1952",,"https://media.newyorker.com/photos/59094f39c14b3c606c1031b4/master/w_1600,c_limit/1952_02_09.jpg",https://www.newyorker.com/magazine/1952/02/09,covers/1952/1952-02-09.jpg,615903,ok
1952-02-16,1952,"The New Yorker February 16, 1952",,"https://media.newyorker.com/photos/59094f3a019dfc3494e9d320/master/w_1600,c_limit/1952_02_16.jpg",https://www.newyorker.com/magazine/1952/02/16,covers/1952/1952-02-16.jpg,423448,ok
1952-02-23,1952,"The New Yorker February 23, 1952",,"https://media.newyorker.com/photos/59094f3a2179605b11ad2900/master/w_1600,c_limit/1952_02_23.jpg",https://www.newyorker.com/magazine/1952/02/23,covers/1952/1952-02-23.jpg,346216,ok
1952-03-01,1952,"The New Yorker March 1, 1952",,"https://media.newyorker.com/photos/59094f3bc14b3c606c1031b8/master/w_1600,c_limit/1952_03_01.jpg",https://www.newyorker.com/magazine/1952/03/01,covers/1952/1952-03-01.jpg,628699,ok
1952-03-08,1952,"The New Yorker March 8, 1952",,"https://media.newyorker.com/photos/59094f3cebe912338a372170/master/w_1600,c_limit/1952_03_08.jpg",https://www.newyorker.com/magazine/1952/03/08,covers/1952/1952-03-08.jpg,582811,ok
1952-03-15,1952,"The New Yorker March 15, 1952",,"https://media.newyorker.com/photos/59094f3c6552fa0be682b5fd/master/w_1600,c_limit/1952_03_15.jpg",https://www.newyorker.com/magazine/1952/03/15,covers/1952/1952-03-15.jpg,536502,ok
1952-03-22,1952,"The New Yorker March 22, 1952",,"https://media.newyorker.com/photos/59094f3d2179605b11ad2906/master/w_1600,c_limit/1952_03_22.jpg",https://www.newyorker.com/magazine/1952/03/22,covers/1952/1952-03-22.jpg,659229,ok
1952-03-29,1952,"The New Yorker March 29, 1952",,"https://media.newyorker.com/photos/59094f38c14b3c606c1031b0/master/w_1600,c_limit/1952_03_29.jpg",https://www.newyorker.com/magazine/1952/03/29,covers/1952/1952-03-29.jpg,491633,ok
1952-04-05,1952,"The New Yorker April 5, 1952",,"https://media.newyorker.com/photos/59094f38c14b3c606c1031b2/master/w_1600,c_limit/1952_04_05.jpg",https://www.newyorker.com/magazine/1952/04/05,covers/1952/1952-04-05.jpg,694904,ok
1952-04-12,1952,"The New Yorker April 12, 1952",,"https://media.newyorker.com/photos/59094f39c14b3c606c1031b6/master/w_1600,c_limit/1952_04_12.jpg",https://www.newyorker.com/magazine/1952/04/12,covers/1952/1952-04-12.jpg,665201,ok
1952-04-19,1952,"The New Yorker April 19, 1952",,"https://media.newyorker.com/photos/59094f3a2179605b11ad28fe/master/w_1600,c_limit/1952_04_19.jpg",https://www.newyorker.com/magazine/1952/04/19,covers/1952/1952-04-19.jpg,535091,ok
1952-04-26,1952,"The New Yorker April 26, 1952",,"https://media.newyorker.com/photos/59094f3b2179605b11ad2902/master/w_1600,c_limit/1952_04_26.jpg",https://www.newyorker.com/magazine/1952/04/26,covers/1952/1952-04-26.jpg,662217,ok
1952-05-03,1952,"The New Yorker May 3, 1952",,"https://media.newyorker.com/photos/59094f3c1c7a8e33fb389c52/master/w_1600,c_limit/1952_05_03.jpg",https://www.newyorker.com/magazine/1952/05/03,covers/1952/1952-05-03.jpg,731404,ok
1952-05-10,1952,"The New Yorker May 10, 1952",,"https://media.newyorker.com/photos/59094f3cebe912338a372174/master/w_1600,c_limit/1952_05_10.jpg",https://www.newyorker.com/magazine/1952/05/10,covers/1952/1952-05-10.jpg,659428,ok
1952-05-17,1952,"The New Yorker May 17, 1952",,"https://media.newyorker.com/photos/59094f3d1c7a8e33fb389c54/master/w_1600,c_limit/1952_05_17.jpg",https://www.newyorker.com/magazine/1952/05/17,covers/1952/1952-05-17.jpg,635482,ok
1952-05-24,1952,"The New Yorker May 24, 1952",,"https://media.newyorker.com/photos/59094f3eebe912338a372176/master/w_1600,c_limit/1952_05_24.jpg",https://www.newyorker.com/magazine/1952/05/24,covers/1952/1952-05-24.jpg,616736,ok
1952-05-31,1952,"The New Yorker May 31, 1952",,"https://media.newyorker.com/photos/59094f3f019dfc3494e9d331/master/w_1600,c_limit/1952_05_31.jpg",https://www.newyorker.com/magazine/1952/05/31,covers/1952/1952-05-31.jpg,695560,ok
1952-06-07,1952,"The New Yorker June 7, 1952",,"https://media.newyorker.com/photos/59094f3a019dfc3494e9d321/master/w_1600,c_limit/1952_06_07.jpg",https://www.newyorker.com/magazine/1952/06/07,covers/1952/1952-06-07.jpg,666710,ok
1952-06-14,1952,"The New Yorker June 14, 1952",,"https://media.newyorker.com/photos/59094f3aebe912338a37216c/master/w_1600,c_limit/1952_06_14.jpg",https://www.newyorker.com/magazine/1952/06/14,covers/1952/1952-06-14.jpg,752120,ok
1952-06-21,1952,"The New Yorker June 21, 1952",,"https://media.newyorker.com/photos/59094f3b1c7a8e33fb389c4f/master/w_1600,c_limit/1952_06_21.jpg",https://www.newyorker.com/magazine/1952/06/21,covers/1952/1952-06-21.jpg,578946,ok
1952-06-28,1952,"The New Yorker June 28, 1952",,"https://media.newyorker.com/photos/59094f3c2179605b11ad2904/master/w_1600,c_limit/1952_06_28.jpg",https://www.newyorker.com/magazine/1952/06/28,covers/1952/1952-06-28.jpg,512149,ok
1952-07-05,1952,"The New Yorker July 5, 1952",,"https://media.newyorker.com/photos/59094f3dc14b3c606c1031ba/master/w_1600,c_limit/1952_07_05.jpg",https://www.newyorker.com/magazine/1952/07/05,covers/1952/1952-07-05.jpg,735546,ok
1952-07-12,1952,"The New Yorker July 12, 1952",,"https://media.newyorker.com/photos/59094f3d6552fa0be682b5ff/master/w_1600,c_limit/1952_07_12.jpg",https://www.newyorker.com/magazine/1952/07/12,covers/1952/1952-07-12.jpg,657202,ok
1952-07-19,1952,"The New Yorker July 19, 1952",,"https://media.newyorker.com/photos/59094f3e019dfc3494e9d32f/master/w_1600,c_limit/1952_07_19.jpg",https://www.newyorker.com/magazine/1952/07/19,covers/1952/1952-07-19.jpg,591200,ok
1952-07-26,1952,"The New Yorker July 26, 1952",,"https://media.newyorker.com/photos/59094f3f1c7a8e33fb389c58/master/w_1600,c_limit/1952_07_26.jpg",https://www.newyorker.com/magazine/1952/07/26,covers/1952/1952-07-26.jpg,688404,ok
1952-08-02,1952,"The New Yorker August 2, 1952",,"https://media.newyorker.com/photos/59094f406552fa0be682b602/master/w_1600,c_limit/1952_08_02.jpg",https://www.newyorker.com/magazine/1952/08/02,covers/1952/1952-08-02.jpg,559140,ok
1952-08-09,1952,"The New Yorker August 9, 1952",,"https://media.newyorker.com/photos/59094f402179605b11ad290e/master/w_1600,c_limit/1952_08_09.jpg",https://www.newyorker.com/magazine/1952/08/09,covers/1952/1952-08-09.jpg,676026,ok
1952-08-16,1952,"The New Yorker August 16, 1952",,"https://media.newyorker.com/photos/59094f3a2179605b11ad28fd/master/w_1600,c_limit/1952_08_16.jpg",https://www.newyorker.com/magazine/1952/08/16,covers/1952/1952-08-16.jpg,552717,ok
1952-08-23,1952,"The New Yorker August 23, 1952",,"https://media.newyorker.com/photos/59094f3b019dfc3494e9d323/master/w_1600,c_limit/1952_08_23.jpg",https://www.newyorker.com/magazine/1952/08/23,covers/1952/1952-08-23.jpg,709379,ok
1952-08-30,1952,"The New Yorker August 30, 1952",,"https://media.newyorker.com/photos/59094f3b1c7a8e33fb389c50/master/w_1600,c_limit/1952_08_30.jpg",https://www.newyorker.com/magazine/1952/08/30,covers/1952/1952-08-30.jpg,561838,ok
1952-09-06,1952,"The New Yorker September 6, 1952",,"https://media.newyorker.com/photos/59094f3c019dfc3494e9d327/master/w_1600,c_limit/1952_09_06.jpg",https://www.newyorker.com/magazine/1952/09/06,covers/1952/1952-09-06.jpg,726304,ok
1952-09-13,1952,"The New Yorker September 13, 1952",,"https://media.newyorker.com/photos/59094f3d019dfc3494e9d32b/master/w_1600,c_limit/1952_09_13.jpg",https://www.newyorker.com/magazine/1952/09/13,covers/1952/1952-09-13.jpg,547762,ok
1952-09-20,1952,"The New Yorker September 20, 1952",,"https://media.newyorker.com/photos/59094f3e1c7a8e33fb389c56/master/w_1600,c_limit/1952_09_20.jpg",https://www.newyorker.com/magazine/1952/09/20,covers/1952/1952-09-20.jpg,676327,ok
1952-09-27,1952,"The New Yorker September 27, 1952",,"https://media.newyorker.com/photos/59094f3febe912338a372179/master/w_1600,c_limit/1952_09_27.jpg",https://www.newyorker.com/magazine/1952/09/27,covers/1952/1952-09-27.jpg,686401,ok
1952-10-04,1952,"The New Yorker October 4, 1952",,"https://media.newyorker.com/photos/59094f3f2179605b11ad290c/master/w_1600,c_limit/1952_10_04.jpg",https://www.newyorker.com/magazine/1952/10/04,covers/1952/1952-10-04.jpg,589164,ok
1952-10-11,1952,"The New Yorker October 11, 1952",,"https://media.newyorker.com/photos/59094f40019dfc3494e9d333/master/w_1600,c_limit/1952_10_11.jpg",https://www.newyorker.com/magazine/1952/10/11,covers/1952/1952-10-11.jpg,636414,ok
1952-10-18,1952,"The New Yorker October 18, 1952",,"https://media.newyorker.com/photos/59094f411c7a8e33fb389c5b/master/w_1600,c_limit/1952_10_18.jpg",https://www.newyorker.com/magazine/1952/10/18,covers/1952/1952-10-18.jpg,476136,ok
1952-10-25,1952,"The New Yorker October 25, 1952",,"https://media.newyorker.com/photos/59094f3b019dfc3494e9d325/master/w_1600,c_limit/1952_10_25.jpg",https://www.newyorker.com/magazine/1952/10/25,covers/1952/1952-10-25.jpg,702197,ok
1952-11-01,1952,"The New Yorker November 1, 1952",,"https://media.newyorker.com/photos/59094f3bebe912338a37216e/master/w_1600,c_limit/1952_11_01.jpg",https://www.newyorker.com/magazine/1952/11/01,covers/1952/1952-11-01.jpg,723823,ok
1952-11-08,1952,"The New Yorker November 8, 1952",,"https://media.newyorker.com/photos/59094f3cebe912338a372172/master/w_1600,c_limit/1952_11_08.jpg",https://www.newyorker.com/magazine/1952/11/08,covers/1952/1952-11-08.jpg,714406,ok
1952-11-15,1952,"The New Yorker November 15, 1952",,"https://media.newyorker.com/photos/59094f3d019dfc3494e9d329/master/w_1600,c_limit/1952_11_15.jpg",https://www.newyorker.com/magazine/1952/11/15,covers/1952/1952-11-15.jpg,747213,ok
1952-11-22,1952,"The New Yorker November 22, 1952",,"https://media.newyorker.com/photos/59094f3d019dfc3494e9d32d/master/w_1600,c_limit/1952_11_22.jpg",https://www.newyorker.com/magazine/1952/11/22,covers/1952/1952-11-22.jpg,604744,ok
1952-11-29,1952,"The New Yorker November 29, 1952",,"https://media.newyorker.com/photos/59094f3e2179605b11ad2908/master/w_1600,c_limit/1952_11_29.jpg",https://www.newyorker.com/magazine/1952/11/29,covers/1952/1952-11-29.jpg,685937,ok
1952-12-06,1952,"The New Yorker December 6, 1952",,"https://media.newyorker.com/photos/59094f3febe912338a37217a/master/w_1600,c_limit/1952_12_06.jpg",https://www.newyorker.com/magazine/1952/12/06,covers/1952/1952-12-06.jpg,626917,ok
1952-12-13,1952,"The New Yorker December 13, 1952",,"https://media.newyorker.com/photos/59094f406552fa0be682b603/master/w_1600,c_limit/1952_12_13.jpg",https://www.newyorker.com/magazine/1952/12/13,covers/1952/1952-12-13.jpg,644929,ok
1952-12-20,1952,"The New Yorker December 20, 1952",,"https://media.newyorker.com/photos/59094f411c7a8e33fb389c5c/master/w_1600,c_limit/1952_12_20.jpg",https://www.newyorker.com/magazine/1952/12/20,covers/1952/1952-12-20.jpg,711079,ok
1952-12-27,1952,"The New Yorker December 27, 1952",,"https://media.newyorker.com/photos/59094f426552fa0be682b605/master/w_1600,c_limit/1952_12_27.jpg",https://www.newyorker.com/magazine/1952/12/27,covers/1952/1952-12-27.jpg,436385,ok
1953-01-03,1953,"The New Yorker January 3, 1953",,"https://media.newyorker.com/photos/59094f3f2179605b11ad290a/master/w_1600,c_limit/1953_01_03.jpg",https://www.newyorker.com/magazine/1953/01/03,covers/1953/1953-01-03.jpg,714795,ok
1953-01-10,1953,"The New Yorker January 10, 1953",,"https://media.newyorker.com/photos/59094f40ebe912338a37217c/master/w_1600,c_limit/1953_01_10.jpg",https://www.newyorker.com/magazine/1953/01/10,covers/1953/1953-01-10.jpg,651148,ok
1953-01-17,1953,"The New Yorker January 17, 1953",,"https://media.newyorker.com/photos/59094f40ebe912338a37217e/master/w_1600,c_limit/1953_01_17.jpg",https://www.newyorker.com/magazine/1953/01/17,covers/1953/1953-01-17.jpg,689919,ok
1953-01-24,1953,"The New Yorker January 24, 1953",,"https://media.newyorker.com/photos/59094f41019dfc3494e9d335/master/w_1600,c_limit/1953_01_24.jpg",https://www.newyorker.com/magazine/1953/01/24,covers/1953/1953-01-24.jpg,675756,ok
1953-01-31,1953,"The New Yorker January 31, 1953",,"https://media.newyorker.com/photos/59094f421c7a8e33fb389c5e/master/w_1600,c_limit/1953_01_31.jpg",https://www.newyorker.com/magazine/1953/01/31,covers/1953/1953-01-31.jpg,668230,ok
1953-02-07,1953,"The New Yorker February 7, 1953",,"https://media.newyorker.com/photos/59094f431c7a8e33fb389c60/master/w_1600,c_limit/1953_02_07.jpg",https://www.newyorker.com/magazine/1953/02/07,covers/1953/1953-02-07.jpg,759669,ok
1953-02-14,1953,"The New Yorker February 14, 1953",,"https://media.newyorker.com/photos/59094f446552fa0be682b607/master/w_1600,c_limit/1953_02_14.jpg",https://www.newyorker.com/magazine/1953/02/14,covers/1953/1953-02-14.jpg,388773,ok
1953-02-21,1953,"The New Yorker February 21, 1953",,"https://media.newyorker.com/photos/59094f44ebe912338a372184/master/w_1600,c_limit/1953_02_21.jpg",https://www.newyorker.com/magazine/1953/02/21,covers/1953/1953-02-21.jpg,294215,ok
1953-02-28,1953,"The New Yorker February 28, 1953",,"https://media.newyorker.com/photos/59094f452179605b11ad2914/master/w_1600,c_limit/1953_02_28.jpg",https://www.newyorker.com/magazine/1953/02/28,covers/1953/1953-02-28.jpg,583593,ok
1953-03-07,1953,"The New Yorker March 7, 1953",,"https://media.newyorker.com/photos/59094f461c7a8e33fb389c64/master/w_1600,c_limit/1953_03_07.jpg",https://www.newyorker.com/magazine/1953/03/07,covers/1953/1953-03-07.jpg,648887,ok
1953-03-14,1953,"The New Yorker March 14, 1953",,"https://media.newyorker.com/photos/59094f40c14b3c606c1031bc/master/w_1600,c_limit/1953_03_14.jpg",https://www.newyorker.com/magazine/1953/03/14,covers/1953/1953-03-14.jpg,744945,ok
1953-03-21,1953,"The New Yorker March 21, 1953",,"https://media.newyorker.com/photos/59094f412179605b11ad2910/master/w_1600,c_limit/1953_03_21.jpg",https://www.newyorker.com/magazine/1953/03/21,covers/1953/1953-03-21.jpg,750223,ok
1953-03-28,1953,"The New Yorker March 28, 1953",,"https://media.newyorker.com/photos/59094f41c14b3c606c1031be/master/w_1600,c_limit/1953_03_28.jpg",https://www.newyorker.com/magazine/1953/03/28,covers/1953/1953-03-28.jpg,652610,ok
1953-04-04,1953,"The New Yorker April 4, 1953",,"https://media.newyorker.com/photos/59094f42c14b3c606c1031c2/master/w_1600,c_limit/1953_04_04.jpg",https://www.newyorker.com/magazine/1953/04/04,covers/1953/1953-04-04.jpg,636131,ok
1953-04-11,1953,"The New Yorker April 11, 1953",,"https://media.newyorker.com/photos/59094f43ebe912338a372180/master/w_1600,c_limit/1953_04_11.jpg",https://www.newyorker.com/magazine/1953/04/11,covers/1953/1953-04-11.jpg,417231,ok
1953-04-18,1953,"The New Yorker April 18, 1953",,"https://media.newyorker.com/photos/59094f431c7a8e33fb389c62/master/w_1600,c_limit/1953_04_18.jpg",https://www.newyorker.com/magazine/1953/04/18,covers/1953/1953-04-18.jpg,633249,ok
1953-04-25,1953,"The New Yorker April 25, 1953",,"https://media.newyorker.com/photos/59094f446552fa0be682b60b/master/w_1600,c_limit/1953_04_25.jpg",https://www.newyorker.com/magazine/1953/04/25,covers/1953/1953-04-25.jpg,737340,ok
1953-05-02,1953,"The New Yorker May 2, 1953",,"https://media.newyorker.com/photos/59094f45019dfc3494e9d337/master/w_1600,c_limit/1953_05_02.jpg",https://www.newyorker.com/magazine/1953/05/02,covers/1953/1953-05-02.jpg,594468,ok
1953-05-09,1953,"The New Yorker May 9, 1953",,"https://media.newyorker.com/photos/59094f456552fa0be682b611/master/w_1600,c_limit/1953_05_09.jpg",https://www.newyorker.com/magazine/1953/05/09,covers/1953/1953-05-09.jpg,471256,ok
1953-05-16,1953,"The New Yorker May 16, 1953",,"https://media.newyorker.com/photos/59094f46c14b3c606c1031ce/master/w_1600,c_limit/1953_05_16.jpg",https://www.newyorker.com/magazine/1953/05/16,covers/1953/1953-05-16.jpg,698337,ok
1953-05-23,1953,"The New Yorker May 23, 1953",,"https://media.newyorker.com/photos/59094f42c14b3c606c1031c0/master/w_1600,c_limit/1953_05_23.jpg",https://www.newyorker.com/magazine/1953/05/23,covers/1953/1953-05-23.jpg,751404,ok
1953-05-30,1953,"The New Yorker May 30, 1953",,"https://media.newyorker.com/photos/59094f43c14b3c606c1031c4/master/w_1600,c_limit/1953_05_30.jpg",https://www.newyorker.com/magazine/1953/05/30,covers/1953/1953-05-30.jpg,622138,ok
1953-06-06,1953,"The New Yorker June 6, 1953",,"https://media.newyorker.com/photos/59094f43ebe912338a372182/master/w_1600,c_limit/1953_06_06.jpg",https://www.newyorker.com/magazine/1953/06/06,covers/1953/1953-06-06.jpg,671483,ok
1953-06-13,1953,"The New Yorker June 13, 1953",,"https://media.newyorker.com/photos/59094f446552fa0be682b60a/master/w_1600,c_limit/1953_06_13.jpg",https://www.newyorker.com/magazine/1953/06/13,covers/1953/1953-06-13.jpg,767004,ok
1953-06-20,1953,"The New Yorker June 20, 1953",,"https://media.newyorker.com/photos/59094f456552fa0be682b60d/master/w_1600,c_limit/1953_06_20.jpg",https://www.newyorker.com/magazine/1953/06/20,covers/1953/1953-06-20.jpg,662923,ok
1953-06-27,1953,"The New Yorker June 27, 1953",,"https://media.newyorker.com/photos/59094f462179605b11ad2916/master/w_1600,c_limit/1953_06_27.jpg",https://www.newyorker.com/magazine/1953/06/27,covers/1953/1953-06-27.jpg,682528,ok
1953-07-04,1953,"The New Yorker July 4, 1953",,"https://media.newyorker.com/photos/59094f462179605b11ad2918/master/w_1600,c_limit/1953_07_04.jpg",https://www.newyorker.com/magazine/1953/07/04,covers/1953/1953-07-04.jpg,842126,ok
1953-07-11,1953,"The New Yorker July 11, 1953",,"https://media.newyorker.com/photos/59094f47c14b3c606c1031d0/master/w_1600,c_limit/1953_07_11.jpg",https://www.newyorker.com/magazine/1953/07/11,covers/1953/1953-07-11.jpg,603404,ok
1953-07-18,1953,"The New Yorker July 18, 1953",,"https://media.newyorker.com/photos/59094f482179605b11ad291c/master/w_1600,c_limit/1953_07_18.jpg",https://www.newyorker.com/magazine/1953/07/18,covers/1953/1953-07-18.jpg,944553,ok
1953-07-25,1953,"The New Yorker July 25, 1953",,"https://media.newyorker.com/photos/59094f491c7a8e33fb389c66/master/w_1600,c_limit/1953_07_25.jpg",https://www.newyorker.com/magazine/1953/07/25,covers/1953/1953-07-25.jpg,583473,ok
1953-08-01,1953,"The New Yorker August 1, 1953",,"https://media.newyorker.com/photos/59094f432179605b11ad2912/master/w_1600,c_limit/1953_08_01.jpg",https://www.newyorker.com/magazine/1953/08/01,covers/1953/1953-08-01.jpg,575415,ok
1953-08-08,1953,"The New Yorker August 8, 1953",,"https://media.newyorker.com/photos/59094f44c14b3c606c1031c7/master/w_1600,c_limit/1953_08_08.jpg",https://www.newyorker.com/magazine/1953/08/08,covers/1953/1953-08-08.jpg,573932,ok
1953-08-15,1953,"The New Yorker August 15, 1953",,"https://media.newyorker.com/photos/59094f45ebe912338a372186/master/w_1600,c_limit/1953_08_15.jpg",https://www.newyorker.com/magazine/1953/08/15,covers/1953/1953-08-15.jpg,679133,ok
1953-08-22,1953,"The New Yorker August 22, 1953",,"https://media.newyorker.com/photos/59094f456552fa0be682b610/master/w_1600,c_limit/1953_08_22.jpg",https://www.newyorker.com/magazine/1953/08/22,covers/1953/1953-08-22.jpg,751539,ok
1953-08-29,1953,"The New Yorker August 29, 1953",,"https://media.newyorker.com/photos/59094f46019dfc3494e9d339/master/w_1600,c_limit/1953_08_29.jpg",https://www.newyorker.com/magazine/1953/08/29,covers/1953/1953-08-29.jpg,464280,ok
1953-09-05,1953,"The New Yorker September 5, 1953",,"https://media.newyorker.com/photos/59094f476552fa0be682b613/master/w_1600,c_limit/1953_09_05.jpg",https://www.newyorker.com/magazine/1953/09/05,covers/1953/1953-09-05.jpg,612569,ok
1953-09-12,1953,"The New Yorker September 12, 1953",,"https://media.newyorker.com/photos/59094f48019dfc3494e9d33b/master/w_1600,c_limit/1953_09_12.jpg",https://www.newyorker.com/magazine/1953/09/12,covers/1953/1953-09-12.jpg,667802,ok
1953-09-19,1953,"The New Yorker September 19, 1953",,"https://media.newyorker.com/photos/59094f49c14b3c606c1031d4/master/w_1600,c_limit/1953_09_19.jpg",https://www.newyorker.com/magazine/1953/09/19,covers/1953/1953-09-19.jpg,578182,ok
1953-09-26,1953,"The New Yorker September 26, 1953",,"https://media.newyorker.com/photos/59094f4ac14b3c606c1031d8/master/w_1600,c_limit/1953_09_26.jpg",https://www.newyorker.com/magazine/1953/09/26,covers/1953/1953-09-26.jpg,686715,ok
1953-10-03,1953,"The New Yorker October 3, 1953",,"https://media.newyorker.com/photos/59094f4b019dfc3494e9d342/master/w_1600,c_limit/1953_10_03.jpg",https://www.newyorker.com/magazine/1953/10/03,covers/1953/1953-10-03.jpg,568851,ok
1953-10-10,1953,"The New Yorker October 10, 1953",,"https://media.newyorker.com/photos/59094f44c14b3c606c1031c8/master/w_1600,c_limit/1953_10_10.jpg",https://www.newyorker.com/magazine/1953/10/10,covers/1953/1953-10-10.jpg,724511,ok
1953-10-17,1953,"The New Yorker October 17, 1953",,"https://media.newyorker.com/photos/59094f45c14b3c606c1031ca/master/w_1600,c_limit/1953_10_17.jpg",https://www.newyorker.com/magazine/1953/10/17,covers/1953/1953-10-17.jpg,645572,ok
1953-10-24,1953,"The New Yorker October 24, 1953",,"https://media.newyorker.com/photos/59094f45c14b3c606c1031cc/master/w_1600,c_limit/1953_10_24.jpg",https://www.newyorker.com/magazine/1953/10/24,covers/1953/1953-10-24.jpg,632291,ok
1953-10-31,1953,"The New Yorker October 31, 1953",,"https://media.newyorker.com/photos/59094f46ebe912338a372188/master/w_1600,c_limit/1953_10_31.jpg",https://www.newyorker.com/magazine/1953/10/31,covers/1953/1953-10-31.jpg,609894,ok
1953-11-07,1953,"The New Yorker November 7, 1953",,"https://media.newyorker.com/photos/59094f472179605b11ad291a/master/w_1600,c_limit/1953_11_07.jpg",https://www.newyorker.com/magazine/1953/11/07,covers/1953/1953-11-07.jpg,635629,ok
1953-11-14,1953,"The New Yorker November 14, 1953",,"https://media.newyorker.com/photos/59094f48c14b3c606c1031d2/master/w_1600,c_limit/1953_11_14.jpg",https://www.newyorker.com/magazine/1953/11/14,covers/1953/1953-11-14.jpg,662675,ok
1953-11-21,1953,"The New Yorker November 21, 1953",,"https://media.newyorker.com/photos/59094f49ebe912338a37218c/master/w_1600,c_limit/1953_11_21.jpg",https://www.newyorker.com/magazine/1953/11/21,covers/1953/1953-11-21.jpg,666659,ok
1953-11-28,1953,"The New Yorker November 28, 1953",,"https://media.newyorker.com/photos/59094f4a2179605b11ad291e/master/w_1600,c_limit/1953_11_28.jpg",https://www.newyorker.com/magazine/1953/11/28,covers/1953/1953-11-28.jpg,755011,ok
1953-12-05,1953,"The New Yorker December 5, 1953",,"https://media.newyorker.com/photos/59094f4b019dfc3494e9d343/master/w_1600,c_limit/1953_12_05.jpg",https://www.newyorker.com/magazine/1953/12/05,covers/1953/1953-12-05.jpg,597136,ok
1953-12-12,1953,"The New Yorker December 12, 1953",,"https://media.newyorker.com/photos/59094f4c6552fa0be682b621/master/w_1600,c_limit/1953_12_12.jpg",https://www.newyorker.com/magazine/1953/12/12,covers/1953/1953-12-12.jpg,662922,ok
1953-12-19,1953,"The New Yorker December 19, 1953",,"https://media.newyorker.com/photos/59094f486552fa0be682b615/master/w_1600,c_limit/1953_12_19.jpg",https://www.newyorker.com/magazine/1953/12/19,covers/1953/1953-12-19.jpg,694125,ok
1953-12-26,1953,"The New Yorker December 26, 1953",,"https://media.newyorker.com/photos/59094f486552fa0be682b617/master/w_1600,c_limit/1953_12_26.jpg",https://www.newyorker.com/magazine/1953/12/26,covers/1953/1953-12-26.jpg,571249,ok
1954-01-02,1954,"The New Yorker January 2, 1954",,"https://media.newyorker.com/photos/59094f496552fa0be682b619/master/w_1600,c_limit/1954_01_02.jpg",https://www.newyorker.com/magazine/1954/01/02,covers/1954/1954-01-02.jpg,713240,ok
1954-01-09,1954,"The New Yorker January 9, 1954",,"https://media.newyorker.com/photos/59094f4ac14b3c606c1031d7/master/w_1600,c_limit/1954_01_09.jpg",https://www.newyorker.com/magazine/1954/01/09,covers/1954/1954-01-09.jpg,636493,ok
1954-01-16,1954,"The New Yorker January 16, 1954",,"https://media.newyorker.com/photos/59094f4a6552fa0be682b61b/master/w_1600,c_limit/1954_01_16.jpg",https://www.newyorker.com/magazine/1954/01/16,covers/1954/1954-01-16.jpg,590425,ok
1954-01-23,1954,"The New Yorker January 23, 1954",,"https://media.newyorker.com/photos/59094f4b6552fa0be682b61d/master/w_1600,c_limit/1954_01_23.jpg",https://www.newyorker.com/magazine/1954/01/23,covers/1954/1954-01-23.jpg,581129,ok
1954-01-30,1954,"The New Yorker January 30, 1954",,"https://media.newyorker.com/photos/59094f4c2179605b11ad2922/master/w_1600,c_limit/1954_01_30.jpg",https://www.newyorker.com/magazine/1954/01/30,covers/1954/1954-01-30.jpg,504509,ok
1954-02-06,1954,"The New Yorker February 6, 1954",,"https://media.newyorker.com/photos/59094f4d2179605b11ad2924/master/w_1600,c_limit/1954_02_06.jpg",https://www.newyorker.com/magazine/1954/02/06,covers/1954/1954-02-06.jpg,767743,ok
1954-02-13,1954,"The New Yorker February 13, 1954",,"https://media.newyorker.com/photos/59094f4d6552fa0be682b625/master/w_1600,c_limit/1954_02_13.jpg",https://www.newyorker.com/magazine/1954/02/13,covers/1954/1954-02-13.jpg,681988,ok
1954-02-20,1954,"The New Yorker February 20, 1954",,"https://media.newyorker.com/photos/59094f4ec14b3c606c1031da/master/w_1600,c_limit/1954_02_20.jpg",https://www.newyorker.com/magazine/1954/02/20,covers/1954/1954-02-20.jpg,317860,ok
1954-02-27,1954,"The New Yorker February 27, 1954",,"https://media.newyorker.com/photos/59094f49ebe912338a37218a/master/w_1600,c_limit/1954_02_27.jpg",https://www.newyorker.com/magazine/1954/02/27,covers/1954/1954-02-27.jpg,927267,ok
1954-03-06,1954,"The New Yorker March 6, 1954",,"https://media.newyorker.com/photos/59094f49019dfc3494e9d33d/master/w_1600,c_limit/1954_03_06.jpg",https://www.newyorker.com/magazine/1954/03/06,covers/1954/1954-03-06.jpg,644570,ok
1954-03-13,1954,"The New Yorker March 13, 1954",,"https://media.newyorker.com/photos/59094f4a019dfc3494e9d33f/master/w_1600,c_limit/1954_03_13.jpg",https://www.newyorker.com/magazine/1954/03/13,covers/1954/1954-03-13.jpg,602771,ok
1954-03-20,1954,"The New Yorker March 20, 1954",,"https://media.newyorker.com/photos/59094f4bebe912338a372190/master/w_1600,c_limit/1954_03_20.jpg",https://www.newyorker.com/magazine/1954/03/20,covers/1954/1954-03-20.jpg,197863,ok
1954-03-27,1954,"The New Yorker March 27, 1954",,"https://media.newyorker.com/photos/59094f4b2179605b11ad2920/master/w_1600,c_limit/1954_03_27.jpg",https://www.newyorker.com/magazine/1954/03/27,covers/1954/1954-03-27.jpg,1143945,ok
1954-04-03,1954,"The New Yorker April 3, 1954",,"https://media.newyorker.com/photos/59094f4cebe912338a372192/master/w_1600,c_limit/1954_04_03.jpg",https://www.newyorker.com/magazine/1954/04/03,covers/1954/1954-04-03.jpg,665849,ok
1954-04-10,1954,"The New Yorker April 10, 1954",,"https://media.newyorker.com/photos/59094f4d019dfc3494e9d347/master/w_1600,c_limit/1954_04_10.jpg",https://www.newyorker.com/magazine/1954/04/10,covers/1954/1954-04-10.jpg,671368,ok
1954-04-17,1954,"The New Yorker April 17, 1954",,"https://media.newyorker.com/photos/59094f4debe912338a372196/master/w_1600,c_limit/1954_04_17.jpg",https://www.newyorker.com/magazine/1954/04/17,covers/1954/1954-04-17.jpg,540214,ok
1954-04-24,1954,"The New Yorker April 24, 1954",,"https://media.newyorker.com/photos/59094f4e1c7a8e33fb389c6a/master/w_1600,c_limit/1954_04_24.jpg",https://www.newyorker.com/magazine/1954/04/24,covers/1954/1954-04-24.jpg,638897,ok
1954-05-01,1954,"The New Yorker May 1, 1954",,"https://media.newyorker.com/photos/59094f4f019dfc3494e9d34e/master/w_1600,c_limit/1954_05_01.jpg",https://www.newyorker.com/magazine/1954/05/01,covers/1954/1954-05-01.jpg,671501,ok
1954-05-08,1954,"The New Yorker May 8, 1954",,"https://media.newyorker.com/photos/59094f4aebe912338a37218f/master/w_1600,c_limit/1954_05_08.jpg",https://www.newyorker.com/magazine/1954/05/08,covers/1954/1954-05-08.jpg,570218,ok
1954-05-15,1954,"The New Yorker May 15, 1954",,"https://media.newyorker.com/photos/59094f4b6552fa0be682b61f/master/w_1600,c_limit/1954_05_15.jpg",https://www.newyorker.com/magazine/1954/05/15,covers/1954/1954-05-15.jpg,710264,ok
1954-05-22,1954,"The New Yorker May 22, 1954",,"https://media.newyorker.com/photos/59094f4c019dfc3494e9d345/master/w_1600,c_limit/1954_05_22.jpg",https://www.newyorker.com/magazine/1954/05/22,covers/1954/1954-05-22.jpg,559608,ok
1954-05-29,1954,"The New Yorker May 29, 1954",,"https://media.newyorker.com/photos/59094f4d6552fa0be682b623/master/w_1600,c_limit/1954_05_29.jpg",https://www.newyorker.com/magazine/1954/05/29,covers/1954/1954-05-29.jpg,571236,ok
1954-06-05,1954,"The New Yorker June 5, 1954",,"https://media.newyorker.com/photos/59094f4d2179605b11ad2926/master/w_1600,c_limit/1954_06_05.jpg",https://www.newyorker.com/magazine/1954/06/05,covers/1954/1954-06-05.jpg,673482,ok
1954-06-12,1954,"The New Yorker June 12, 1954",,"https://media.newyorker.com/photos/59094f4e019dfc3494e9d349/master/w_1600,c_limit/1954_06_12.jpg",https://www.newyorker.com/magazine/1954/06/12,covers/1954/1954-06-12.jpg,659156,ok
1954-06-19,1954,"The New Yorker June 19, 1954",,"https://media.newyorker.com/photos/59094f4fc14b3c606c1031dc/master/w_1600,c_limit/1954_06_19.jpg",https://www.newyorker.com/magazine/1954/06/19,covers/1954/1954-06-19.jpg,551231,ok
1954-06-26,1954,"The New Yorker June 26, 1954",,"https://media.newyorker.com/photos/59094f4f2179605b11ad2928/master/w_1600,c_limit/1954_06_26.jpg",https://www.newyorker.com/magazine/1954/06/26,covers/1954/1954-06-26.jpg,904582,ok
1954-07-03,1954,"The New Yorker July 3, 1954",,"https://media.newyorker.com/photos/59094f502179605b11ad292c/master/w_1600,c_limit/1954_07_03.jpg",https://www.newyorker.com/magazine/1954/07/03,covers/1954/1954-07-03.jpg,570596,ok
1954-07-10,1954,"The New Yorker July 10, 1954",,"https://media.newyorker.com/photos/59094f512179605b11ad292e/master/w_1600,c_limit/1954_07_10.jpg",https://www.newyorker.com/magazine/1954/07/10,covers/1954/1954-07-10.jpg,732317,ok
1954-07-17,1954,"The New Yorker July 17, 1954",,"https://media.newyorker.com/photos/59094f4c1c7a8e33fb389c68/master/w_1600,c_limit/1954_07_17.jpg",https://www.newyorker.com/magazine/1954/07/17,covers/1954/1954-07-17.jpg,646294,ok
1954-07-24,1954,"The New Yorker July 24, 1954",,"https://media.newyorker.com/photos/59094f4debe912338a372194/master/w_1600,c_limit/1954_07_24.jpg",https://www.newyorker.com/magazine/1954/07/24,covers/1954/1954-07-24.jpg,670238,ok
1954-07-31,1954,"The New Yorker July 31, 1954",,"https://media.newyorker.com/photos/59094f4eebe912338a372198/master/w_1600,c_limit/1954_07_31.jpg",https://www.newyorker.com/magazine/1954/07/31,covers/1954/1954-07-31.jpg,561078,ok
1954-08-07,1954,"The New Yorker August 7, 1954",,"https://media.newyorker.com/photos/59094f4eebe912338a37219a/master/w_1600,c_limit/1954_08_07.jpg",https://www.newyorker.com/magazine/1954/08/07,covers/1954/1954-08-07.jpg,624381,ok
1954-08-14,1954,"The New Yorker August 14, 1954",,"https://media.newyorker.com/photos/59094f4f019dfc3494e9d34f/master/w_1600,c_limit/1954_08_14.jpg",https://www.newyorker.com/magazine/1954/08/14,covers/1954/1954-08-14.jpg,665424,ok
1954-08-21,1954,"The New Yorker August 21, 1954",,"https://media.newyorker.com/photos/59094f506552fa0be682b62b/master/w_1600,c_limit/1954_08_21.jpg",https://www.newyorker.com/magazine/1954/08/21,covers/1954/1954-08-21.jpg,931774,ok
1954-08-28,1954,"The New Yorker August 28, 1954",,"https://media.newyorker.com/photos/59094f51c14b3c606c1031de/master/w_1600,c_limit/1954_08_28.jpg",https://www.newyorker.com/magazine/1954/08/28,covers/1954/1954-08-28.jpg,533503,ok
1954-09-04,1954,"The New Yorker September 4, 1954",,"https://media.newyorker.com/photos/594721694cc7e546189098fd/master/w_1600,c_limit/1954_09_04.jpg",https://www.newyorker.com/magazine/1954/09/04,covers/1954/1954-09-04.jpg,609427,ok
1954-09-11,1954,"The New Yorker September 11, 1954",,"https://media.newyorker.com/photos/59094f53c14b3c606c1031e4/master/w_1600,c_limit/1954_09_11.jpg",https://www.newyorker.com/magazine/1954/09/11,covers/1954/1954-09-11.jpg,657091,ok
1954-09-18,1954,"The New Yorker September 18, 1954",,"https://media.newyorker.com/photos/59094f536552fa0be682b631/master/w_1600,c_limit/1954_09_18.jpg",https://www.newyorker.com/magazine/1954/09/18,covers/1954/1954-09-18.jpg,571949,ok
1954-09-25,1954,"The New Yorker September 25, 1954",,"https://media.newyorker.com/photos/59094f4d6552fa0be682b627/master/w_1600,c_limit/1954_09_25.jpg",https://www.newyorker.com/magazine/1954/09/25,covers/1954/1954-09-25.jpg,671284,ok
1954-10-02,1954,"The New Yorker October 2, 1954",,"https://media.newyorker.com/photos/5947218537a8f26ebc924b1f/master/w_1600,c_limit/1954_10_02.jpg",https://www.newyorker.com/magazine/1954/10/02,covers/1954/1954-10-02.jpg,647615,ok
1954-10-09,1954,"The New Yorker October 9, 1954",,"https://media.newyorker.com/photos/59094f4f6552fa0be682b629/master/w_1600,c_limit/1954_10_09.jpg",https://www.newyorker.com/magazine/1954/10/09,covers/1954/1954-10-09.jpg,805931,ok
1954-10-16,1954,"The New Yorker October 16, 1954",,"https://media.newyorker.com/photos/59094f50ebe912338a37219c/master/w_1600,c_limit/1954_10_16.jpg",https://www.newyorker.com/magazine/1954/10/16,covers/1954/1954-10-16.jpg,708901,ok
1954-10-23,1954,"The New Yorker October 23, 1954",,"https://media.newyorker.com/photos/59094f511c7a8e33fb389c6c/master/w_1600,c_limit/1954_10_23.jpg",https://www.newyorker.com/magazine/1954/10/23,covers/1954/1954-10-23.jpg,789407,ok
1954-10-30,1954,"The New Yorker October 30, 1954",,"https://media.newyorker.com/photos/59094f511c7a8e33fb389c6e/master/w_1600,c_limit/1954_10_30.jpg",https://www.newyorker.com/magazine/1954/10/30,covers/1954/1954-10-30.jpg,655029,ok
1954-11-06,1954,"The New Yorker November 6, 1954",,"https://media.newyorker.com/photos/59094f526552fa0be682b62f/master/w_1600,c_limit/1954_11_06.jpg",https://www.newyorker.com/magazine/1954/11/06,covers/1954/1954-11-06.jpg,745138,ok
1954-11-13,1954,"The New Yorker November 13, 1954",,"https://media.newyorker.com/photos/59094f531c7a8e33fb389c72/master/w_1600,c_limit/1954_11_13.jpg",https://www.newyorker.com/magazine/1954/11/13,covers/1954/1954-11-13.jpg,670974,ok
1954-11-20,1954,"The New Yorker November 20, 1954",,"https://media.newyorker.com/photos/59094f531c7a8e33fb389c74/master/w_1600,c_limit/1954_11_20.jpg",https://www.newyorker.com/magazine/1954/11/20,covers/1954/1954-11-20.jpg,626989,ok
1954-11-27,1954,"The New Yorker November 27, 1954",,"https://media.newyorker.com/photos/59094f541c7a8e33fb389c76/master/w_1600,c_limit/1954_11_27.jpg",https://www.newyorker.com/magazine/1954/11/27,covers/1954/1954-11-27.jpg,540566,ok
1954-12-04,1954,"The New Yorker December 4, 1954",,"https://media.newyorker.com/photos/59094f502179605b11ad292a/master/w_1600,c_limit/1954_12_04.jpg",https://www.newyorker.com/magazine/1954/12/04,covers/1954/1954-12-04.jpg,639669,ok
1954-12-11,1954,"The New Yorker December 11, 1954",,"https://media.newyorker.com/photos/59094f50019dfc3494e9d351/master/w_1600,c_limit/1954_12_11.jpg",https://www.newyorker.com/magazine/1954/12/11,covers/1954/1954-12-11.jpg,637677,ok
1954-12-18,1954,"The New Yorker December 18, 1954",,"https://media.newyorker.com/photos/59094f51019dfc3494e9d353/master/w_1600,c_limit/1954_12_18.jpg",https://www.newyorker.com/magazine/1954/12/18,covers/1954/1954-12-18.jpg,623181,ok
1954-12-25,1954,"The New Yorker December 25, 1954",,"https://media.newyorker.com/photos/59094f52c14b3c606c1031e1/master/w_1600,c_limit/1954_12_25.jpg",https://www.newyorker.com/magazine/1954/12/25,covers/1954/1954-12-25.jpg,535943,ok
1955-01-01,1955,"The New Yorker January 1, 1955",,"https://media.newyorker.com/photos/59094f52ebe912338a3721a0/master/w_1600,c_limit/1955_01_01.jpg",https://www.newyorker.com/magazine/1955/01/01,covers/1955/1955-01-01.jpg,707702,ok
1955-01-08,1955,"The New Yorker January 8, 1955",,"https://media.newyorker.com/photos/59094f53ebe912338a3721a2/master/w_1600,c_limit/1955_01_08.jpg",https://www.newyorker.com/magazine/1955/01/08,covers/1955/1955-01-08.jpg,667516,ok
1955-01-15,1955,"The New Yorker January 15, 1955",,"https://media.newyorker.com/photos/59094f546552fa0be682b633/master/w_1600,c_limit/1955_01_15.jpg",https://www.newyorker.com/magazine/1955/01/15,covers/1955/1955-01-15.jpg,601381,ok
1955-01-22,1955,"The New Yorker January 22, 1955",,"https://media.newyorker.com/photos/59094f551c7a8e33fb389c79/master/w_1600,c_limit/1955_01_22.jpg",https://www.newyorker.com/magazine/1955/01/22,covers/1955/1955-01-22.jpg,503906,ok
1955-01-29,1955,"The New Yorker January 29, 1955",,"https://media.newyorker.com/photos/59094f552179605b11ad2932/master/w_1600,c_limit/1955_01_29.jpg",https://www.newyorker.com/magazine/1955/01/29,covers/1955/1955-01-29.jpg,613879,ok
1955-02-05,1955,"The New Yorker February 5, 1955",,"https://media.newyorker.com/photos/59094f566552fa0be682b639/master/w_1600,c_limit/1955_02_05.jpg",https://www.newyorker.com/magazine/1955/02/05,covers/1955/1955-02-05.jpg,728083,ok
1955-02-12,1955,"The New Yorker February 12, 1955",,"https://media.newyorker.com/photos/59094f51ebe912338a37219e/master/w_1600,c_limit/1955_02_12.jpg",https://www.newyorker.com/magazine/1955/02/12,covers/1955/1955-02-12.jpg,614632,ok
1955-02-19,1955,"The New Yorker February 19, 1955",,"https://media.newyorker.com/photos/59094f516552fa0be682b62d/master/w_1600,c_limit/1955_02_19.jpg",https://www.newyorker.com/magazine/1955/02/19,covers/1955/1955-02-19.jpg,367060,ok
1955-02-26,1955,"The New Yorker February 26, 1955",,"https://media.newyorker.com/photos/59094f521c7a8e33fb389c70/master/w_1600,c_limit/1955_02_26.jpg",https://www.newyorker.com/magazine/1955/02/26,covers/1955/1955-02-26.jpg,809190,ok
1955-03-05,1955,"The New Yorker March 5, 1955",,"https://media.newyorker.com/photos/59094f53c14b3c606c1031e6/master/w_1600,c_limit/1955_03_05.jpg",https://www.newyorker.com/magazine/1955/03/05,covers/1955/1955-03-05.jpg,655411,ok
1955-03-12,1955,"The New Yorker March 12, 1955",,"https://media.newyorker.com/photos/59094f54ebe912338a3721a4/master/w_1600,c_limit/1955_03_12.jpg",https://www.newyorker.com/magazine/1955/03/12,covers/1955/1955-03-12.jpg,657822,ok
1955-03-19,1955,"The New Yorker March 19, 1955",,"https://media.newyorker.com/photos/59094f542179605b11ad2930/master/w_1600,c_limit/1955_03_19.jpg",https://www.newyorker.com/magazine/1955/03/19,covers/1955/1955-03-19.jpg,628166,ok
1955-03-26,1955,"The New Yorker March 26, 1955",,"https://media.newyorker.com/photos/59094f556552fa0be682b637/master/w_1600,c_limit/1955_03_26.jpg",https://www.newyorker.com/magazine/1955/03/26,covers/1955/1955-03-26.jpg,622262,ok
1955-04-02,1955,"The New Yorker April 2, 1955",,"https://media.newyorker.com/photos/59094f56ebe912338a3721a8/master/w_1600,c_limit/1955_04_02.jpg",https://www.newyorker.com/magazine/1955/04/02,covers/1955/1955-04-02.jpg,790187,ok
1955-04-09,1955,"The New Yorker April 9, 1955",,"https://media.newyorker.com/photos/59094f57ebe912338a3721aa/master/w_1600,c_limit/1955_04_09.jpg",https://www.newyorker.com/magazine/1955/04/09,covers/1955/1955-04-09.jpg,701527,ok
1955-04-16,1955,"The New Yorker April 16, 1955",,"https://media.newyorker.com/photos/59094f572179605b11ad2936/master/w_1600,c_limit/1955_04_16.jpg",https://www.newyorker.com/magazine/1955/04/16,covers/1955/1955-04-16.jpg,631185,ok
1955-04-23,1955,"The New Yorker April 23, 1955",,"https://media.newyorker.com/photos/59094f53019dfc3494e9d355/master/w_1600,c_limit/1955_04_23.jpg",https://www.newyorker.com/magazine/1955/04/23,covers/1955/1955-04-23.jpg,664960,ok
1955-04-30,1955,"The New Yorker April 30, 1955",,"https://media.newyorker.com/photos/59094f53019dfc3494e9d357/master/w_1600,c_limit/1955_04_30.jpg",https://www.newyorker.com/magazine/1955/04/30,covers/1955/1955-04-30.jpg,718876,ok
1955-05-07,1955,"The New Yorker May 7, 1955",,"https://media.newyorker.com/photos/59094f546552fa0be682b635/master/w_1600,c_limit/1955_05_07.jpg",https://www.newyorker.com/magazine/1955/05/07,covers/1955/1955-05-07.jpg,505801,ok
1955-05-14,1955,"The New Yorker May 14, 1955",,"https://media.newyorker.com/photos/59094f55ebe912338a3721a6/master/w_1600,c_limit/1955_05_14.jpg",https://www.newyorker.com/magazine/1955/05/14,covers/1955/1955-05-14.jpg,658414,ok
1955-05-21,1955,"The New Yorker May 21, 1955",,"https://media.newyorker.com/photos/59094f55c14b3c606c1031e8/master/w_1600,c_limit/1955_05_21.jpg",https://www.newyorker.com/magazine/1955/05/21,covers/1955/1955-05-21.jpg,540748,ok
1955-05-28,1955,"The New Yorker May 28, 1955",,"https://media.newyorker.com/photos/59094f562179605b11ad2934/master/w_1600,c_limit/1955_05_28.jpg",https://www.newyorker.com/magazine/1955/05/28,covers/1955/1955-05-28.jpg,687862,ok
1955-06-04,1955,"The New Yorker June 4, 1955",,"https://media.newyorker.com/photos/59094f571c7a8e33fb389c7e/master/w_1600,c_limit/1955_06_04.jpg",https://www.newyorker.com/magazine/1955/06/04,covers/1955/1955-06-04.jpg,745641,ok
1955-06-11,1955,"The New Yorker June 11, 1955",,"https://media.newyorker.com/photos/59094f58ebe912338a3721ae/master/w_1600,c_limit/1955_06_11.jpg",https://www.newyorker.com/magazine/1955/06/11,covers/1955/1955-06-11.jpg,523837,ok
1955-06-18,1955,"The New Yorker June 18, 1955",,"https://media.newyorker.com/photos/59094f596552fa0be682b63d/master/w_1600,c_limit/1955_06_18.jpg",https://www.newyorker.com/magazine/1955/06/18,covers/1955/1955-06-18.jpg,731498,ok
1955-06-25,1955,"The New Yorker June 25, 1955",,"https://media.newyorker.com/photos/59094f59ebe912338a3721b3/master/w_1600,c_limit/1955_06_25.jpg",https://www.newyorker.com/magazine/1955/06/25,covers/1955/1955-06-25.jpg,574029,ok
1955-07-02,1955,"The New Yorker July 2, 1955",,"https://media.newyorker.com/photos/59094f561c7a8e33fb389c7a/master/w_1600,c_limit/1955_07_02.jpg",https://www.newyorker.com/magazine/1955/07/02,covers/1955/1955-07-02.jpg,208125,ok
1955-07-09,1955,"The New Yorker July 9, 1955",,"https://media.newyorker.com/photos/59094f566552fa0be682b63b/master/w_1600,c_limit/1955_07_09.jpg",https://www.newyorker.com/magazine/1955/07/09,covers/1955/1955-07-09.jpg,945004,ok
1955-07-16,1955,"The New Yorker July 16, 1955",,"https://media.newyorker.com/photos/59094f57ebe912338a3721ac/master/w_1600,c_limit/1955_07_16.jpg",https://www.newyorker.com/magazine/1955/07/16,covers/1955/1955-07-16.jpg,700488,ok
1955-07-23,1955,"The New Yorker July 23, 1955",,"https://media.newyorker.com/photos/59094f58019dfc3494e9d35a/master/w_1600,c_limit/1955_07_23.jpg",https://www.newyorker.com/magazine/1955/07/23,covers/1955/1955-07-23.jpg,680302,ok
1955-07-30,1955,"The New Yorker July 30, 1955",,"https://media.newyorker.com/photos/59094f59019dfc3494e9d35d/master/w_1600,c_limit/1955_07_30.jpg",https://www.newyorker.com/magazine/1955/07/30,covers/1955/1955-07-30.jpg,680318,ok
1955-08-06,1955,"The New Yorker August 6, 1955",,"https://media.newyorker.com/photos/59094f59019dfc3494e9d35f/master/w_1600,c_limit/1955_08_06.jpg",https://www.newyorker.com/magazine/1955/08/06,covers/1955/1955-08-06.jpg,564873,ok
1955-08-13,1955,"The New Yorker August 13, 1955",,"https://media.newyorker.com/photos/59094f5a1c7a8e33fb389c82/master/w_1600,c_limit/1955_08_13.jpg",https://www.newyorker.com/magazine/1955/08/13,covers/1955/1955-08-13.jpg,546243,ok
1955-08-20,1955,"The New Yorker August 20, 1955",,"https://media.newyorker.com/photos/59094f5b2179605b11ad293e/master/w_1600,c_limit/1955_08_20.jpg",https://www.newyorker.com/magazine/1955/08/20,covers/1955/1955-08-20.jpg,565341,ok
1955-08-27,1955,"The New Yorker August 27, 1955",,"https://media.newyorker.com/photos/59094f5c1c7a8e33fb389c84/master/w_1600,c_limit/1955_08_27.jpg",https://www.newyorker.com/magazine/1955/08/27,covers/1955/1955-08-27.jpg,724808,ok
1955-09-03,1955,"The New Yorker September 3, 1955",,"https://media.newyorker.com/photos/59094f5debe912338a3721bc/master/w_1600,c_limit/1955_09_03.jpg",https://www.newyorker.com/magazine/1955/09/03,covers/1955/1955-09-03.jpg,496728,ok
1955-09-10,1955,"The New Yorker September 10, 1955",,"https://media.newyorker.com/photos/59094f561c7a8e33fb389c7c/master/w_1600,c_limit/1955_09_10.jpg",https://www.newyorker.com/magazine/1955/09/10,covers/1955/1955-09-10.jpg,599528,ok
1955-09-17,1955,"The New Yorker September 17, 1955",,"https://media.newyorker.com/photos/59094f56c14b3c606c1031ea/master/w_1600,c_limit/1955_09_17.jpg",https://www.newyorker.com/magazine/1955/09/17,covers/1955/1955-09-17.jpg,744454,ok
1955-09-24,1955,"The New Yorker September 24, 1955",,"https://media.newyorker.com/photos/59094f58c14b3c606c1031ec/master/w_1600,c_limit/1955_09_24.jpg",https://www.newyorker.com/magazine/1955/09/24,covers/1955/1955-09-24.jpg,817776,ok
1955-10-01,1955,"The New Yorker October 1, 1955",,"https://media.newyorker.com/photos/59094f592179605b11ad2938/master/w_1600,c_limit/1955_10_01.jpg",https://www.newyorker.com/magazine/1955/10/01,covers/1955/1955-10-01.jpg,324282,ok
1955-10-08,1955,"The New Yorker October 8, 1955",,"https://media.newyorker.com/photos/59094f59c14b3c606c1031ee/master/w_1600,c_limit/1955_10_08.jpg",https://www.newyorker.com/magazine/1955/10/08,covers/1955/1955-10-08.jpg,563873,ok
1955-10-15,1955,"The New Yorker October 15, 1955",,"https://media.newyorker.com/photos/59094f5a2179605b11ad293c/master/w_1600,c_limit/1955_10_15.jpg",https://www.newyorker.com/magazine/1955/10/15,covers/1955/1955-10-15.jpg,472260,ok
1955-10-22,1955,"The New Yorker October 22, 1955",,"https://media.newyorker.com/photos/59094f5b6552fa0be682b641/master/w_1600,c_limit/1955_10_22.jpg",https://www.newyorker.com/magazine/1955/10/22,covers/1955/1955-10-22.jpg,806290,ok
1955-10-29,1955,"The New Yorker October 29, 1955",,"https://media.newyorker.com/photos/59094f5c019dfc3494e9d363/master/w_1600,c_limit/1955_10_29.jpg",https://www.newyorker.com/magazine/1955/10/29,covers/1955/1955-10-29.jpg,618754,ok
1955-11-05,1955,"The New Yorker November 5, 1955",,"https://media.newyorker.com/photos/59094f5c2179605b11ad2940/master/w_1600,c_limit/1955_11_05.jpg",https://www.newyorker.com/magazine/1955/11/05,covers/1955/1955-11-05.jpg,837885,ok
1955-11-12,1955,"The New Yorker November 12, 1955",,"https://media.newyorker.com/photos/59094f5d6552fa0be682b647/master/w_1600,c_limit/1955_11_12.jpg",https://www.newyorker.com/magazine/1955/11/12,covers/1955/1955-11-12.jpg,629222,ok
1955-11-19,1955,"The New Yorker November 19, 1955",,"https://media.newyorker.com/photos/59094f58019dfc3494e9d35b/master/w_1600,c_limit/1955_11_19.jpg",https://www.newyorker.com/magazine/1955/11/19,covers/1955/1955-11-19.jpg,718428,ok
1955-11-26,1955,"The New Yorker November 26, 1955",,"https://media.newyorker.com/photos/59094f59ebe912338a3721b0/master/w_1600,c_limit/1955_11_26.jpg",https://www.newyorker.com/magazine/1955/11/26,covers/1955/1955-11-26.jpg,532350,ok
1955-12-03,1955,"The New Yorker December 3, 1955",,"https://media.newyorker.com/photos/59094f59ebe912338a3721b4/master/w_1600,c_limit/1955_12_03.jpg",https://www.newyorker.com/magazine/1955/12/03,covers/1955/1955-12-03.jpg,719864,ok
1955-12-10,1955,"The New Yorker December 10, 1955",,"https://media.newyorker.com/photos/59094f5a1c7a8e33fb389c80/master/w_1600,c_limit/1955_12_10.jpg",https://www.newyorker.com/magazine/1955/12/10,covers/1955/1955-12-10.jpg,386359,ok
1955-12-17,1955,"The New Yorker December 17, 1955",,"https://media.newyorker.com/photos/59094f5bebe912338a3721b6/master/w_1600,c_limit/1955_12_17.jpg",https://www.newyorker.com/magazine/1955/12/17,covers/1955/1955-12-17.jpg,671246,ok
1955-12-24,1955,"The New Yorker December 24, 1955",,"https://media.newyorker.com/photos/59094f5c6552fa0be682b645/master/w_1600,c_limit/1955_12_24.jpg",https://www.newyorker.com/magazine/1955/12/24,covers/1955/1955-12-24.jpg,792652,ok
1955-12-31,1955,"The New Yorker December 31, 1955",,"https://media.newyorker.com/photos/59094f5debe912338a3721ba/master/w_1600,c_limit/1955_12_31.jpg",https://www.newyorker.com/magazine/1955/12/31,covers/1955/1955-12-31.jpg,615903,ok
1956-01-07,1956,"The New Yorker January 7, 1956",,"https://media.newyorker.com/photos/59094f5d1c7a8e33fb389c88/master/w_1600,c_limit/1956_01_07.jpg",https://www.newyorker.com/magazine/1956/01/07,covers/1956/1956-01-07.jpg,308079,ok
1956-01-14,1956,"The New Yorker January 14, 1956",,"https://media.newyorker.com/photos/59094f5e019dfc3494e9d365/master/w_1600,c_limit/1956_01_14.jpg",https://www.newyorker.com/magazine/1956/01/14,covers/1956/1956-01-14.jpg,730231,ok
1956-01-21,1956,"The New Yorker January 21, 1956",,"https://media.newyorker.com/photos/59094f5fc14b3c606c1031f4/master/w_1600,c_limit/1956_01_21.jpg",https://www.newyorker.com/magazine/1956/01/21,covers/1956/1956-01-21.jpg,751043,ok
1956-01-28,1956,"The New Yorker January 28, 1956",,"https://media.newyorker.com/photos/59094f596552fa0be682b63f/master/w_1600,c_limit/1956_01_28.jpg",https://www.newyorker.com/magazine/1956/01/28,covers/1956/1956-01-28.jpg,597789,ok
1956-02-04,1956,"The New Yorker February 4, 1956",,"https://media.newyorker.com/photos/59094f5a2179605b11ad293b/master/w_1600,c_limit/1956_02_04.jpg",https://www.newyorker.com/magazine/1956/02/04,covers/1956/1956-02-04.jpg,670539,ok
1956-02-11,1956,"The New Yorker February 11, 1956",,"https://media.newyorker.com/photos/59094f5b019dfc3494e9d361/master/w_1600,c_limit/1956_02_11.jpg",https://www.newyorker.com/magazine/1956/02/11,covers/1956/1956-02-11.jpg,734527,ok
1956-02-18,1956,"The New Yorker February 18, 1956",,"https://media.newyorker.com/photos/59094f5c6552fa0be682b644/master/w_1600,c_limit/1956_02_18.jpg",https://www.newyorker.com/magazine/1956/02/18,covers/1956/1956-02-18.jpg,857391,ok
1956-02-25,1956,"The New Yorker February 25, 1956",,"https://media.newyorker.com/photos/59094f5c1c7a8e33fb389c86/master/w_1600,c_limit/1956_02_25.jpg",https://www.newyorker.com/magazine/1956/02/25,covers/1956/1956-02-25.jpg,362205,ok
1956-03-03,1956,"The New Yorker March 3, 1956",,"https://media.newyorker.com/photos/59094f5debe912338a3721be/master/w_1600,c_limit/1956_03_03.jpg",https://www.newyorker.com/magazine/1956/03/03,covers/1956/1956-03-03.jpg,725887,ok
1956-03-10,1956,"The New Yorker March 10, 1956",,"https://media.newyorker.com/photos/59094f5e1c7a8e33fb389c8a/master/w_1600,c_limit/1956_03_10.jpg",https://www.newyorker.com/magazine/1956/03/10,covers/1956/1956-03-10.jpg,627077,ok
1956-03-17,1956,"The New Yorker March 17, 1956",,"https://media.newyorker.com/photos/59094f5f6552fa0be682b64a/master/w_1600,c_limit/1956_03_17.jpg",https://www.newyorker.com/magazine/1956/03/17,covers/1956/1956-03-17.jpg,397820,ok
1956-03-24,1956,"The New Yorker March 24, 1956",,"https://media.newyorker.com/photos/59094f5f1c7a8e33fb389c90/master/w_1600,c_limit/1956_03_24.jpg",https://www.newyorker.com/magazine/1956/03/24,covers/1956/1956-03-24.jpg,616882,ok
1956-03-31,1956,"The New Yorker March 31, 1956",,"https://media.newyorker.com/photos/59094f601c7a8e33fb389c92/master/w_1600,c_limit/1956_03_31.jpg",https://www.newyorker.com/magazine/1956/03/31,covers/1956/1956-03-31.jpg,729256,ok
1956-04-07,1956,"The New Yorker April 7, 1956",,"https://media.newyorker.com/photos/59094f5bc14b3c606c1031f0/master/w_1600,c_limit/1956_04_07.jpg",https://www.newyorker.com/magazine/1956/04/07,covers/1956/1956-04-07.jpg,552060,ok
1956-04-14,1956,"The New Yorker April 14, 1956",,"https://media.newyorker.com/photos/59094f5cebe912338a3721b8/master/w_1600,c_limit/1956_04_14.jpg",https://www.newyorker.com/magazine/1956/04/14,covers/1956/1956-04-14.jpg,565227,ok
1956-04-21,1956,"The New Yorker April 21, 1956",,"https://media.newyorker.com/photos/59094f5dc14b3c606c1031f2/master/w_1600,c_limit/1956_04_21.jpg",https://www.newyorker.com/magazine/1956/04/21,covers/1956/1956-04-21.jpg,888224,ok
1956-04-28,1956,"The New Yorker April 28, 1956",,"https://media.newyorker.com/photos/59094f5debe912338a3721c0/master/w_1600,c_limit/1956_04_28.jpg",https://www.newyorker.com/magazine/1956/04/28,covers/1956/1956-04-28.jpg,542598,ok
1956-05-05,1956,"The New Yorker May 5, 1956",,"https://media.newyorker.com/photos/59094f5f2179605b11ad2942/master/w_1600,c_limit/1956_05_05.jpg",https://www.newyorker.com/magazine/1956/05/05,covers/1956/1956-05-05.jpg,687409,ok
1956-05-12,1956,"The New Yorker May 12, 1956",,"https://media.newyorker.com/photos/59094f60ebe912338a3721c4/master/w_1600,c_limit/1956_05_12.jpg",https://www.newyorker.com/magazine/1956/05/12,covers/1956/1956-05-12.jpg,566377,ok
1956-05-19,1956,"The New Yorker May 19, 1956",,"https://media.newyorker.com/photos/59094f61019dfc3494e9d369/master/w_1600,c_limit/1956_05_19.jpg",https://www.newyorker.com/magazine/1956/05/19,covers/1956/1956-05-19.jpg,637259,ok
1956-05-26,1956,"The New Yorker May 26, 1956",,"https://media.newyorker.com/photos/59094f616552fa0be682b64f/master/w_1600,c_limit/1956_05_26.jpg",https://www.newyorker.com/magazine/1956/05/26,covers/1956/1956-05-26.jpg,401756,ok
1956-06-02,1956,"The New Yorker June 2, 1956",,"https://media.newyorker.com/photos/59094f626552fa0be682b651/master/w_1600,c_limit/1956_06_02.jpg",https://www.newyorker.com/magazine/1956/06/02,covers/1956/1956-06-02.jpg,542441,ok
1956-06-09,1956,"The New Yorker June 9, 1956",,"https://media.newyorker.com/photos/59094f63ebe912338a3721c8/master/w_1600,c_limit/1956_06_09.jpg",https://www.newyorker.com/magazine/1956/06/09,covers/1956/1956-06-09.jpg,538626,ok
1956-06-16,1956,"The New Yorker June 16, 1956",,"https://media.newyorker.com/photos/59094f5e1c7a8e33fb389c8c/master/w_1600,c_limit/1956_06_16.jpg",https://www.newyorker.com/magazine/1956/06/16,covers/1956/1956-06-16.jpg,624204,ok
1956-06-23,1956,"The New Yorker June 23, 1956",,"https://media.newyorker.com/photos/59094f5f1c7a8e33fb389c8f/master/w_1600,c_limit/1956_06_23.jpg",https://www.newyorker.com/magazine/1956/06/23,covers/1956/1956-06-23.jpg,603723,ok
1956-06-30,1956,"The New Yorker June 30, 1956",,"https://media.newyorker.com/photos/59094f60019dfc3494e9d367/master/w_1600,c_limit/1956_06_30.jpg",https://www.newyorker.com/magazine/1956/06/30,covers/1956/1956-06-30.jpg,751860,ok
1956-07-07,1956,"The New Yorker July 7, 1956",,"https://media.newyorker.com/photos/59094f616552fa0be682b64d/master/w_1600,c_limit/1956_07_07.jpg",https://www.newyorker.com/magazine/1956/07/07,covers/1956/1956-07-07.jpg,687726,ok
1956-07-14,1956,"The New Yorker July 14, 1956",,"https://media.newyorker.com/photos/59094f62019dfc3494e9d36d/master/w_1600,c_limit/1956_07_14.jpg",https://www.newyorker.com/magazine/1956/07/14,covers/1956/1956-07-14.jpg,793485,ok
1956-07-21,1956,"The New Yorker July 21, 1956",,"https://media.newyorker.com/photos/59094f62c14b3c606c1031fc/master/w_1600,c_limit/1956_07_21.jpg",https://www.newyorker.com/magazine/1956/07/21,covers/1956/1956-07-21.jpg,643902,ok
1956-07-28,1956,"The New Yorker July 28, 1956",,"https://media.newyorker.com/photos/59094f63c14b3c606c1031fe/master/w_1600,c_limit/1956_07_28.jpg",https://www.newyorker.com/magazine/1956/07/28,covers/1956/1956-07-28.jpg,590521,ok
1956-08-04,1956,"The New Yorker August 4, 1956",,"https://media.newyorker.com/photos/59094f646552fa0be682b655/master/w_1600,c_limit/1956_08_04.jpg",https://www.newyorker.com/magazine/1956/08/04,covers/1956/1956-08-04.jpg,708548,ok
1956-08-11,1956,"The New Yorker August 11, 1956",,"https://media.newyorker.com/photos/59094f65c14b3c606c103200/master/w_1600,c_limit/1956_08_11.jpg",https://www.newyorker.com/magazine/1956/08/11,covers/1956/1956-08-11.jpg,701177,ok
1956-08-18,1956,"The New Yorker August 18, 1956",,"https://media.newyorker.com/photos/59094f651c7a8e33fb389c98/master/w_1600,c_limit/1956_08_18.jpg",https://www.newyorker.com/magazine/1956/08/18,covers/1956/1956-08-18.jpg,543074,ok
1956-08-25,1956,"The New Yorker August 25, 1956",,"https://media.newyorker.com/photos/59094f5f6552fa0be682b64b/master/w_1600,c_limit/1956_08_25.jpg",https://www.newyorker.com/magazine/1956/08/25,covers/1956/1956-08-25.jpg,654128,ok
1956-09-01,1956,"The New Yorker September 1, 1956",,"https://media.newyorker.com/photos/59094f5febe912338a3721c2/master/w_1600,c_limit/1956_09_01.jpg",https://www.newyorker.com/magazine/1956/09/01,covers/1956/1956-09-01.jpg,604782,ok
1956-09-08,1956,"The New Yorker September 8, 1956",,"https://media.newyorker.com/photos/59094f60c14b3c606c1031f6/master/w_1600,c_limit/1956_09_08.jpg",https://www.newyorker.com/magazine/1956/09/08,covers/1956/1956-09-08.jpg,561402,ok
1956-09-15,1956,"The New Yorker September 15, 1956",,"https://media.newyorker.com/photos/59094f61ebe912338a3721c6/master/w_1600,c_limit/1956_09_15.jpg",https://www.newyorker.com/magazine/1956/09/15,covers/1956/1956-09-15.jpg,602972,ok
1956-09-22,1956,"The New Yorker September 22, 1956",,"https://media.newyorker.com/photos/59094f62019dfc3494e9d36c/master/w_1600,c_limit/1956_09_22.jpg",https://www.newyorker.com/magazine/1956/09/22,covers/1956/1956-09-22.jpg,690465,ok
1956-09-29,1956,"The New Yorker September 29, 1956",,"https://media.newyorker.com/photos/59094f62c14b3c606c1031fb/master/w_1600,c_limit/1956_09_29.jpg",https://www.newyorker.com/magazine/1956/09/29,covers/1956/1956-09-29.jpg,622059,ok
1956-10-06,1956,"The New Yorker October 6, 1956",,"https://media.newyorker.com/photos/59094f63019dfc3494e9d371/master/w_1600,c_limit/1956_10_06.jpg",https://www.newyorker.com/magazine/1956/10/06,covers/1956/1956-10-06.jpg,613556,ok
1956-10-13,1956,"The New Yorker October 13, 1956",,"https://media.newyorker.com/photos/59094f64019dfc3494e9d375/master/w_1600,c_limit/1956_10_13.jpg",https://www.newyorker.com/magazine/1956/10/13,covers/1956/1956-10-13.jpg,650705,ok
1956-10-20,1956,"The New Yorker October 20, 1956",,"https://media.newyorker.com/photos/59094f65019dfc3494e9d377/master/w_1600,c_limit/1956_10_20.jpg",https://www.newyorker.com/magazine/1956/10/20,covers/1956/1956-10-20.jpg,480866,ok
1956-10-27,1956,"The New Yorker October 27, 1956",,"https://media.newyorker.com/photos/59094f65019dfc3494e9d379/master/w_1600,c_limit/1956_10_27.jpg",https://www.newyorker.com/magazine/1956/10/27,covers/1956/1956-10-27.jpg,758774,ok
1956-11-03,1956,"The New Yorker November 3, 1956",,"https://media.newyorker.com/photos/59094f622179605b11ad2944/master/w_1600,c_limit/1956_11_03.jpg",https://www.newyorker.com/magazine/1956/11/03,covers/1956/1956-11-03.jpg,10661,ok
1956-11-10,1956,"The New Yorker November 10, 1956",,"https://media.newyorker.com/photos/59094f636552fa0be682b653/master/w_1600,c_limit/1956_11_10.jpg",https://www.newyorker.com/magazine/1956/11/10,covers/1956/1956-11-10.jpg,744206,ok
1956-11-17,1956,"The New Yorker November 17, 1956",,"https://media.newyorker.com/photos/59094f64019dfc3494e9d374/master/w_1600,c_limit/1956_11_17.jpg",https://www.newyorker.com/magazine/1956/11/17,covers/1956/1956-11-17.jpg,736256,ok
1956-11-24,1956,"The New Yorker November 24, 1956",,"https://media.newyorker.com/photos/59094f656552fa0be682b657/master/w_1600,c_limit/1956_11_24.jpg",https://www.newyorker.com/magazine/1956/11/24,covers/1956/1956-11-24.jpg,590426,ok
1956-12-01,1956,"The New Yorker December 1, 1956",,"https://media.newyorker.com/photos/59094f65ebe912338a3721ce/master/w_1600,c_limit/1956_12_01.jpg",https://www.newyorker.com/magazine/1956/12/01,covers/1956/1956-12-01.jpg,631337,ok
1956-12-08,1956,"The New Yorker December 8, 1956",,"https://media.newyorker.com/photos/59094f666552fa0be682b659/master/w_1600,c_limit/1956_12_08.jpg",https://www.newyorker.com/magazine/1956/12/08,covers/1956/1956-12-08.jpg,555820,ok
1956-12-15,1956,"The New Yorker December 15, 1956",,"https://media.newyorker.com/photos/59094f672179605b11ad2949/master/w_1600,c_limit/1956_12_15.jpg",https://www.newyorker.com/magazine/1956/12/15,covers/1956/1956-12-15.jpg,700269,ok
1956-12-22,1956,"The New Yorker December 22, 1956",,"https://media.newyorker.com/photos/59094f686552fa0be682b65d/master/w_1600,c_limit/1956_12_22.jpg",https://www.newyorker.com/magazine/1956/12/22,covers/1956/1956-12-22.jpg,580213,ok
1956-12-29,1956,"The New Yorker December 29, 1956",,"https://media.newyorker.com/photos/59094f691c7a8e33fb389c9e/master/w_1600,c_limit/1956_12_29.jpg",https://www.newyorker.com/magazine/1956/12/29,covers/1956/1956-12-29.jpg,712575,ok
1957-01-05,1957,"The New Yorker January 5, 1957",,"https://media.newyorker.com/photos/59094f691c7a8e33fb389ca1/master/w_1600,c_limit/1957_01_05.jpg",https://www.newyorker.com/magazine/1957/01/05,covers/1957/1957-01-05.jpg,549945,ok
1957-01-12,1957,"The New Yorker January 12, 1957",,"https://media.newyorker.com/photos/59094f62c14b3c606c1031f8/master/w_1600,c_limit/1957_01_12.jpg",https://www.newyorker.com/magazine/1957/01/12,covers/1957/1957-01-12.jpg,674926,ok
1957-01-19,1957,"The New Yorker January 19, 1957",,"https://media.newyorker.com/photos/59094f63019dfc3494e9d36f/master/w_1600,c_limit/1957_01_19.jpg",https://www.newyorker.com/magazine/1957/01/19,covers/1957/1957-01-19.jpg,545104,ok
1957-01-26,1957,"The New Yorker January 26, 1957",,"https://media.newyorker.com/photos/59094f641c7a8e33fb389c94/master/w_1600,c_limit/1957_01_26.jpg",https://www.newyorker.com/magazine/1957/01/26,covers/1957/1957-01-26.jpg,613462,ok
1957-02-02,1957,"The New Yorker February 2, 1957",,"https://media.newyorker.com/photos/59094f641c7a8e33fb389c96/master/w_1600,c_limit/1957_02_02.jpg",https://www.newyorker.com/magazine/1957/02/02,covers/1957/1957-02-02.jpg,375877,ok
1957-02-09,1957,"The New Yorker February 9, 1957",,"https://media.newyorker.com/photos/59094f652179605b11ad2946/master/w_1600,c_limit/1957_02_09.jpg",https://www.newyorker.com/magazine/1957/02/09,covers/1957/1957-02-09.jpg,592644,ok
1957-02-16,1957,"The New Yorker February 16, 1957",,"https://media.newyorker.com/photos/59094f66019dfc3494e9d37d/master/w_1600,c_limit/1957_02_16.jpg",https://www.newyorker.com/magazine/1957/02/16,covers/1957/1957-02-16.jpg,711144,ok
1957-02-23,1957,"The New Yorker February 23, 1957",,"https://media.newyorker.com/photos/59094f67ebe912338a3721d0/master/w_1600,c_limit/1957_02_23.jpg",https://www.newyorker.com/magazine/1957/02/23,covers/1957/1957-02-23.jpg,320047,ok
1957-03-02,1957,"The New Yorker March 2, 1957",,"https://media.newyorker.com/photos/59094f67019dfc3494e9d37f/master/w_1600,c_limit/1957_03_02.jpg",https://www.newyorker.com/magazine/1957/03/02,covers/1957/1957-03-02.jpg,749935,ok
1957-03-09,1957,"The New Yorker March 9, 1957",,"https://media.newyorker.com/photos/59094f68ebe912338a3721d2/master/w_1600,c_limit/1957_03_09.jpg",https://www.newyorker.com/magazine/1957/03/09,covers/1957/1957-03-09.jpg,542932,ok
1957-03-16,1957,"The New Yorker March 16, 1957",,"https://media.newyorker.com/photos/59094f692179605b11ad294e/master/w_1600,c_limit/1957_03_16.jpg",https://www.newyorker.com/magazine/1957/03/16,covers/1957/1957-03-16.jpg,682263,ok
1957-03-23,1957,"The New Yorker March 23, 1957",,"https://media.newyorker.com/photos/59094f64ebe912338a3721ca/master/w_1600,c_limit/1957_03_23.jpg",https://www.newyorker.com/magazine/1957/03/23,covers/1957/1957-03-23.jpg,546929,ok
1957-03-30,1957,"The New Yorker March 30, 1957",,"https://media.newyorker.com/photos/59094f65ebe912338a3721cc/master/w_1600,c_limit/1957_03_30.jpg",https://www.newyorker.com/magazine/1957/03/30,covers/1957/1957-03-30.jpg,675380,ok
1957-04-06,1957,"The New Yorker April 6, 1957",,"https://media.newyorker.com/photos/59094f66019dfc3494e9d37c/master/w_1600,c_limit/1957_04_06.jpg",https://www.newyorker.com/magazine/1957/04/06,covers/1957/1957-04-06.jpg,641471,ok
1957-04-13,1957,"The New Yorker April 13, 1957",,"https://media.newyorker.com/photos/59094f671c7a8e33fb389c9a/master/w_1600,c_limit/1957_04_13.jpg",https://www.newyorker.com/magazine/1957/04/13,covers/1957/1957-04-13.jpg,580358,ok
1957-04-20,1957,"The New Yorker April 20, 1957",,"https://media.newyorker.com/photos/59094f671c7a8e33fb389c9c/master/w_1600,c_limit/1957_04_20.jpg",https://www.newyorker.com/magazine/1957/04/20,covers/1957/1957-04-20.jpg,675273,ok
1957-04-27,1957,"The New Yorker April 27, 1957",,"https://media.newyorker.com/photos/59094f686552fa0be682b65f/master/w_1600,c_limit/1957_04_27.jpg",https://www.newyorker.com/magazine/1957/04/27,covers/1957/1957-04-27.jpg,604167,ok
1957-05-04,1957,"The New Yorker May 4, 1957",,"https://media.newyorker.com/photos/59094f69019dfc3494e9d381/master/w_1600,c_limit/1957_05_04.jpg",https://www.newyorker.com/magazine/1957/05/04,covers/1957/1957-05-04.jpg,601832,ok
1957-05-11,1957,"The New Yorker May 11, 1957",,"https://media.newyorker.com/photos/59094f691c7a8e33fb389ca2/master/w_1600,c_limit/1957_05_11.jpg",https://www.newyorker.com/magazine/1957/05/11,covers/1957/1957-05-11.jpg,703161,ok
1957-05-18,1957,"The New Yorker May 18, 1957",,"https://media.newyorker.com/photos/59094f6aebe912338a3721d8/master/w_1600,c_limit/1957_05_18.jpg",https://www.newyorker.com/magazine/1957/05/18,covers/1957/1957-05-18.jpg,611513,ok
1957-05-25,1957,"The New Yorker May 25, 1957",,"https://media.newyorker.com/photos/59094f6b6552fa0be682b665/master/w_1600,c_limit/1957_05_25.jpg",https://www.newyorker.com/magazine/1957/05/25,covers/1957/1957-05-25.jpg,596747,ok
1957-06-01,1957,"The New Yorker June 1, 1957",,"https://media.newyorker.com/photos/59094f672179605b11ad294a/master/w_1600,c_limit/1957_06_01.jpg",https://www.newyorker.com/magazine/1957/06/01,covers/1957/1957-06-01.jpg,544947,ok
1957-06-08,1957,"The New Yorker June 8, 1957",,"https://media.newyorker.com/photos/59094f682179605b11ad294c/master/w_1600,c_limit/1957_06_08.jpg",https://www.newyorker.com/magazine/1957/06/08,covers/1957/1957-06-08.jpg,480874,ok
1957-06-15,1957,"The New Yorker June 15, 1957",,"https://media.newyorker.com/photos/59094f68c14b3c606c103204/master/w_1600,c_limit/1957_06_15.jpg",https://www.newyorker.com/magazine/1957/06/15,covers/1957/1957-06-15.jpg,387569,ok
1957-06-22,1957,"The New Yorker June 22, 1957",,"https://media.newyorker.com/photos/59094f69ebe912338a3721d4/master/w_1600,c_limit/1957_06_22.jpg",https://www.newyorker.com/magazine/1957/06/22,covers/1957/1957-06-22.jpg,616809,ok
1957-06-29,1957,"The New Yorker June 29, 1957",,"https://media.newyorker.com/photos/59094f6a6552fa0be682b663/master/w_1600,c_limit/1957_06_29.jpg",https://www.newyorker.com/magazine/1957/06/29,covers/1957/1957-06-29.jpg,480936,ok
1957-07-06,1957,"The New Yorker July 6, 1957",,"https://media.newyorker.com/photos/59094f6a2179605b11ad2952/master/w_1600,c_limit/1957_07_06.jpg",https://www.newyorker.com/magazine/1957/07/06,covers/1957/1957-07-06.jpg,883620,ok
1957-07-13,1957,"The New Yorker July 13, 1957",,"https://media.newyorker.com/photos/59094f6bebe912338a3721da/master/w_1600,c_limit/1957_07_13.jpg",https://www.newyorker.com/magazine/1957/07/13,covers/1957/1957-07-13.jpg,561764,ok
1957-07-20,1957,"The New Yorker July 20, 1957",,"https://media.newyorker.com/photos/59094f6c019dfc3494e9d387/master/w_1600,c_limit/1957_07_20.jpg",https://www.newyorker.com/magazine/1957/07/20,covers/1957/1957-07-20.jpg,603632,ok
1957-07-27,1957,"The New Yorker July 27, 1957",,"https://media.newyorker.com/photos/59094f6dc14b3c606c103206/master/w_1600,c_limit/1957_07_27.jpg",https://www.newyorker.com/magazine/1957/07/27,covers/1957/1957-07-27.jpg,373004,ok
1957-08-03,1957,"The New Yorker August 3, 1957",,"https://media.newyorker.com/photos/59094f6e1c7a8e33fb389cae/master/w_1600,c_limit/1957_08_03.jpg",https://www.newyorker.com/magazine/1957/08/03,covers/1957/1957-08-03.jpg,672249,ok
1957-08-10,1957,"The New Yorker August 10, 1957",,"https://media.newyorker.com/photos/59094f676552fa0be682b65b/master/w_1600,c_limit/1957_08_10.jpg",https://www.newyorker.com/magazine/1957/08/10,covers/1957/1957-08-10.jpg,543676,ok
1957-08-17,1957,"The New Yorker August 17, 1957",,"https://media.newyorker.com/photos/59094f68c14b3c606c103202/master/w_1600,c_limit/1957_08_17.jpg",https://www.newyorker.com/magazine/1957/08/17,covers/1957/1957-08-17.jpg,648215,ok
1957-08-24,1957,"The New Yorker August 24, 1957",,"https://media.newyorker.com/photos/59094f686552fa0be682b661/master/w_1600,c_limit/1957_08_24.jpg",https://www.newyorker.com/magazine/1957/08/24,covers/1957/1957-08-24.jpg,557627,ok
1957-08-31,1957,"The New Yorker August 31, 1957",,"https://media.newyorker.com/photos/59094f69ebe912338a3721d6/master/w_1600,c_limit/1957_08_31.jpg",https://www.newyorker.com/magazine/1957/08/31,covers/1957/1957-08-31.jpg,642087,ok
1957-09-07,1957,"The New Yorker September 7, 1957",,"https://media.newyorker.com/photos/59094f6a1c7a8e33fb389ca4/master/w_1600,c_limit/1957_09_07.jpg",https://www.newyorker.com/magazine/1957/09/07,covers/1957/1957-09-07.jpg,612368,ok
1957-09-14,1957,"The New Yorker September 14, 1957",,"https://media.newyorker.com/photos/59094f6a2179605b11ad2951/master/w_1600,c_limit/1957_09_14.jpg",https://www.newyorker.com/magazine/1957/09/14,covers/1957/1957-09-14.jpg,654437,ok
1957-09-21,1957,"The New Yorker September 21, 1957",,"https://media.newyorker.com/photos/59094f6b2179605b11ad2954/master/w_1600,c_limit/1957_09_21.jpg",https://www.newyorker.com/magazine/1957/09/21,covers/1957/1957-09-21.jpg,534320,ok
1957-09-28,1957,"The New Yorker September 28, 1957",,"https://media.newyorker.com/photos/59094f6cebe912338a3721dc/master/w_1600,c_limit/1957_09_28.jpg",https://www.newyorker.com/magazine/1957/09/28,covers/1957/1957-09-28.jpg,552346,ok
1957-10-05,1957,"The New Yorker October 5, 1957",,"https://media.newyorker.com/photos/59094f6d6552fa0be682b669/master/w_1600,c_limit/1957_10_05.jpg",https://www.newyorker.com/magazine/1957/10/05,covers/1957/1957-10-05.jpg,675284,ok
1957-10-12,1957,"The New Yorker October 12, 1957",,"https://media.newyorker.com/photos/59094f6e1c7a8e33fb389cad/master/w_1600,c_limit/1957_10_12.jpg",https://www.newyorker.com/magazine/1957/10/12,covers/1957/1957-10-12.jpg,603022,ok
1957-10-19,1957,"The New Yorker October 19, 1957",,"https://media.newyorker.com/photos/59094f6b019dfc3494e9d385/master/w_1600,c_limit/1957_10_19.jpg",https://www.newyorker.com/magazine/1957/10/19,covers/1957/1957-10-19.jpg,712267,ok
1957-10-26,1957,"The New Yorker October 26, 1957",,"https://media.newyorker.com/photos/59094f6c6552fa0be682b667/master/w_1600,c_limit/1957_10_26.jpg",https://www.newyorker.com/magazine/1957/10/26,covers/1957/1957-10-26.jpg,699831,ok
1957-11-02,1957,"The New Yorker November 2, 1957",,"https://media.newyorker.com/photos/59094f6d019dfc3494e9d389/master/w_1600,c_limit/1957_11_02.jpg",https://www.newyorker.com/magazine/1957/11/02,covers/1957/1957-11-02.jpg,579871,ok
1957-11-09,1957,"The New Yorker November 9, 1957",,"https://media.newyorker.com/photos/59094f6eebe912338a3721e0/master/w_1600,c_limit/1957_11_09.jpg",https://www.newyorker.com/magazine/1957/11/09,covers/1957/1957-11-09.jpg,663980,ok
1957-11-16,1957,"The New Yorker November 16, 1957",,"https://media.newyorker.com/photos/59094f6e2179605b11ad2958/master/w_1600,c_limit/1957_11_16.jpg",https://www.newyorker.com/magazine/1957/11/16,covers/1957/1957-11-16.jpg,618124,ok
1957-11-23,1957,"The New Yorker November 23, 1957",,"https://media.newyorker.com/photos/59094f6f2179605b11ad295a/master/w_1600,c_limit/1957_11_23.jpg",https://www.newyorker.com/magazine/1957/11/23,covers/1957/1957-11-23.jpg,959838,ok
1957-11-30,1957,"The New Yorker November 30, 1957",,"https://media.newyorker.com/photos/59094f701c7a8e33fb389cb4/master/w_1600,c_limit/1957_11_30.jpg",https://www.newyorker.com/magazine/1957/11/30,covers/1957/1957-11-30.jpg,437944,ok
1957-12-07,1957,"The New Yorker December 7, 1957",,"https://media.newyorker.com/photos/59094f716552fa0be682b675/master/w_1600,c_limit/1957_12_07.jpg",https://www.newyorker.com/magazine/1957/12/07,covers/1957/1957-12-07.jpg,643234,ok
1957-12-14,1957,"The New Yorker December 14, 1957",,"https://media.newyorker.com/photos/59094f716552fa0be682b679/master/w_1600,c_limit/1957_12_14.jpg",https://www.newyorker.com/magazine/1957/12/14,covers/1957/1957-12-14.jpg,681851,ok
1957-12-21,1957,"The New Yorker December 21, 1957",,"https://media.newyorker.com/photos/59094f72019dfc3494e9d38f/master/w_1600,c_limit/1957_12_21.jpg",https://www.newyorker.com/magazine/1957/12/21,covers/1957/1957-12-21.jpg,459748,ok
1957-12-28,1957,"The New Yorker December 28, 1957",,"https://media.newyorker.com/photos/59094f6b019dfc3494e9d384/master/w_1600,c_limit/1957_12_28.jpg",https://www.newyorker.com/magazine/1957/12/28,covers/1957/1957-12-28.jpg,598228,ok
1958-01-04,1958,"The New Yorker January 4, 1958",,"https://media.newyorker.com/photos/59094f6c1c7a8e33fb389ca6/master/w_1600,c_limit/1958_01_04.jpg",https://www.newyorker.com/magazine/1958/01/04,covers/1958/1958-01-04.jpg,547761,ok
1958-01-11,1958,"The New Yorker January 11, 1958",,"https://media.newyorker.com/photos/59094f6c1c7a8e33fb389ca8/master/w_1600,c_limit/1958_01_11.jpg",https://www.newyorker.com/magazine/1958/01/11,covers/1958/1958-01-11.jpg,653839,ok
1958-01-18,1958,"The New Yorker January 18, 1958",,"https://media.newyorker.com/photos/59094f6d6552fa0be682b66b/master/w_1600,c_limit/1958_01_18.jpg",https://www.newyorker.com/magazine/1958/01/18,covers/1958/1958-01-18.jpg,733512,ok
1958-01-25,1958,"The New Yorker January 25, 1958",,"https://media.newyorker.com/photos/59094f6e6552fa0be682b66d/master/w_1600,c_limit/1958_01_25.jpg",https://www.newyorker.com/magazine/1958/01/25,covers/1958/1958-01-25.jpg,589414,ok
1958-02-01,1958,"The New Yorker February 1, 1958",,"https://media.newyorker.com/photos/59094f6ec14b3c606c103208/master/w_1600,c_limit/1958_02_01.jpg",https://www.newyorker.com/magazine/1958/02/01,covers/1958/1958-02-01.jpg,532619,ok
1958-02-08,1958,"The New Yorker February 8, 1958",,"https://media.newyorker.com/photos/59094f6fc14b3c606c10320a/master/w_1600,c_limit/1958_02_08.jpg",https://www.newyorker.com/magazine/1958/02/08,covers/1958/1958-02-08.jpg,480494,ok
1958-02-15,1958,"The New Yorker February 15, 1958",,"https://media.newyorker.com/photos/59094f70019dfc3494e9d38b/master/w_1600,c_limit/1958_02_15.jpg",https://www.newyorker.com/magazine/1958/02/15,covers/1958/1958-02-15.jpg,619724,ok
1958-02-22,1958,"The New Yorker February 22, 1958",,"https://media.newyorker.com/photos/59094f71c14b3c606c103210/master/w_1600,c_limit/1958_02_22.jpg",https://www.newyorker.com/magazine/1958/02/22,covers/1958/1958-02-22.jpg,335211,ok
1958-03-01,1958,"The New Yorker March 1, 1958",,"https://media.newyorker.com/photos/59094f721c7a8e33fb389cb6/master/w_1600,c_limit/1958_03_01.jpg",https://www.newyorker.com/magazine/1958/03/01,covers/1958/1958-03-01.jpg,768980,ok
1958-03-08,1958,"The New Yorker March 8, 1958",,"https://media.newyorker.com/photos/59094f6d1c7a8e33fb389caa/master/w_1600,c_limit/1958_03_08.jpg",https://www.newyorker.com/magazine/1958/03/08,covers/1958/1958-03-08.jpg,531546,ok
1958-03-15,1958,"The New Yorker March 15, 1958",,"https://media.newyorker.com/photos/59094f6debe912338a3721de/master/w_1600,c_limit/1958_03_15.jpg",https://www.newyorker.com/magazine/1958/03/15,covers/1958/1958-03-15.jpg,601558,ok
1958-03-22,1958,"The New Yorker March 22, 1958",,"https://media.newyorker.com/photos/59094f6e2179605b11ad2956/master/w_1600,c_limit/1958_03_22.jpg",https://www.newyorker.com/magazine/1958/03/22,covers/1958/1958-03-22.jpg,571537,ok
1958-03-29,1958,"The New Yorker March 29, 1958",,"https://media.newyorker.com/photos/59094f6f6552fa0be682b66f/master/w_1600,c_limit/1958_03_29.jpg",https://www.newyorker.com/magazine/1958/03/29,covers/1958/1958-03-29.jpg,634964,ok
1958-04-05,1958,"The New Yorker April 5, 1958",,"https://media.newyorker.com/photos/59094f706552fa0be682b671/master/w_1600,c_limit/1958_04_05.jpg",https://www.newyorker.com/magazine/1958/04/05,covers/1958/1958-04-05.jpg,788034,ok
1958-04-12,1958,"The New Yorker April 12, 1958",,"https://media.newyorker.com/photos/59094f706552fa0be682b673/master/w_1600,c_limit/1958_04_12.jpg",https://www.newyorker.com/magazine/1958/04/12,covers/1958/1958-04-12.jpg,340719,ok
1958-04-19,1958,"The New Yorker April 19, 1958",,"https://media.newyorker.com/photos/59094f71019dfc3494e9d38d/master/w_1600,c_limit/1958_04_19.jpg",https://www.newyorker.com/magazine/1958/04/19,covers/1958/1958-04-19.jpg,407881,ok
1958-04-26,1958,"The New Yorker April 26, 1958",,"https://media.newyorker.com/photos/59094f72ebe912338a3721e4/master/w_1600,c_limit/1958_04_26.jpg",https://www.newyorker.com/magazine/1958/04/26,covers/1958/1958-04-26.jpg,817614,ok
1958-05-03,1958,"The New Yorker May 3, 1958",,"https://media.newyorker.com/photos/59094f722179605b11ad295c/master/w_1600,c_limit/1958_05_03.jpg",https://www.newyorker.com/magazine/1958/05/03,covers/1958/1958-05-03.jpg,584542,ok
1958-05-10,1958,"The New Yorker May 10, 1958",,"https://media.newyorker.com/photos/59094f731c7a8e33fb389cba/master/w_1600,c_limit/1958_05_10.jpg",https://www.newyorker.com/magazine/1958/05/10,covers/1958/1958-05-10.jpg,572352,ok
1958-05-17,1958,"The New Yorker May 17, 1958",,"https://media.newyorker.com/photos/59094f701c7a8e33fb389cb2/master/w_1600,c_limit/1958_05_17.jpg",https://www.newyorker.com/magazine/1958/05/17,covers/1958/1958-05-17.jpg,669951,ok
1958-05-24,1958,"The New Yorker May 24, 1958",,"https://media.newyorker.com/photos/59094f70c14b3c606c10320d/master/w_1600,c_limit/1958_05_24.jpg",https://www.newyorker.com/magazine/1958/05/24,covers/1958/1958-05-24.jpg,562180,ok
1958-05-31,1958,"The New Yorker May 31, 1958",,"https://media.newyorker.com/photos/59094f71ebe912338a3721e2/master/w_1600,c_limit/1958_05_31.jpg",https://www.newyorker.com/magazine/1958/05/31,covers/1958/1958-05-31.jpg,610006,ok
1958-06-07,1958,"The New Yorker June 7, 1958",,"https://media.newyorker.com/photos/59094f72c14b3c606c103212/master/w_1600,c_limit/1958_06_07.jpg",https://www.newyorker.com/magazine/1958/06/07,covers/1958/1958-06-07.jpg,652957,ok
1958-06-14,1958,"The New Yorker June 14, 1958",,"https://media.newyorker.com/photos/59094f726552fa0be682b67b/master/w_1600,c_limit/1958_06_14.jpg",https://www.newyorker.com/magazine/1958/06/14,covers/1958/1958-06-14.jpg,947597,ok
1958-06-21,1958,"The New Yorker June 21, 1958",,"https://media.newyorker.com/photos/59094f73019dfc3494e9d391/master/w_1600,c_limit/1958_06_21.jpg",https://www.newyorker.com/magazine/1958/06/21,covers/1958/1958-06-21.jpg,437032,ok
1958-06-28,1958,"The New Yorker June 28, 1958",,"https://media.newyorker.com/photos/59094f741c7a8e33fb389cbd/master/w_1600,c_limit/1958_06_28.jpg",https://www.newyorker.com/magazine/1958/06/28,covers/1958/1958-06-28.jpg,526189,ok
1958-07-05,1958,"The New Yorker July 5, 1958",,"https://media.newyorker.com/photos/59094f751c7a8e33fb389cc0/master/w_1600,c_limit/1958_07_05.jpg",https://www.newyorker.com/magazine/1958/07/05,covers/1958/1958-07-05.jpg,523794,ok
1958-07-12,1958,"The New Yorker July 12, 1958",,"https://media.newyorker.com/photos/59094f75c14b3c606c103218/master/w_1600,c_limit/1958_07_12.jpg",https://www.newyorker.com/magazine/1958/07/12,covers/1958/1958-07-12.jpg,333657,ok
1958-07-19,1958,"The New Yorker July 19, 1958",,"https://media.newyorker.com/photos/59094f76ebe912338a3721ee/master/w_1600,c_limit/1958_07_19.jpg",https://www.newyorker.com/magazine/1958/07/19,covers/1958/1958-07-19.jpg,692208,ok
1958-07-26,1958,"The New Yorker July 26, 1958",,"https://media.newyorker.com/photos/59094f6f1c7a8e33fb389cb0/master/w_1600,c_limit/1958_07_26.jpg",https://www.newyorker.com/magazine/1958/07/26,covers/1958/1958-07-26.jpg,305640,ok
1958-08-02,1958,"The New Yorker August 2, 1958",,"https://media.newyorker.com/photos/59094f70c14b3c606c10320e/master/w_1600,c_limit/1958_08_02.jpg",https://www.newyorker.com/magazine/1958/08/02,covers/1958/1958-08-02.jpg,621296,ok
1958-08-09,1958,"The New Yorker August 9, 1958",,"https://media.newyorker.com/photos/59094f716552fa0be682b677/master/w_1600,c_limit/1958_08_09.jpg",https://www.newyorker.com/magazine/1958/08/09,covers/1958/1958-08-09.jpg,630187,ok
1958-08-16,1958,"The New Yorker August 16, 1958",,"https://media.newyorker.com/photos/59094f72ebe912338a3721e6/master/w_1600,c_limit/1958_08_16.jpg",https://www.newyorker.com/magazine/1958/08/16,covers/1958/1958-08-16.jpg,543193,ok
1958-08-23,1958,"The New Yorker August 23, 1958",,"https://media.newyorker.com/photos/59094f731c7a8e33fb389cb8/master/w_1600,c_limit/1958_08_23.jpg",https://www.newyorker.com/magazine/1958/08/23,covers/1958/1958-08-23.jpg,687526,ok
1958-08-30,1958,"The New Yorker August 30, 1958",,"https://media.newyorker.com/photos/59094f736552fa0be682b67d/master/w_1600,c_limit/1958_08_30.jpg",https://www.newyorker.com/magazine/1958/08/30,covers/1958/1958-08-30.jpg,581077,ok
1958-09-06,1958,"The New Yorker September 6, 1958",,"https://media.newyorker.com/photos/59094f741c7a8e33fb389cbe/master/w_1600,c_limit/1958_09_06.jpg",https://www.newyorker.com/magazine/1958/09/06,covers/1958/1958-09-06.jpg,604614,ok
1958-09-13,1958,"The New Yorker September 13, 1958",,"https://media.newyorker.com/photos/59094f756552fa0be682b681/master/w_1600,c_limit/1958_09_13.jpg",https://www.newyorker.com/magazine/1958/09/13,covers/1958/1958-09-13.jpg,474218,ok
1958-09-20,1958,"The New Yorker September 20, 1958",,"https://media.newyorker.com/photos/59094f75019dfc3494e9d395/master/w_1600,c_limit/1958_09_20.jpg",https://www.newyorker.com/magazine/1958/09/20,covers/1958/1958-09-20.jpg,555324,ok
1958-09-27,1958,"The New Yorker September 27, 1958",,"https://media.newyorker.com/photos/59094f761c7a8e33fb389cc3/master/w_1600,c_limit/1958_09_27.jpg",https://www.newyorker.com/magazine/1958/09/27,covers/1958/1958-09-27.jpg,652941,ok
1958-10-04,1958,"The New Yorker October 4, 1958",,"https://media.newyorker.com/photos/594721bc37a8f26ebc924b45/master/w_1600,c_limit/1958_10_04.jpg",https://www.newyorker.com/magazine/1958/10/04,covers/1958/1958-10-04.jpg,592129,ok
1958-10-11,1958,"The New Yorker October 11, 1958",,"https://media.newyorker.com/photos/59094f746552fa0be682b67f/master/w_1600,c_limit/1958_10_11.jpg",https://www.newyorker.com/magazine/1958/10/11,covers/1958/1958-10-11.jpg,657699,ok
1958-10-18,1958,"The New Yorker October 18, 1958",,"https://media.newyorker.com/photos/59094f756552fa0be682b683/master/w_1600,c_limit/1958_10_18.jpg",https://www.newyorker.com/magazine/1958/10/18,covers/1958/1958-10-18.jpg,570520,ok
1958-10-25,1958,"The New Yorker October 25, 1958",,"https://media.newyorker.com/photos/59094f761c7a8e33fb389cc4/master/w_1600,c_limit/1958_10_25.jpg",https://www.newyorker.com/magazine/1958/10/25,covers/1958/1958-10-25.jpg,633314,ok
1958-11-01,1958,"The New Yorker November 1, 1958",,"https://media.newyorker.com/photos/59094f771c7a8e33fb389cc6/master/w_1600,c_limit/1958_11_01.jpg",https://www.newyorker.com/magazine/1958/11/01,covers/1958/1958-11-01.jpg,592475,ok
1958-11-08,1958,"The New Yorker November 8, 1958",,"https://media.newyorker.com/photos/59094f78c14b3c606c10321c/master/w_1600,c_limit/1958_11_08.jpg",https://www.newyorker.com/magazine/1958/11/08,covers/1958/1958-11-08.jpg,775432,ok
1958-11-15,1958,"The New Yorker November 15, 1958",,"https://media.newyorker.com/photos/59094f79019dfc3494e9d39b/master/w_1600,c_limit/1958_11_15.jpg",https://www.newyorker.com/magazine/1958/11/15,covers/1958/1958-11-15.jpg,654580,ok
1958-11-22,1958,"The New Yorker November 22, 1958",,"https://media.newyorker.com/photos/59094f796552fa0be682b685/master/w_1600,c_limit/1958_11_22.jpg",https://www.newyorker.com/magazine/1958/11/22,covers/1958/1958-11-22.jpg,650876,ok
1958-11-29,1958,"The New Yorker November 29, 1958",,"https://media.newyorker.com/photos/59094f7a1c7a8e33fb389ccc/master/w_1600,c_limit/1958_11_29.jpg",https://www.newyorker.com/magazine/1958/11/29,covers/1958/1958-11-29.jpg,605865,ok
1958-12-06,1958,"The New Yorker December 6, 1958",,"https://media.newyorker.com/photos/59094f7bebe912338a3721f5/master/w_1600,c_limit/1958_12_06.jpg",https://www.newyorker.com/magazine/1958/12/06,covers/1958/1958-12-06.jpg,520676,ok
1958-12-13,1958,"The New Yorker December 13, 1958",,"https://media.newyorker.com/photos/59094f74c14b3c606c103214/master/w_1600,c_limit/1958_12_13.jpg",https://www.newyorker.com/magazine/1958/12/13,covers/1958/1958-12-13.jpg,385213,ok
1958-12-20,1958,"The New Yorker December 20, 1958",,"https://media.newyorker.com/photos/59094f74019dfc3494e9d393/master/w_1600,c_limit/1958_12_20.jpg",https://www.newyorker.com/magazine/1958/12/20,covers/1958/1958-12-20.jpg,430827,ok
1958-12-27,1958,"The New Yorker December 27, 1958",,"https://media.newyorker.com/photos/59094f75ebe912338a3721ea/master/w_1600,c_limit/1958_12_27.jpg",https://www.newyorker.com/magazine/1958/12/27,covers/1958/1958-12-27.jpg,594216,ok
1959-01-03,1959,"The New Yorker January 3, 1959",,"https://media.newyorker.com/photos/59094f76ebe912338a3721ed/master/w_1600,c_limit/1959_01_03.jpg",https://www.newyorker.com/magazine/1959/01/03,covers/1959/1959-01-03.jpg,637507,ok
1959-01-10,1959,"The New Yorker January 10, 1959",,"https://media.newyorker.com/photos/59094f77ebe912338a3721f0/master/w_1600,c_limit/1959_01_10.jpg",https://www.newyorker.com/magazine/1959/01/10,covers/1959/1959-01-10.jpg,623952,ok
1959-01-17,1959,"The New Yorker January 17, 1959",,"https://media.newyorker.com/photos/59094f77c14b3c606c10321a/master/w_1600,c_limit/1959_01_17.jpg",https://www.newyorker.com/magazine/1959/01/17,covers/1959/1959-01-17.jpg,553643,ok
1959-01-24,1959,"The New Yorker January 24, 1959",,"https://media.newyorker.com/photos/59094f78019dfc3494e9d399/master/w_1600,c_limit/1959_01_24.jpg",https://www.newyorker.com/magazine/1959/01/24,covers/1959/1959-01-24.jpg,586115,ok
1959-01-31,1959,"The New Yorker January 31, 1959",,"https://media.newyorker.com/photos/59094f792179605b11ad2964/master/w_1600,c_limit/1959_01_31.jpg",https://www.newyorker.com/magazine/1959/01/31,covers/1959/1959-01-31.jpg,1110573,ok
1959-02-07,1959,"The New Yorker February 7, 1959",,"https://media.newyorker.com/photos/59094f7a019dfc3494e9d39f/master/w_1600,c_limit/1959_02_07.jpg",https://www.newyorker.com/magazine/1959/02/07,covers/1959/1959-02-07.jpg,406226,ok
1959-02-14,1959,"The New Yorker February 14, 1959",,"https://media.newyorker.com/photos/59094f7b2179605b11ad296c/master/w_1600,c_limit/1959_02_14.jpg",https://www.newyorker.com/magazine/1959/02/14,covers/1959/1959-02-14.jpg,586865,ok
1959-02-21,1959,"The New Yorker February 21, 1959",,"https://media.newyorker.com/photos/59094f75c14b3c606c103217/master/w_1600,c_limit/1959_02_21.jpg",https://www.newyorker.com/magazine/1959/02/21,covers/1959/1959-02-21.jpg,322474,ok
1959-02-28,1959,"The New Yorker February 28, 1959",,"https://media.newyorker.com/photos/59094f762179605b11ad295e/master/w_1600,c_limit/1959_02_28.jpg",https://www.newyorker.com/magazine/1959/02/28,covers/1959/1959-02-28.jpg,525768,ok
1959-03-07,1959,"The New Yorker March 7, 1959",,"https://media.newyorker.com/photos/59094f762179605b11ad2960/master/w_1600,c_limit/1959_03_07.jpg",https://www.newyorker.com/magazine/1959/03/07,covers/1959/1959-03-07.jpg,589411,ok
1959-03-14,1959,"The New Yorker March 14, 1959",,"https://media.newyorker.com/photos/59094f77ebe912338a3721f2/master/w_1600,c_limit/1959_03_14.jpg",https://www.newyorker.com/magazine/1959/03/14,covers/1959/1959-03-14.jpg,525476,ok
1959-03-21,1959,"The New Yorker March 21, 1959",,"https://media.newyorker.com/photos/59094f78019dfc3494e9d398/master/w_1600,c_limit/1959_03_21.jpg",https://www.newyorker.com/magazine/1959/03/21,covers/1959/1959-03-21.jpg,617789,ok
1959-03-28,1959,"The New Yorker March 28, 1959",,"https://media.newyorker.com/photos/59094f79c14b3c606c103220/master/w_1600,c_limit/1959_03_28.jpg",https://www.newyorker.com/magazine/1959/03/28,covers/1959/1959-03-28.jpg,753432,ok
1959-04-04,1959,"The New Yorker April 4, 1959",,"https://media.newyorker.com/photos/59094f7a019dfc3494e9d39d/master/w_1600,c_limit/1959_04_04.jpg",https://www.newyorker.com/magazine/1959/04/04,covers/1959/1959-04-04.jpg,865410,ok
1959-04-11,1959,"The New Yorker April 11, 1959",,"https://media.newyorker.com/photos/59094f7a019dfc3494e9d3a1/master/w_1600,c_limit/1959_04_11.jpg",https://www.newyorker.com/magazine/1959/04/11,covers/1959/1959-04-11.jpg,581049,ok
1959-04-18,1959,"The New Yorker April 18, 1959",,"https://media.newyorker.com/photos/59094f7b019dfc3494e9d3a3/master/w_1600,c_limit/1959_04_18.jpg",https://www.newyorker.com/magazine/1959/04/18,covers/1959/1959-04-18.jpg,644912,ok
1959-04-25,1959,"The New Yorker April 25, 1959",,"https://media.newyorker.com/photos/59094f7c6552fa0be682b687/master/w_1600,c_limit/1959_04_25.jpg",https://www.newyorker.com/magazine/1959/04/25,covers/1959/1959-04-25.jpg,624918,ok
1959-05-02,1959,"The New Yorker May 2, 1959",,"https://media.newyorker.com/photos/59094f781c7a8e33fb389cc8/master/w_1600,c_limit/1959_05_02.jpg",https://www.newyorker.com/magazine/1959/05/02,covers/1959/1959-05-02.jpg,533294,ok
1959-05-09,1959,"The New Yorker May 9, 1959",,"https://media.newyorker.com/photos/59094f78c14b3c606c10321e/master/w_1600,c_limit/1959_05_09.jpg",https://www.newyorker.com/magazine/1959/05/09,covers/1959/1959-05-09.jpg,618189,ok
1959-05-16,1959,"The New Yorker May 16, 1959",,"https://media.newyorker.com/photos/59094f79c14b3c606c103222/master/w_1600,c_limit/1959_05_16.jpg",https://www.newyorker.com/magazine/1959/05/16,covers/1959/1959-05-16.jpg,631618,ok
1959-05-23,1959,"The New Yorker May 23, 1959",,"https://media.newyorker.com/photos/59094f7a2179605b11ad2968/master/w_1600,c_limit/1959_05_23.jpg",https://www.newyorker.com/magazine/1959/05/23,covers/1959/1959-05-23.jpg,512967,ok
1959-05-30,1959,"The New Yorker May 30, 1959",,"https://media.newyorker.com/photos/59094f7ac14b3c606c103224/master/w_1600,c_limit/1959_05_30.jpg",https://www.newyorker.com/magazine/1959/05/30,covers/1959/1959-05-30.jpg,453282,ok
1959-06-06,1959,"The New Yorker June 6, 1959",,"https://media.newyorker.com/photos/59094f7b2179605b11ad296e/master/w_1600,c_limit/1959_06_06.jpg",https://www.newyorker.com/magazine/1959/06/06,covers/1959/1959-06-06.jpg,618149,ok
1959-06-13,1959,"The New Yorker June 13, 1959",,"https://media.newyorker.com/photos/59094f7c2179605b11ad2970/master/w_1600,c_limit/1959_06_13.jpg",https://www.newyorker.com/magazine/1959/06/13,covers/1959/1959-06-13.jpg,472889,ok
1959-06-20,1959,"The New Yorker June 20, 1959",,"https://media.newyorker.com/photos/59094f7d6552fa0be682b689/master/w_1600,c_limit/1959_06_20.jpg",https://www.newyorker.com/magazine/1959/06/20,covers/1959/1959-06-20.jpg,577109,ok
1959-06-27,1959,"The New Yorker June 27, 1959",,"https://media.newyorker.com/photos/59094f7d019dfc3494e9d3a7/master/w_1600,c_limit/1959_06_27.jpg",https://www.newyorker.com/magazine/1959/06/27,covers/1959/1959-06-27.jpg,481535,ok
1959-07-04,1959,"The New Yorker July 4, 1959",,"https://media.newyorker.com/photos/59094f7ec14b3c606c10322b/master/w_1600,c_limit/1959_07_04.jpg",https://www.newyorker.com/magazine/1959/07/04,covers/1959/1959-07-04.jpg,538357,ok
1959-07-11,1959,"The New Yorker July 11, 1959",,"https://media.newyorker.com/photos/59094f782179605b11ad2962/master/w_1600,c_limit/1959_07_11.jpg",https://www.newyorker.com/magazine/1959/07/11,covers/1959/1959-07-11.jpg,562336,ok
1959-07-18,1959,"The New Yorker July 18, 1959",,"https://media.newyorker.com/photos/59094f791c7a8e33fb389cca/master/w_1600,c_limit/1959_07_18.jpg",https://www.newyorker.com/magazine/1959/07/18,covers/1959/1959-07-18.jpg,765511,ok
1959-07-25,1959,"The New Yorker July 25, 1959",,"https://media.newyorker.com/photos/59094f792179605b11ad2966/master/w_1600,c_limit/1959_07_25.jpg",https://www.newyorker.com/magazine/1959/07/25,covers/1959/1959-07-25.jpg,593697,ok
1959-08-01,1959,"The New Yorker August 1, 1959",,"https://media.newyorker.com/photos/59094f7a2179605b11ad296a/master/w_1600,c_limit/1959_08_01.jpg",https://www.newyorker.com/magazine/1959/08/01,covers/1959/1959-08-01.jpg,603402,ok
1959-08-08,1959,"The New Yorker August 8, 1959",,"https://media.newyorker.com/photos/59094f7bebe912338a3721f6/master/w_1600,c_limit/1959_08_08.jpg",https://www.newyorker.com/magazine/1959/08/08,covers/1959/1959-08-08.jpg,721425,ok
1959-08-15,1959,"The New Yorker August 15, 1959",,"https://media.newyorker.com/photos/59094f7cebe912338a3721f8/master/w_1600,c_limit/1959_08_15.jpg",https://www.newyorker.com/magazine/1959/08/15,covers/1959/1959-08-15.jpg,654273,ok
1959-08-22,1959,"The New Yorker August 22, 1959",,"https://media.newyorker.com/photos/59094f7cebe912338a3721fa/master/w_1600,c_limit/1959_08_22.jpg",https://www.newyorker.com/magazine/1959/08/22,covers/1959/1959-08-22.jpg,776716,ok
1959-08-29,1959,"The New Yorker August 29, 1959",,"https://media.newyorker.com/photos/59094f7dc14b3c606c103226/master/w_1600,c_limit/1959_08_29.jpg",https://www.newyorker.com/magazine/1959/08/29,covers/1959/1959-08-29.jpg,652461,ok
1959-09-05,1959,"The New Yorker September 5, 1959",,"https://media.newyorker.com/photos/59094f7e2179605b11ad2972/master/w_1600,c_limit/1959_09_05.jpg",https://www.newyorker.com/magazine/1959/09/05,covers/1959/1959-09-05.jpg,454325,ok
1959-09-12,1959,"The New Yorker September 12, 1959",,"https://media.newyorker.com/photos/59094f7e1c7a8e33fb389cd2/master/w_1600,c_limit/1959_09_12.jpg",https://www.newyorker.com/magazine/1959/09/12,covers/1959/1959-09-12.jpg,482787,ok
1959-09-19,1959,"The New Yorker September 19, 1959",,"https://media.newyorker.com/photos/59094f7c1c7a8e33fb389cce/master/w_1600,c_limit/1959_09_19.jpg",https://www.newyorker.com/magazine/1959/09/19,covers/1959/1959-09-19.jpg,659798,ok
1959-09-26,1959,"The New Yorker September 26, 1959",,"https://media.newyorker.com/photos/59094f7d6552fa0be682b68b/master/w_1600,c_limit/1959_09_26.jpg",https://www.newyorker.com/magazine/1959/09/26,covers/1959/1959-09-26.jpg,688373,ok
1959-10-03,1959,"The New Yorker October 3, 1959",,"https://media.newyorker.com/photos/59094f7e1c7a8e33fb389cd0/master/w_1600,c_limit/1959_10_03.jpg",https://www.newyorker.com/magazine/1959/10/03,covers/1959/1959-10-03.jpg,695120,ok
1959-10-10,1959,"The New Yorker October 10, 1959",,"https://media.newyorker.com/photos/59094f7e2179605b11ad2976/master/w_1600,c_limit/1959_10_10.jpg",https://www.newyorker.com/magazine/1959/10/10,covers/1959/1959-10-10.jpg,482339,ok
1959-10-17,1959,"The New Yorker October 17, 1959",,"https://media.newyorker.com/photos/59094f7febe912338a3721fc/master/w_1600,c_limit/1959_10_17.jpg",https://www.newyorker.com/magazine/1959/10/17,covers/1959/1959-10-17.jpg,287599,ok
1959-10-24,1959,"The New Yorker October 24, 1959",,"https://media.newyorker.com/photos/59094f80019dfc3494e9d3ad/master/w_1600,c_limit/1959_10_24.jpg",https://www.newyorker.com/magazine/1959/10/24,covers/1959/1959-10-24.jpg,852640,ok
1959-10-31,1959,"The New Yorker October 31, 1959",,"https://media.newyorker.com/photos/59094f802179605b11ad297c/master/w_1600,c_limit/1959_10_31.jpg",https://www.newyorker.com/magazine/1959/10/31,covers/1959/1959-10-31.jpg,557043,ok
1959-11-07,1959,"The New Yorker November 7, 1959",,"https://media.newyorker.com/photos/59094f811c7a8e33fb389cda/master/w_1600,c_limit/1959_11_07.jpg",https://www.newyorker.com/magazine/1959/11/07,covers/1959/1959-11-07.jpg,427360,ok
1959-11-14,1959,"The New Yorker November 14, 1959",,"https://media.newyorker.com/photos/59094f822179605b11ad2982/master/w_1600,c_limit/1959_11_14.jpg",https://www.newyorker.com/magazine/1959/11/14,covers/1959/1959-11-14.jpg,617363,ok
1959-11-21,1959,"The New Yorker November 21, 1959",,"https://media.newyorker.com/photos/59094f821c7a8e33fb389cde/master/w_1600,c_limit/1959_11_21.jpg",https://www.newyorker.com/magazine/1959/11/21,covers/1959/1959-11-21.jpg,718645,ok
1959-11-28,1959,"The New Yorker November 28, 1959",,"https://media.newyorker.com/photos/59094f7d019dfc3494e9d3a5/master/w_1600,c_limit/1959_11_28.jpg",https://www.newyorker.com/magazine/1959/11/28,covers/1959/1959-11-28.jpg,783144,ok
1959-12-05,1959,"The New Yorker December 5, 1959",,"https://media.newyorker.com/photos/59094f7dc14b3c606c103228/master/w_1600,c_limit/1959_12_05.jpg",https://www.newyorker.com/magazine/1959/12/05,covers/1959/1959-12-05.jpg,819578,ok
1959-12-12,1959,"The New Yorker December 12, 1959",,"https://media.newyorker.com/photos/59094f7ec14b3c606c10322c/master/w_1600,c_limit/1959_12_12.jpg",https://www.newyorker.com/magazine/1959/12/12,covers/1959/1959-12-12.jpg,703646,ok
1959-12-19,1959,"The New Yorker December 19, 1959",,"https://media.newyorker.com/photos/59094f7f6552fa0be682b68d/master/w_1600,c_limit/1959_12_19.jpg",https://www.newyorker.com/magazine/1959/12/19,covers/1959/1959-12-19.jpg,731247,ok
1959-12-26,1959,"The New Yorker December 26, 1959",,"https://media.newyorker.com/photos/59094f802179605b11ad2978/master/w_1600,c_limit/1959_12_26.jpg",https://www.newyorker.com/magazine/1959/12/26,covers/1959/1959-12-26.jpg,457359,ok
1960-01-02,1960,"The New Yorker January 2, 1960",,"https://media.newyorker.com/photos/59094f82019dfc3494e9d3b1/master/w_1600,c_limit/1960_01_02.jpg",https://www.newyorker.com/magazine/1960/01/02,covers/1960/1960-01-02.jpg,763990,ok
1960-01-09,1960,"The New Yorker January 9, 1960",,"https://media.newyorker.com/photos/59094f83c14b3c606c103236/master/w_1600,c_limit/1960_01_09.jpg",https://www.newyorker.com/magazine/1960/01/09,covers/1960/1960-01-09.jpg,635245,ok
1960-01-16,1960,"The New Yorker January 16, 1960",,"https://media.newyorker.com/photos/59094f84c14b3c606c103238/master/w_1600,c_limit/1960_01_16.jpg",https://www.newyorker.com/magazine/1960/01/16,covers/1960/1960-01-16.jpg,640859,ok
1960-01-23,1960,"The New Yorker January 23, 1960",,"https://media.newyorker.com/photos/59094f85ebe912338a3721fe/master/w_1600,c_limit/1960_01_23.jpg",https://www.newyorker.com/magazine/1960/01/23,covers/1960/1960-01-23.jpg,962683,ok
1960-01-30,1960,"The New Yorker January 30, 1960",,"https://media.newyorker.com/photos/59094f85019dfc3494e9d3b5/master/w_1600,c_limit/1960_01_30.jpg",https://www.newyorker.com/magazine/1960/01/30,covers/1960/1960-01-30.jpg,425681,ok
1960-02-06,1960,"The New Yorker February 6, 1960",,"https://media.newyorker.com/photos/59094f7e2179605b11ad2974/master/w_1600,c_limit/1960_02_06.jpg",https://www.newyorker.com/magazine/1960/02/06,covers/1960/1960-02-06.jpg,741668,ok
1960-02-13,1960,"The New Yorker February 13, 1960",,"https://media.newyorker.com/photos/59094f7e019dfc3494e9d3a9/master/w_1600,c_limit/1960_02_13.jpg",https://www.newyorker.com/magazine/1960/02/13,covers/1960/1960-02-13.jpg,682244,ok
1960-02-20,1960,"The New Yorker February 20, 1960",,"https://media.newyorker.com/photos/59094f7fc14b3c606c10322e/master/w_1600,c_limit/1960_02_20.jpg",https://www.newyorker.com/magazine/1960/02/20,covers/1960/1960-02-20.jpg,402057,ok
1960-02-27,1960,"The New Yorker February 27, 1960",,"https://media.newyorker.com/photos/59094f80019dfc3494e9d3ac/master/w_1600,c_limit/1960_02_27.jpg",https://www.newyorker.com/magazine/1960/02/27,covers/1960/1960-02-27.jpg,584964,ok
1960-03-05,1960,"The New Yorker March 5, 1960",,"https://media.newyorker.com/photos/59094f802179605b11ad297b/master/w_1600,c_limit/1960_03_05.jpg",https://www.newyorker.com/magazine/1960/03/05,covers/1960/1960-03-05.jpg,387182,ok
1960-03-12,1960,"The New Yorker March 12, 1960",,"https://media.newyorker.com/photos/59094f812179605b11ad297e/master/w_1600,c_limit/1960_03_12.jpg",https://www.newyorker.com/magazine/1960/03/12,covers/1960/1960-03-12.jpg,546017,ok
1960-03-19,1960,"The New Yorker March 19, 1960",,"https://media.newyorker.com/photos/59094f821c7a8e33fb389cdc/master/w_1600,c_limit/1960_03_19.jpg",https://www.newyorker.com/magazine/1960/03/19,covers/1960/1960-03-19.jpg,823138,ok
1960-03-26,1960,"The New Yorker March 26, 1960",,"https://media.newyorker.com/photos/59094f831c7a8e33fb389ce0/master/w_1600,c_limit/1960_03_26.jpg",https://www.newyorker.com/magazine/1960/03/26,covers/1960/1960-03-26.jpg,634656,ok
1960-04-02,1960,"The New Yorker April 2, 1960",,"https://media.newyorker.com/photos/59094f83019dfc3494e9d3b3/master/w_1600,c_limit/1960_04_02.jpg",https://www.newyorker.com/magazine/1960/04/02,covers/1960/1960-04-02.jpg,741954,ok
1960-04-09,1960,"The New Yorker April 9, 1960",,"https://media.newyorker.com/photos/59094f841c7a8e33fb389ce4/master/w_1600,c_limit/1960_04_09.jpg",https://www.newyorker.com/magazine/1960/04/09,covers/1960/1960-04-09.jpg,668375,ok
1960-04-16,1960,"The New Yorker April 16, 1960",,"https://media.newyorker.com/photos/59094f801c7a8e33fb389cd4/master/w_1600,c_limit/1960_04_16.jpg",https://www.newyorker.com/magazine/1960/04/16,covers/1960/1960-04-16.jpg,679934,ok
1960-04-23,1960,"The New Yorker April 23, 1960",,"https://media.newyorker.com/photos/59094f801c7a8e33fb389cd8/master/w_1600,c_limit/1960_04_23.jpg",https://www.newyorker.com/magazine/1960/04/23,covers/1960/1960-04-23.jpg,693711,ok
1960-04-30,1960,"The New Yorker April 30, 1960",,"https://media.newyorker.com/photos/59094f81c14b3c606c103230/master/w_1600,c_limit/1960_04_30.jpg",https://www.newyorker.com/magazine/1960/04/30,covers/1960/1960-04-30.jpg,830543,ok
1960-05-07,1960,"The New Yorker May 7, 1960",,"https://media.newyorker.com/photos/59094f82019dfc3494e9d3b0/master/w_1600,c_limit/1960_05_07.jpg",https://www.newyorker.com/magazine/1960/05/07,covers/1960/1960-05-07.jpg,722442,ok
1960-05-14,1960,"The New Yorker May 14, 1960",,"https://media.newyorker.com/photos/59094f82c14b3c606c103232/master/w_1600,c_limit/1960_05_14.jpg",https://www.newyorker.com/magazine/1960/05/14,covers/1960/1960-05-14.jpg,685432,ok
1960-05-21,1960,"The New Yorker May 21, 1960",,"https://media.newyorker.com/photos/59094f836552fa0be682b693/master/w_1600,c_limit/1960_05_21.jpg",https://www.newyorker.com/magazine/1960/05/21,covers/1960/1960-05-21.jpg,666443,ok
1960-05-28,1960,"The New Yorker May 28, 1960",,"https://media.newyorker.com/photos/59094f841c7a8e33fb389ce3/master/w_1600,c_limit/1960_05_28.jpg",https://www.newyorker.com/magazine/1960/05/28,covers/1960/1960-05-28.jpg,688399,ok
1960-06-04,1960,"The New Yorker June 4, 1960",,"https://media.newyorker.com/photos/59094f852179605b11ad2985/master/w_1600,c_limit/1960_06_04.jpg",https://www.newyorker.com/magazine/1960/06/04,covers/1960/1960-06-04.jpg,522010,ok
1960-06-11,1960,"The New Yorker June 11, 1960",,"https://media.newyorker.com/photos/59094f856552fa0be682b697/master/w_1600,c_limit/1960_06_11.jpg",https://www.newyorker.com/magazine/1960/06/11,covers/1960/1960-06-11.jpg,618024,ok
1960-06-18,1960,"The New Yorker June 18, 1960",,"https://media.newyorker.com/photos/59094f86019dfc3494e9d3b7/master/w_1600,c_limit/1960_06_18.jpg",https://www.newyorker.com/magazine/1960/06/18,covers/1960/1960-06-18.jpg,679556,ok
1960-06-25,1960,"The New Yorker June 25, 1960",,"https://media.newyorker.com/photos/59094f801c7a8e33fb389cd6/master/w_1600,c_limit/1960_06_25.jpg",https://www.newyorker.com/magazine/1960/06/25,covers/1960/1960-06-25.jpg,604854,ok
1960-07-02,1960,"The New Yorker July 2, 1960",,"https://media.newyorker.com/photos/59094f816552fa0be682b68f/master/w_1600,c_limit/1960_07_02.jpg",https://www.newyorker.com/magazine/1960/07/02,covers/1960/1960-07-02.jpg,775760,ok
1960-07-09,1960,"The New Yorker July 9, 1960",,"https://media.newyorker.com/photos/59094f812179605b11ad2980/master/w_1600,c_limit/1960_07_09.jpg",https://www.newyorker.com/magazine/1960/07/09,covers/1960/1960-07-09.jpg,551128,ok
1960-07-16,1960,"The New Yorker July 16, 1960",,"https://media.newyorker.com/photos/59094f826552fa0be682b691/master/w_1600,c_limit/1960_07_16.jpg",https://www.newyorker.com/magazine/1960/07/16,covers/1960/1960-07-16.jpg,621995,ok
1960-07-23,1960,"The New Yorker July 23, 1960",,"https://media.newyorker.com/photos/59094f83c14b3c606c103234/master/w_1600,c_limit/1960_07_23.jpg",https://www.newyorker.com/magazine/1960/07/23,covers/1960/1960-07-23.jpg,691183,ok
1960-07-30,1960,"The New Yorker July 30, 1960",,"https://media.newyorker.com/photos/59094f852179605b11ad2986/master/w_1600,c_limit/1960_07_30.jpg",https://www.newyorker.com/magazine/1960/07/30,covers/1960/1960-07-30.jpg,709091,ok
1960-08-06,1960,"The New Yorker August 6, 1960",,"https://media.newyorker.com/photos/59094f86c14b3c606c10323a/master/w_1600,c_limit/1960_08_06.jpg",https://www.newyorker.com/magazine/1960/08/06,covers/1960/1960-08-06.jpg,589677,ok
1960-08-13,1960,"The New Yorker August 13, 1960",,"https://media.newyorker.com/photos/59094f86ebe912338a372202/master/w_1600,c_limit/1960_08_13.jpg",https://www.newyorker.com/magazine/1960/08/13,covers/1960/1960-08-13.jpg,541473,ok
1960-08-20,1960,"The New Yorker August 20, 1960",,"https://media.newyorker.com/photos/59094f872179605b11ad298c/master/w_1600,c_limit/1960_08_20.jpg",https://www.newyorker.com/magazine/1960/08/20,covers/1960/1960-08-20.jpg,669517,ok
1960-08-27,1960,"The New Yorker August 27, 1960",,"https://media.newyorker.com/photos/59094f88019dfc3494e9d3bb/master/w_1600,c_limit/1960_08_27.jpg",https://www.newyorker.com/magazine/1960/08/27,covers/1960/1960-08-27.jpg,508703,ok
1960-09-03,1960,"The New Yorker September 3, 1960",,"https://media.newyorker.com/photos/59094f846552fa0be682b695/master/w_1600,c_limit/1960_09_03.jpg",https://www.newyorker.com/magazine/1960/09/03,covers/1960/1960-09-03.jpg,690246,ok
1960-09-10,1960,"The New Yorker September 10, 1960",,"https://media.newyorker.com/photos/59094f851c7a8e33fb389ce6/master/w_1600,c_limit/1960_09_10.jpg",https://www.newyorker.com/magazine/1960/09/10,covers/1960/1960-09-10.jpg,590810,ok
1960-09-17,1960,"The New Yorker September 17, 1960",,"https://media.newyorker.com/photos/59094f861c7a8e33fb389ce8/master/w_1600,c_limit/1960_09_17.jpg",https://www.newyorker.com/magazine/1960/09/17,covers/1960/1960-09-17.jpg,455523,ok
1960-09-24,1960,"The New Yorker September 24, 1960",,"https://media.newyorker.com/photos/59094f862179605b11ad298a/master/w_1600,c_limit/1960_09_24.jpg",https://www.newyorker.com/magazine/1960/09/24,covers/1960/1960-09-24.jpg,672598,ok
1960-10-01,1960,"The New Yorker October 1, 1960",,"https://media.newyorker.com/photos/59094f87ebe912338a372204/master/w_1600,c_limit/1960_10_01.jpg",https://www.newyorker.com/magazine/1960/10/01,covers/1960/1960-10-01.jpg,681613,ok
1960-10-08,1960,"The New Yorker October 8, 1960",,"https://media.newyorker.com/photos/59094f88019dfc3494e9d3ba/master/w_1600,c_limit/1960_10_08.jpg",https://www.newyorker.com/magazine/1960/10/08,covers/1960/1960-10-08.jpg,603431,ok
1960-10-15,1960,"The New Yorker October 15, 1960",,"https://media.newyorker.com/photos/59094f892179605b11ad2990/master/w_1600,c_limit/1960_10_15.jpg",https://www.newyorker.com/magazine/1960/10/15,covers/1960/1960-10-15.jpg,568677,ok
1960-10-22,1960,"The New Yorker October 22, 1960",,"https://media.newyorker.com/photos/59094f89019dfc3494e9d3bd/master/w_1600,c_limit/1960_10_22.jpg",https://www.newyorker.com/magazine/1960/10/22,covers/1960/1960-10-22.jpg,696566,ok
1960-10-29,1960,"The New Yorker October 29, 1960",,"https://media.newyorker.com/photos/59094f8a6552fa0be682b6a3/master/w_1600,c_limit/1960_10_29.jpg",https://www.newyorker.com/magazine/1960/10/29,covers/1960/1960-10-29.jpg,541664,ok
1960-11-05,1960,"The New Yorker November 5, 1960",,"https://media.newyorker.com/photos/59094f8b2179605b11ad2994/master/w_1600,c_limit/1960_11_05.jpg",https://www.newyorker.com/magazine/1960/11/05,covers/1960/1960-11-05.jpg,7903,ok
1960-11-12,1960,"The New Yorker November 12, 1960",,"https://media.newyorker.com/photos/59094f862179605b11ad2988/master/w_1600,c_limit/1960_11_12.jpg",https://www.newyorker.com/magazine/1960/11/12,covers/1960/1960-11-12.jpg,704602,ok
1960-11-19,1960,"The New Yorker November 19, 1960",,"https://media.newyorker.com/photos/59094f86ebe912338a372200/master/w_1600,c_limit/1960_11_19.jpg",https://www.newyorker.com/magazine/1960/11/19,covers/1960/1960-11-19.jpg,732042,ok
1960-11-26,1960,"The New Yorker November 26, 1960",,"https://media.newyorker.com/photos/59094f876552fa0be682b699/master/w_1600,c_limit/1960_11_26.jpg",https://www.newyorker.com/magazine/1960/11/26,covers/1960/1960-11-26.jpg,649899,ok
1960-12-03,1960,"The New Yorker December 3, 1960",,"https://media.newyorker.com/photos/59094f881c7a8e33fb389cec/master/w_1600,c_limit/1960_12_03.jpg",https://www.newyorker.com/magazine/1960/12/03,covers/1960/1960-12-03.jpg,567365,ok
1960-12-10,1960,"The New Yorker December 10, 1960",,"https://media.newyorker.com/photos/59094f896552fa0be682b69f/master/w_1600,c_limit/1960_12_10.jpg",https://www.newyorker.com/magazine/1960/12/10,covers/1960/1960-12-10.jpg,868896,ok
1960-12-17,1960,"The New Yorker December 17, 1960",,"https://media.newyorker.com/photos/59094f89c14b3c606c10323e/master/w_1600,c_limit/1960_12_17.jpg",https://www.newyorker.com/magazine/1960/12/17,covers/1960/1960-12-17.jpg,649727,ok
1960-12-24,1960,"The New Yorker December 24, 1960",,"https://media.newyorker.com/photos/59094f8a1c7a8e33fb389cf0/master/w_1600,c_limit/1960_12_24.jpg",https://www.newyorker.com/magazine/1960/12/24,covers/1960/1960-12-24.jpg,460075,ok
1960-12-31,1960,"The New Yorker December 31, 1960",,"https://media.newyorker.com/photos/59094f8bebe912338a372206/master/w_1600,c_limit/1960_12_31.jpg",https://www.newyorker.com/magazine/1960/12/31,covers/1960/1960-12-31.jpg,573672,ok
1961-01-07,1961,"The New Yorker January 7, 1961",,"https://media.newyorker.com/photos/59094f8bc14b3c606c103242/master/w_1600,c_limit/1961_01_07.jpg",https://www.newyorker.com/magazine/1961/01/07,covers/1961/1961-01-07.jpg,635691,ok
1961-01-14,1961,"The New Yorker January 14, 1961",,"https://media.newyorker.com/photos/59094f8c019dfc3494e9d3c5/master/w_1600,c_limit/1961_01_14.jpg",https://www.newyorker.com/magazine/1961/01/14,covers/1961/1961-01-14.jpg,640305,ok
1961-01-21,1961,"The New Yorker January 21, 1961",,"https://media.newyorker.com/photos/59094f871c7a8e33fb389cea/master/w_1600,c_limit/1961_01_21.jpg",https://www.newyorker.com/magazine/1961/01/21,covers/1961/1961-01-21.jpg,690450,ok
1961-01-28,1961,"The New Yorker January 28, 1961",,"https://media.newyorker.com/photos/59094f886552fa0be682b69b/master/w_1600,c_limit/1961_01_28.jpg",https://www.newyorker.com/magazine/1961/01/28,covers/1961/1961-01-28.jpg,803211,ok
1961-02-04,1961,"The New Yorker February 4, 1961",,"https://media.newyorker.com/photos/59094f886552fa0be682b69d/master/w_1600,c_limit/1961_02_04.jpg",https://www.newyorker.com/magazine/1961/02/04,covers/1961/1961-02-04.jpg,963289,ok
1961-02-11,1961,"The New Yorker February 11, 1961",,"https://media.newyorker.com/photos/59094f896552fa0be682b6a1/master/w_1600,c_limit/1961_02_11.jpg",https://www.newyorker.com/magazine/1961/02/11,covers/1961/1961-02-11.jpg,760246,ok
1961-02-18,1961,"The New Yorker February 18, 1961",,"https://media.newyorker.com/photos/59094f8a019dfc3494e9d3c1/master/w_1600,c_limit/1961_02_18.jpg",https://www.newyorker.com/magazine/1961/02/18,covers/1961/1961-02-18.jpg,383362,ok
1961-02-25,1961,"The New Yorker February 25, 1961",,"https://media.newyorker.com/photos/59094f8b019dfc3494e9d3c3/master/w_1600,c_limit/1961_02_25.jpg",https://www.newyorker.com/magazine/1961/02/25,covers/1961/1961-02-25.jpg,802245,ok
1961-03-04,1961,"The New Yorker March 4, 1961",,"https://media.newyorker.com/photos/59094f8c1c7a8e33fb389cf3/master/w_1600,c_limit/1961_03_04.jpg",https://www.newyorker.com/magazine/1961/03/04,covers/1961/1961-03-04.jpg,601585,ok
1961-03-11,1961,"The New Yorker March 11, 1961",,"https://media.newyorker.com/photos/59094f8e6552fa0be682b6ab/master/w_1600,c_limit/1961_03_11.jpg",https://www.newyorker.com/magazine/1961/03/11,covers/1961/1961-03-11.jpg,814830,ok
1961-03-18,1961,"The New Yorker March 18, 1961",,"https://media.newyorker.com/photos/59094f8e1c7a8e33fb389cfa/master/w_1600,c_limit/1961_03_18.jpg",https://www.newyorker.com/magazine/1961/03/18,covers/1961/1961-03-18.jpg,587715,ok
1961-03-25,1961,"The New Yorker March 25, 1961",,"https://media.newyorker.com/photos/59094f8f6552fa0be682b6ad/master/w_1600,c_limit/1961_03_25.jpg",https://www.newyorker.com/magazine/1961/03/25,covers/1961/1961-03-25.jpg,652852,ok
1961-04-01,1961,"The New Yorker April 1, 1961",,"https://media.newyorker.com/photos/59094f882179605b11ad298e/master/w_1600,c_limit/1961_04_01.jpg",https://www.newyorker.com/magazine/1961/04/01,covers/1961/1961-04-01.jpg,659562,ok
1961-04-08,1961,"The New Yorker April 8, 1961",,"https://media.newyorker.com/photos/59094f89c14b3c606c10323c/master/w_1600,c_limit/1961_04_08.jpg",https://www.newyorker.com/magazine/1961/04/08,covers/1961/1961-04-08.jpg,770693,ok
1961-04-15,1961,"The New Yorker April 15, 1961",,"https://media.newyorker.com/photos/59094f891c7a8e33fb389cee/master/w_1600,c_limit/1961_04_15.jpg",https://www.newyorker.com/magazine/1961/04/15,covers/1961/1961-04-15.jpg,787183,ok
1961-04-22,1961,"The New Yorker April 22, 1961",,"https://media.newyorker.com/photos/59094f8a2179605b11ad2992/master/w_1600,c_limit/1961_04_22.jpg",https://www.newyorker.com/magazine/1961/04/22,covers/1961/1961-04-22.jpg,568974,ok
1961-04-29,1961,"The New Yorker April 29, 1961",,"https://media.newyorker.com/photos/59094f8b2179605b11ad2996/master/w_1600,c_limit/1961_04_29.jpg",https://www.newyorker.com/magazine/1961/04/29,covers/1961/1961-04-29.jpg,625729,ok
1961-05-06,1961,"The New Yorker May 6, 1961",,"https://media.newyorker.com/photos/59094f8bc14b3c606c103241/master/w_1600,c_limit/1961_05_06.jpg",https://www.newyorker.com/magazine/1961/05/06,covers/1961/1961-05-06.jpg,767874,ok
1961-05-13,1961,"The New Yorker May 13, 1961",,"https://media.newyorker.com/photos/59094f8c2179605b11ad299a/master/w_1600,c_limit/1961_05_13.jpg",https://www.newyorker.com/magazine/1961/05/13,covers/1961/1961-05-13.jpg,716621,ok
1961-05-20,1961,"The New Yorker May 20, 1961",,"https://media.newyorker.com/photos/59094f8e2179605b11ad299e/master/w_1600,c_limit/1961_05_20.jpg",https://www.newyorker.com/magazine/1961/05/20,covers/1961/1961-05-20.jpg,784942,ok
1961-05-27,1961,"The New Yorker May 27, 1961",,"https://media.newyorker.com/photos/59094f8eebe912338a37220a/master/w_1600,c_limit/1961_05_27.jpg",https://www.newyorker.com/magazine/1961/05/27,covers/1961/1961-05-27.jpg,694628,ok
1961-06-03,1961,"The New Yorker June 3, 1961",,"https://media.newyorker.com/photos/59094f8f019dfc3494e9d3cb/master/w_1600,c_limit/1961_06_03.jpg",https://www.newyorker.com/magazine/1961/06/03,covers/1961/1961-06-03.jpg,539160,ok
1961-06-10,1961,"The New Yorker June 10, 1961",,"https://media.newyorker.com/photos/59094f8a019dfc3494e9d3bf/master/w_1600,c_limit/1961_06_10.jpg",https://www.newyorker.com/magazine/1961/06/10,covers/1961/1961-06-10.jpg,562315,ok
1961-06-17,1961,"The New Yorker June 17, 1961",,"https://media.newyorker.com/photos/59094f8a6552fa0be682b6a5/master/w_1600,c_limit/1961_06_17.jpg",https://www.newyorker.com/magazine/1961/06/17,covers/1961/1961-06-17.jpg,645448,ok
1961-06-24,1961,"The New Yorker June 24, 1961",,"https://media.newyorker.com/photos/59094f8b6552fa0be682b6a7/master/w_1600,c_limit/1961_06_24.jpg",https://www.newyorker.com/magazine/1961/06/24,covers/1961/1961-06-24.jpg,270157,ok
1961-07-01,1961,"The New Yorker July 1, 1961",,"https://media.newyorker.com/photos/59094f8c2179605b11ad2998/master/w_1600,c_limit/1961_07_01.jpg",https://www.newyorker.com/magazine/1961/07/01,covers/1961/1961-07-01.jpg,287144,ok
1961-07-08,1961,"The New Yorker July 8, 1961",,"https://media.newyorker.com/photos/59094f8d1c7a8e33fb389cf4/master/w_1600,c_limit/1961_07_08.jpg",https://www.newyorker.com/magazine/1961/07/08,covers/1961/1961-07-08.jpg,848587,ok
1961-07-15,1961,"The New Yorker July 15, 1961",,"https://media.newyorker.com/photos/59094f8e6552fa0be682b6aa/master/w_1600,c_limit/1961_07_15.jpg",https://www.newyorker.com/magazine/1961/07/15,covers/1961/1961-07-15.jpg,649310,ok
1961-07-22,1961,"The New Yorker July 22, 1961",,"https://media.newyorker.com/photos/59094f8e019dfc3494e9d3c7/master/w_1600,c_limit/1961_07_22.jpg",https://www.newyorker.com/magazine/1961/07/22,covers/1961/1961-07-22.jpg,599748,ok
1961-07-29,1961,"The New Yorker July 29, 1961",,"https://media.newyorker.com/photos/59094f8f1c7a8e33fb389cfd/master/w_1600,c_limit/1961_07_29.jpg",https://www.newyorker.com/magazine/1961/07/29,covers/1961/1961-07-29.jpg,463839,ok
1961-08-05,1961,"The New Yorker August 5, 1961",,"https://media.newyorker.com/photos/59094f906552fa0be682b6af/master/w_1600,c_limit/1961_08_05.jpg",https://www.newyorker.com/magazine/1961/08/05,covers/1961/1961-08-05.jpg,643472,ok
1961-08-12,1961,"The New Yorker August 12, 1961",,"https://media.newyorker.com/photos/59094f90ebe912338a37220e/master/w_1600,c_limit/1961_08_12.jpg",https://www.newyorker.com/magazine/1961/08/12,covers/1961/1961-08-12.jpg,558642,ok
1961-08-19,1961,"The New Yorker August 19, 1961",,"https://media.newyorker.com/photos/59094f8c2179605b11ad299c/master/w_1600,c_limit/1961_08_19.jpg",https://www.newyorker.com/magazine/1961/08/19,covers/1961/1961-08-19.jpg,551571,ok
1961-08-26,1961,"The New Yorker August 26, 1961",,"https://media.newyorker.com/photos/59094f8eebe912338a372208/master/w_1600,c_limit/1961_08_26.jpg",https://www.newyorker.com/magazine/1961/08/26,covers/1961/1961-08-26.jpg,623138,ok
1961-09-02,1961,"The New Yorker September 2, 1961",,"https://media.newyorker.com/photos/59094f8e019dfc3494e9d3c9/master/w_1600,c_limit/1961_09_02.jpg",https://www.newyorker.com/magazine/1961/09/02,covers/1961/1961-09-02.jpg,810407,ok
1961-09-09,1961,"The New Yorker September 9, 1961",,"https://media.newyorker.com/photos/59094f8febe912338a37220c/master/w_1600,c_limit/1961_09_09.jpg",https://www.newyorker.com/magazine/1961/09/09,covers/1961/1961-09-09.jpg,469279,ok
1961-09-16,1961,"The New Yorker September 16, 1961",,"https://media.newyorker.com/photos/59094f90019dfc3494e9d3cd/master/w_1600,c_limit/1961_09_16.jpg",https://www.newyorker.com/magazine/1961/09/16,covers/1961/1961-09-16.jpg,617072,ok
1961-09-23,1961,"The New Yorker September 23, 1961",,"https://media.newyorker.com/photos/59094f911c7a8e33fb389d00/master/w_1600,c_limit/1961_09_23.jpg",https://www.newyorker.com/magazine/1961/09/23,covers/1961/1961-09-23.jpg,540485,ok
1961-09-30,1961,"The New Yorker September 30, 1961",,"https://media.newyorker.com/photos/59094f921c7a8e33fb389d02/master/w_1600,c_limit/1961_09_30.jpg",https://www.newyorker.com/magazine/1961/09/30,covers/1961/1961-09-30.jpg,374438,ok
1961-10-07,1961,"The New Yorker October 7, 1961",,"https://media.newyorker.com/photos/59094f92019dfc3494e9d3d1/master/w_1600,c_limit/1961_10_07.jpg",https://www.newyorker.com/magazine/1961/10/07,covers/1961/1961-10-07.jpg,831524,ok
1961-10-14,1961,"The New Yorker October 14, 1961",,"https://media.newyorker.com/photos/59094f936552fa0be682b6b5/master/w_1600,c_limit/1961_10_14.jpg",https://www.newyorker.com/magazine/1961/10/14,covers/1961/1961-10-14.jpg,726175,ok
1961-10-21,1961,"The New Yorker October 21, 1961",,"https://media.newyorker.com/photos/59094f946552fa0be682b6b7/master/w_1600,c_limit/1961_10_21.jpg",https://www.newyorker.com/magazine/1961/10/21,covers/1961/1961-10-21.jpg,763760,ok
1961-10-28,1961,"The New Yorker October 28, 1961",,"https://media.newyorker.com/photos/59094f8e1c7a8e33fb389cf6/master/w_1600,c_limit/1961_10_28.jpg",https://www.newyorker.com/magazine/1961/10/28,covers/1961/1961-10-28.jpg,337127,ok
1961-11-04,1961,"The New Yorker November 4, 1961",,"https://media.newyorker.com/photos/59094f8e1c7a8e33fb389cf9/master/w_1600,c_limit/1961_11_04.jpg",https://www.newyorker.com/magazine/1961/11/04,covers/1961/1961-11-04.jpg,648190,ok
1961-11-11,1961,"The New Yorker November 11, 1961",,"https://media.newyorker.com/photos/59094f8f1c7a8e33fb389cfe/master/w_1600,c_limit/1961_11_11.jpg",https://www.newyorker.com/magazine/1961/11/11,covers/1961/1961-11-11.jpg,761682,ok
1961-11-18,1961,"The New Yorker November 18, 1961",,"https://media.newyorker.com/photos/59094f902179605b11ad29a0/master/w_1600,c_limit/1961_11_18.jpg",https://www.newyorker.com/magazine/1961/11/18,covers/1961/1961-11-18.jpg,702649,ok
1961-11-25,1961,"The New Yorker November 25, 1961",,"https://media.newyorker.com/photos/59094f912179605b11ad29a3/master/w_1600,c_limit/1961_11_25.jpg",https://www.newyorker.com/magazine/1961/11/25,covers/1961/1961-11-25.jpg,536550,ok
1961-12-02,1961,"The New Yorker December 2, 1961",,"https://media.newyorker.com/photos/59094f92c14b3c606c103244/master/w_1600,c_limit/1961_12_02.jpg",https://www.newyorker.com/magazine/1961/12/02,covers/1961/1961-12-02.jpg,748506,ok
1961-12-09,1961,"The New Yorker December 9, 1961",,"https://media.newyorker.com/photos/59094f92c14b3c606c103246/master/w_1600,c_limit/1961_12_09.jpg",https://www.newyorker.com/magazine/1961/12/09,covers/1961/1961-12-09.jpg,652911,ok
1961-12-16,1961,"The New Yorker December 16, 1961",,"https://media.newyorker.com/photos/59094f93019dfc3494e9d3d3/master/w_1600,c_limit/1961_12_16.jpg",https://www.newyorker.com/magazine/1961/12/16,covers/1961/1961-12-16.jpg,750271,ok
1961-12-23,1961,"The New Yorker December 23, 1961",,"https://media.newyorker.com/photos/59094f942179605b11ad29ab/master/w_1600,c_limit/1961_12_23.jpg",https://www.newyorker.com/magazine/1961/12/23,covers/1961/1961-12-23.jpg,696574,ok
1961-12-30,1961,"The New Yorker December 30, 1961",,"https://media.newyorker.com/photos/59094f94c14b3c606c103248/master/w_1600,c_limit/1961_12_30.jpg",https://www.newyorker.com/magazine/1961/12/30,covers/1961/1961-12-30.jpg,722418,ok
1962-01-06,1962,"The New Yorker January 6, 1962",,"https://media.newyorker.com/photos/59094f91019dfc3494e9d3cf/master/w_1600,c_limit/1962_01_06.jpg",https://www.newyorker.com/magazine/1962/01/06,covers/1962/1962-01-06.jpg,309462,ok
1962-01-13,1962,"The New Yorker January 13, 1962",,"https://media.newyorker.com/photos/59094f91ebe912338a372210/master/w_1600,c_limit/1962_01_13.jpg",https://www.newyorker.com/magazine/1962/01/13,covers/1962/1962-01-13.jpg,558310,ok
1962-01-20,1962,"The New Yorker January 20, 1962",,"https://media.newyorker.com/photos/59094f922179605b11ad29a8/master/w_1600,c_limit/1962_01_20.jpg",https://www.newyorker.com/magazine/1962/01/20,covers/1962/1962-01-20.jpg,732193,ok
1962-01-27,1962,"The New Yorker January 27, 1962",,"https://media.newyorker.com/photos/59094f93ebe912338a372213/master/w_1600,c_limit/1962_01_27.jpg",https://www.newyorker.com/magazine/1962/01/27,covers/1962/1962-01-27.jpg,303708,ok
1962-02-03,1962,"The New Yorker February 3, 1962",,"https://media.newyorker.com/photos/59094f941c7a8e33fb389d06/master/w_1600,c_limit/1962_02_03.jpg",https://www.newyorker.com/magazine/1962/02/03,covers/1962/1962-02-03.jpg,794502,ok
1962-02-10,1962,"The New Yorker February 10, 1962",,"https://media.newyorker.com/photos/59094f956552fa0be682b6bb/master/w_1600,c_limit/1962_02_10.jpg",https://www.newyorker.com/magazine/1962/02/10,covers/1962/1962-02-10.jpg,360478,ok
1962-02-17,1962,"The New Yorker February 17, 1962",,"https://media.newyorker.com/photos/59094f952179605b11ad29ae/master/w_1600,c_limit/1962_02_17.jpg",https://www.newyorker.com/magazine/1962/02/17,covers/1962/1962-02-17.jpg,629758,ok
1962-02-24,1962,"The New Yorker February 24, 1962",,"https://media.newyorker.com/photos/59094f966552fa0be682b6bd/master/w_1600,c_limit/1962_02_24.jpg",https://www.newyorker.com/magazine/1962/02/24,covers/1962/1962-02-24.jpg,369578,ok
1962-03-03,1962,"The New Yorker March 3, 1962",,"https://media.newyorker.com/photos/59094f97ebe912338a372218/master/w_1600,c_limit/1962_03_03.jpg",https://www.newyorker.com/magazine/1962/03/03,covers/1962/1962-03-03.jpg,513756,ok
1962-03-10,1962,"The New Yorker March 10, 1962",,"https://media.newyorker.com/photos/59094f982179605b11ad29b6/master/w_1600,c_limit/1962_03_10.jpg",https://www.newyorker.com/magazine/1962/03/10,covers/1962/1962-03-10.jpg,720419,ok
1962-03-17,1962,"The New Yorker March 17, 1962",,"https://media.newyorker.com/photos/59094f912179605b11ad29a4/master/w_1600,c_limit/1962_03_17.jpg",https://www.newyorker.com/magazine/1962/03/17,covers/1962/1962-03-17.jpg,868001,ok
1962-03-24,1962,"The New Yorker March 24, 1962",,"https://media.newyorker.com/photos/59094f922179605b11ad29a6/master/w_1600,c_limit/1962_03_24.jpg",https://www.newyorker.com/magazine/1962/03/24,covers/1962/1962-03-24.jpg,363666,ok
1962-03-31,1962,"The New Yorker March 31, 1962",,"https://media.newyorker.com/photos/59094f926552fa0be682b6b3/master/w_1600,c_limit/1962_03_31.jpg",https://www.newyorker.com/magazine/1962/03/31,covers/1962/1962-03-31.jpg,438683,ok
1962-04-07,1962,"The New Yorker April 7, 1962",,"https://media.newyorker.com/photos/59094f931c7a8e33fb389d04/master/w_1600,c_limit/1962_04_07.jpg",https://www.newyorker.com/magazine/1962/04/07,covers/1962/1962-04-07.jpg,865308,ok
1962-04-14,1962,"The New Yorker April 14, 1962",,"https://media.newyorker.com/photos/59094f942179605b11ad29ac/master/w_1600,c_limit/1962_04_14.jpg",https://www.newyorker.com/magazine/1962/04/14,covers/1962/1962-04-14.jpg,675700,ok
1962-04-21,1962,"The New Yorker April 21, 1962",,"https://media.newyorker.com/photos/59094f946552fa0be682b6ba/master/w_1600,c_limit/1962_04_21.jpg",https://www.newyorker.com/magazine/1962/04/21,covers/1962/1962-04-21.jpg,661591,ok
1962-04-28,1962,"The New Yorker April 28, 1962",,"https://media.newyorker.com/photos/59094f95019dfc3494e9d3d7/master/w_1600,c_limit/1962_04_28.jpg",https://www.newyorker.com/magazine/1962/04/28,covers/1962/1962-04-28.jpg,669581,ok
1962-05-05,1962,"The New Yorker May 5, 1962",,"https://media.newyorker.com/photos/59094f961c7a8e33fb389d0c/master/w_1600,c_limit/1962_05_05.jpg",https://www.newyorker.com/magazine/1962/05/05,covers/1962/1962-05-05.jpg,576377,ok
1962-05-12,1962,"The New Yorker May 12, 1962",,"https://media.newyorker.com/photos/59094f97019dfc3494e9d3de/master/w_1600,c_limit/1962_05_12.jpg",https://www.newyorker.com/magazine/1962/05/12,covers/1962/1962-05-12.jpg,741431,ok
1962-05-19,1962,"The New Yorker May 19, 1962",,"https://media.newyorker.com/photos/59094f97019dfc3494e9d3e1/master/w_1600,c_limit/1962_05_19.jpg",https://www.newyorker.com/magazine/1962/05/19,covers/1962/1962-05-19.jpg,463413,ok
1962-05-26,1962,"The New Yorker May 26, 1962",,"https://media.newyorker.com/photos/59094f926552fa0be682b6b1/master/w_1600,c_limit/1962_05_26.jpg",https://www.newyorker.com/magazine/1962/05/26,covers/1962/1962-05-26.jpg,688905,ok
1962-06-02,1962,"The New Yorker June 2, 1962",,"https://media.newyorker.com/photos/59094f93ebe912338a372214/master/w_1600,c_limit/1962_06_02.jpg",https://www.newyorker.com/magazine/1962/06/02,covers/1962/1962-06-02.jpg,985989,ok
1962-06-09,1962,"The New Yorker June 9, 1962",,"https://media.newyorker.com/photos/59094f94019dfc3494e9d3d5/master/w_1600,c_limit/1962_06_09.jpg",https://www.newyorker.com/magazine/1962/06/09,covers/1962/1962-06-09.jpg,795060,ok
1962-06-16,1962,"The New Yorker June 16, 1962",,"https://media.newyorker.com/photos/59094f95ebe912338a372216/master/w_1600,c_limit/1962_06_16.jpg",https://www.newyorker.com/magazine/1962/06/16,covers/1962/1962-06-16.jpg,333655,ok
1962-06-23,1962,"The New Yorker June 23, 1962",,"https://media.newyorker.com/photos/59094f951c7a8e33fb389d08/master/w_1600,c_limit/1962_06_23.jpg",https://www.newyorker.com/magazine/1962/06/23,covers/1962/1962-06-23.jpg,601276,ok
1962-06-30,1962,"The New Yorker June 30, 1962",,"https://media.newyorker.com/photos/59094f961c7a8e33fb389d0b/master/w_1600,c_limit/1962_06_30.jpg",https://www.newyorker.com/magazine/1962/06/30,covers/1962/1962-06-30.jpg,657783,ok
1962-07-07,1962,"The New Yorker July 7, 1962",,"https://media.newyorker.com/photos/59094f972179605b11ad29b2/master/w_1600,c_limit/1962_07_07.jpg",https://www.newyorker.com/magazine/1962/07/07,covers/1962/1962-07-07.jpg,763536,ok
1962-07-14,1962,"The New Yorker July 14, 1962",,"https://media.newyorker.com/photos/59094f972179605b11ad29b4/master/w_1600,c_limit/1962_07_14.jpg",https://www.newyorker.com/magazine/1962/07/14,covers/1962/1962-07-14.jpg,618205,ok
1962-07-21,1962,"The New Yorker July 21, 1962",,"https://media.newyorker.com/photos/59094f986552fa0be682b6bf/master/w_1600,c_limit/1962_07_21.jpg",https://www.newyorker.com/magazine/1962/07/21,covers/1962/1962-07-21.jpg,866769,ok
1962-07-28,1962,"The New Yorker July 28, 1962",,"https://media.newyorker.com/photos/59094f99019dfc3494e9d3e5/master/w_1600,c_limit/1962_07_28.jpg",https://www.newyorker.com/magazine/1962/07/28,covers/1962/1962-07-28.jpg,643356,ok
1962-08-04,1962,"The New Yorker August 4, 1962",,"https://media.newyorker.com/photos/59094f96019dfc3494e9d3d9/master/w_1600,c_limit/1962_08_04.jpg",https://www.newyorker.com/magazine/1962/08/04,covers/1962/1962-08-04.jpg,699645,ok
1962-08-11,1962,"The New Yorker August 11, 1962",,"https://media.newyorker.com/photos/59094f96019dfc3494e9d3db/master/w_1600,c_limit/1962_08_11.jpg",https://www.newyorker.com/magazine/1962/08/11,covers/1962/1962-08-11.jpg,635972,ok
1962-08-18,1962,"The New Yorker August 18, 1962",,"https://media.newyorker.com/photos/59094f97ebe912338a37221a/master/w_1600,c_limit/1962_08_18.jpg",https://www.newyorker.com/magazine/1962/08/18,covers/1962/1962-08-18.jpg,588950,ok
1962-08-25,1962,"The New Yorker August 25, 1962",,"https://media.newyorker.com/photos/59094f98ebe912338a37221c/master/w_1600,c_limit/1962_08_25.jpg",https://www.newyorker.com/magazine/1962/08/25,covers/1962/1962-08-25.jpg,703942,ok
1962-09-01,1962,"The New Yorker September 1, 1962",,"https://media.newyorker.com/photos/59094f992179605b11ad29ba/master/w_1600,c_limit/1962_09_01.jpg",https://www.newyorker.com/magazine/1962/09/01,covers/1962/1962-09-01.jpg,768335,ok
1962-09-08,1962,"The New Yorker September 8, 1962",,"https://media.newyorker.com/photos/59094f9aebe912338a37221e/master/w_1600,c_limit/1962_09_08.jpg",https://www.newyorker.com/magazine/1962/09/08,covers/1962/1962-09-08.jpg,870742,ok
1962-09-15,1962,"The New Yorker September 15, 1962",,"https://media.newyorker.com/photos/59094f9b019dfc3494e9d3e7/master/w_1600,c_limit/1962_09_15.jpg",https://www.newyorker.com/magazine/1962/09/15,covers/1962/1962-09-15.jpg,700961,ok
1962-09-22,1962,"The New Yorker September 22, 1962",,"https://media.newyorker.com/photos/59094f9cebe912338a372222/master/w_1600,c_limit/1962_09_22.jpg",https://www.newyorker.com/magazine/1962/09/22,covers/1962/1962-09-22.jpg,672344,ok
1962-09-29,1962,"The New Yorker September 29, 1962",,"https://media.newyorker.com/photos/59094f9cc14b3c606c103252/master/w_1600,c_limit/1962_09_29.jpg",https://www.newyorker.com/magazine/1962/09/29,covers/1962/1962-09-29.jpg,546125,ok
1962-10-06,1962,"The New Yorker October 6, 1962",,"https://media.newyorker.com/photos/59094f9d2179605b11ad29c4/master/w_1600,c_limit/1962_10_06.jpg",https://www.newyorker.com/magazine/1962/10/06,covers/1962/1962-10-06.jpg,456920,ok
1962-10-13,1962,"The New Yorker October 13, 1962",,"https://media.newyorker.com/photos/59094f962179605b11ad29b0/master/w_1600,c_limit/1962_10_13.jpg",https://www.newyorker.com/magazine/1962/10/13,covers/1962/1962-10-13.jpg,734639,ok
1962-10-20,1962,"The New Yorker October 20, 1962",,"https://media.newyorker.com/photos/59094f97019dfc3494e9d3df/master/w_1600,c_limit/1962_10_20.jpg",https://www.newyorker.com/magazine/1962/10/20,covers/1962/1962-10-20.jpg,809928,ok
1962-10-27,1962,"The New Yorker October 27, 1962",,"https://media.newyorker.com/photos/59094f971c7a8e33fb389d0e/master/w_1600,c_limit/1962_10_27.jpg",https://www.newyorker.com/magazine/1962/10/27,covers/1962/1962-10-27.jpg,635004,ok
1962-11-03,1962,"The New Yorker November 3, 1962",,"https://media.newyorker.com/photos/59094f98019dfc3494e9d3e3/master/w_1600,c_limit/1962_11_03.jpg",https://www.newyorker.com/magazine/1962/11/03,covers/1962/1962-11-03.jpg,640817,ok
1962-11-10,1962,"The New Yorker November 10, 1962",,"https://media.newyorker.com/photos/59094f992179605b11ad29b8/master/w_1600,c_limit/1962_11_10.jpg",https://www.newyorker.com/magazine/1962/11/10,covers/1962/1962-11-10.jpg,492798,ok
1962-11-17,1962,"The New Yorker November 17, 1962",,"https://media.newyorker.com/photos/59094f9a6552fa0be682b6c3/master/w_1600,c_limit/1962_11_17.jpg",https://www.newyorker.com/magazine/1962/11/17,covers/1962/1962-11-17.jpg,591567,ok
1962-11-24,1962,"The New Yorker November 24, 1962",,"https://media.newyorker.com/photos/59094f9bebe912338a372220/master/w_1600,c_limit/1962_11_24.jpg",https://www.newyorker.com/magazine/1962/11/24,covers/1962/1962-11-24.jpg,373387,ok
1962-12-01,1962,"The New Yorker December 1, 1962",,"https://media.newyorker.com/photos/59094f9b1c7a8e33fb389d12/master/w_1600,c_limit/1962_12_01.jpg",https://www.newyorker.com/magazine/1962/12/01,covers/1962/1962-12-01.jpg,701951,ok
1962-12-08,1962,"The New Yorker December 8, 1962",,"https://media.newyorker.com/photos/59094f9c2179605b11ad29c1/master/w_1600,c_limit/1962_12_08.jpg",https://www.newyorker.com/magazine/1962/12/08,covers/1962/1962-12-08.jpg,361808,ok
1962-12-15,1962,"The New Yorker December 15, 1962",,"https://media.newyorker.com/photos/59094f9dc14b3c606c103256/master/w_1600,c_limit/1962_12_15.jpg",https://www.newyorker.com/magazine/1962/12/15,covers/1962/1962-12-15.jpg,830850,ok
1962-12-22,1962,"The New Yorker December 22, 1962",,"https://media.newyorker.com/photos/59094f99c14b3c606c10324a/master/w_1600,c_limit/1962_12_22.jpg",https://www.newyorker.com/magazine/1962/12/22,covers/1962/1962-12-22.jpg,741107,ok
1962-12-29,1962,"The New Yorker December 29, 1962",,"https://media.newyorker.com/photos/59094f9a2179605b11ad29bc/master/w_1600,c_limit/1962_12_29.jpg",https://www.newyorker.com/magazine/1962/12/29,covers/1962/1962-12-29.jpg,782642,ok
1963-01-05,1963,"The New Yorker January 5, 1963",,"https://media.newyorker.com/photos/59094f9a2179605b11ad29be/master/w_1600,c_limit/1963_01_05.jpg",https://www.newyorker.com/magazine/1963/01/05,covers/1963/1963-01-05.jpg,751737,ok
1963-01-12,1963,"The New Yorker January 12, 1963",,"https://media.newyorker.com/photos/59094f9bc14b3c606c10324f/master/w_1600,c_limit/1963_01_12.jpg",https://www.newyorker.com/magazine/1963/01/12,covers/1963/1963-01-12.jpg,776004,ok
1963-01-19,1963,"The New Yorker January 19, 1963",,"https://media.newyorker.com/photos/59094f9c6552fa0be682b6c7/master/w_1600,c_limit/1963_01_19.jpg",https://www.newyorker.com/magazine/1963/01/19,covers/1963/1963-01-19.jpg,505854,ok
1963-01-26,1963,"The New Yorker January 26, 1963",,"https://media.newyorker.com/photos/59094f9d1c7a8e33fb389d16/master/w_1600,c_limit/1963_01_26.jpg",https://www.newyorker.com/magazine/1963/01/26,covers/1963/1963-01-26.jpg,620683,ok
1963-02-02,1963,"The New Yorker February 2, 1963",,"https://media.newyorker.com/photos/59094f9e2179605b11ad29c6/master/w_1600,c_limit/1963_02_02.jpg",https://www.newyorker.com/magazine/1963/02/02,covers/1963/1963-02-02.jpg,398497,ok
1963-02-09,1963,"The New Yorker February 9, 1963",,"https://media.newyorker.com/photos/59094f9febe912338a372224/master/w_1600,c_limit/1963_02_09.jpg",https://www.newyorker.com/magazine/1963/02/09,covers/1963/1963-02-09.jpg,239702,ok
1963-02-16,1963,"The New Yorker February 16, 1963",,"https://media.newyorker.com/photos/59094fa0019dfc3494e9d3f1/master/w_1600,c_limit/1963_02_16.jpg",https://www.newyorker.com/magazine/1963/02/16,covers/1963/1963-02-16.jpg,592029,ok
1963-02-23,1963,"The New Yorker February 23, 1963",,"https://media.newyorker.com/photos/59094fa0c14b3c606c10325a/master/w_1600,c_limit/1963_02_23.jpg",https://www.newyorker.com/magazine/1963/02/23,covers/1963/1963-02-23.jpg,385216,ok
1963-03-02,1963,"The New Yorker March 2, 1963",,"https://media.newyorker.com/photos/59094f996552fa0be682b6c1/master/w_1600,c_limit/1963_03_02.jpg",https://www.newyorker.com/magazine/1963/03/02,covers/1963/1963-03-02.jpg,666033,ok
1963-03-09,1963,"The New Yorker March 9, 1963",,"https://media.newyorker.com/photos/59094f9a6552fa0be682b6c5/master/w_1600,c_limit/1963_03_09.jpg",https://www.newyorker.com/magazine/1963/03/09,covers/1963/1963-03-09.jpg,833556,ok
1963-03-16,1963,"The New Yorker March 16, 1963",,"https://media.newyorker.com/photos/59094f9bc14b3c606c10324c/master/w_1600,c_limit/1963_03_16.jpg",https://www.newyorker.com/magazine/1963/03/16,covers/1963/1963-03-16.jpg,535721,ok
1963-03-23,1963,"The New Yorker March 23, 1963",,"https://media.newyorker.com/photos/59094f9bc14b3c606c103250/master/w_1600,c_limit/1963_03_23.jpg",https://www.newyorker.com/magazine/1963/03/23,covers/1963/1963-03-23.jpg,704730,ok
1963-03-30,1963,"The New Yorker March 30, 1963",,"https://media.newyorker.com/photos/59094f9c2179605b11ad29c2/master/w_1600,c_limit/1963_03_30.jpg",https://www.newyorker.com/magazine/1963/03/30,covers/1963/1963-03-30.jpg,313679,ok
1963-04-06,1963,"The New Yorker April 6, 1963",,"https://media.newyorker.com/photos/59094f9d019dfc3494e9d3eb/master/w_1600,c_limit/1963_04_06.jpg",https://www.newyorker.com/magazine/1963/04/06,covers/1963/1963-04-06.jpg,808082,ok
1963-04-13,1963,"The New Yorker April 13, 1963",,"https://media.newyorker.com/photos/59094f9e019dfc3494e9d3ef/master/w_1600,c_limit/1963_04_13.jpg",https://www.newyorker.com/magazine/1963/04/13,covers/1963/1963-04-13.jpg,914127,ok
1963-04-20,1963,"The New Yorker April 20, 1963",,"https://media.newyorker.com/photos/59094f9f2179605b11ad29c9/master/w_1600,c_limit/1963_04_20.jpg",https://www.newyorker.com/magazine/1963/04/20,covers/1963/1963-04-20.jpg,950265,ok
1963-04-27,1963,"The New Yorker April 27, 1963",,"https://media.newyorker.com/photos/59094fa02179605b11ad29ce/master/w_1600,c_limit/1963_04_27.jpg",https://www.newyorker.com/magazine/1963/04/27,covers/1963/1963-04-27.jpg,575155,ok
1963-05-04,1963,"The New Yorker May 4, 1963",,"https://media.newyorker.com/photos/59094fa06552fa0be682b6c9/master/w_1600,c_limit/1963_05_04.jpg",https://www.newyorker.com/magazine/1963/05/04,covers/1963/1963-05-04.jpg,540373,ok
1963-05-11,1963,"The New Yorker May 11, 1963",,"https://media.newyorker.com/photos/594721a54cc7e54618909939/master/w_1600,c_limit/1963_05_11.jpg",https://www.newyorker.com/magazine/1963/05/11,covers/1963/1963-05-11.jpg,485203,ok
1963-05-18,1963,"The New Yorker May 18, 1963",,"https://media.newyorker.com/photos/59094f9b1c7a8e33fb389d14/master/w_1600,c_limit/1963_05_18.jpg",https://www.newyorker.com/magazine/1963/05/18,covers/1963/1963-05-18.jpg,729725,ok
1963-05-25,1963,"The New Yorker May 25, 1963",,"https://media.newyorker.com/photos/5947216aa1a54d504e5dd79b/master/w_1600,c_limit/1963_05_25.jpg",https://www.newyorker.com/magazine/1963/05/25,covers/1963/1963-05-25.jpg,368386,ok
1963-06-01,1963,"The New Yorker June 1, 1963",,"https://media.newyorker.com/photos/59094f9dc14b3c606c103255/master/w_1600,c_limit/1963_06_01.jpg",https://www.newyorker.com/magazine/1963/06/01,covers/1963/1963-06-01.jpg,472065,ok
1963-06-08,1963,"The New Yorker June 8, 1963",,"https://media.newyorker.com/photos/59094f9e019dfc3494e9d3ee/master/w_1600,c_limit/1963_06_08.jpg",https://www.newyorker.com/magazine/1963/06/08,covers/1963/1963-06-08.jpg,677340,ok
1963-06-15,1963,"The New Yorker June 15, 1963",,"https://media.newyorker.com/photos/59094f9f1c7a8e33fb389d18/master/w_1600,c_limit/1963_06_15.jpg",https://www.newyorker.com/magazine/1963/06/15,covers/1963/1963-06-15.jpg,546847,ok
1963-06-22,1963,"The New Yorker June 22, 1963",,"https://media.newyorker.com/photos/59094f9febe912338a372226/master/w_1600,c_limit/1963_06_22.jpg",https://www.newyorker.com/magazine/1963/06/22,covers/1963/1963-06-22.jpg,578981,ok
1963-06-29,1963,"The New Yorker June 29, 1963",,"https://media.newyorker.com/photos/59094fa0ebe912338a372228/master/w_1600,c_limit/1963_06_29.jpg",https://www.newyorker.com/magazine/1963/06/29,covers/1963/1963-06-29.jpg,682187,ok
1963-07-06,1963,"The New Yorker July 6, 1963",,"https://media.newyorker.com/photos/59094fa1019dfc3494e9d3f3/master/w_1600,c_limit/1963_07_06.jpg",https://www.newyorker.com/magazine/1963/07/06,covers/1963/1963-07-06.jpg,708744,ok
1963-07-13,1963,"The New Yorker July 13, 1963",,"https://media.newyorker.com/photos/59094fa1ebe912338a37222a/master/w_1600,c_limit/1963_07_13.jpg",https://www.newyorker.com/magazine/1963/07/13,covers/1963/1963-07-13.jpg,726049,ok
1963-07-20,1963,"The New Yorker July 20, 1963",,"https://media.newyorker.com/photos/59094f9f2179605b11ad29ca/master/w_1600,c_limit/1963_07_20.jpg",https://www.newyorker.com/magazine/1963/07/20,covers/1963/1963-07-20.jpg,618076,ok
1963-07-27,1963,"The New Yorker July 27, 1963",,"https://media.newyorker.com/photos/59094f9f1c7a8e33fb389d1a/master/w_1600,c_limit/1963_07_27.jpg",https://www.newyorker.com/magazine/1963/07/27,covers/1963/1963-07-27.jpg,713694,ok
1963-08-03,1963,"The New Yorker August 3, 1963",,"https://media.newyorker.com/photos/59094fa02179605b11ad29d0/master/w_1600,c_limit/1963_08_03.jpg",https://www.newyorker.com/magazine/1963/08/03,covers/1963/1963-08-03.jpg,604412,ok
1963-08-10,1963,"The New Yorker August 10, 1963",,"https://media.newyorker.com/photos/59094fa16552fa0be682b6cb/master/w_1600,c_limit/1963_08_10.jpg",https://www.newyorker.com/magazine/1963/08/10,covers/1963/1963-08-10.jpg,805508,ok
1963-08-17,1963,"The New Yorker August 17, 1963",,"https://media.newyorker.com/photos/59094fa21c7a8e33fb389d1e/master/w_1600,c_limit/1963_08_17.jpg",https://www.newyorker.com/magazine/1963/08/17,covers/1963/1963-08-17.jpg,403474,ok
1963-08-24,1963,"The New Yorker August 24, 1963",,"https://media.newyorker.com/photos/59094fa26552fa0be682b6d0/master/w_1600,c_limit/1963_08_24.jpg",https://www.newyorker.com/magazine/1963/08/24,covers/1963/1963-08-24.jpg,714731,ok
1963-08-31,1963,"The New Yorker August 31, 1963",,"https://media.newyorker.com/photos/59094fa32179605b11ad29d6/master/w_1600,c_limit/1963_08_31.jpg",https://www.newyorker.com/magazine/1963/08/31,covers/1963/1963-08-31.jpg,738332,ok
1963-09-07,1963,"The New Yorker September 7, 1963",,"https://media.newyorker.com/photos/59094fa4ebe912338a372232/master/w_1600,c_limit/1963_09_07.jpg",https://www.newyorker.com/magazine/1963/09/07,covers/1963/1963-09-07.jpg,709097,ok
1963-09-14,1963,"The New Yorker September 14, 1963",,"https://media.newyorker.com/photos/59094fa5c14b3c606c103260/master/w_1600,c_limit/1963_09_14.jpg",https://www.newyorker.com/magazine/1963/09/14,covers/1963/1963-09-14.jpg,527261,ok
1963-09-21,1963,"The New Yorker September 21, 1963",,"https://media.newyorker.com/photos/59094fa5019dfc3494e9d3f9/master/w_1600,c_limit/1963_09_21.jpg",https://www.newyorker.com/magazine/1963/09/21,covers/1963/1963-09-21.jpg,632176,ok
1963-09-28,1963,"The New Yorker September 28, 1963",,"https://media.newyorker.com/photos/59094f9fc14b3c606c103258/master/w_1600,c_limit/1963_09_28.jpg",https://www.newyorker.com/magazine/1963/09/28,covers/1963/1963-09-28.jpg,858240,ok
1963-10-05,1963,"The New Yorker October 5, 1963",,"https://media.newyorker.com/photos/59094f9f2179605b11ad29cd/master/w_1600,c_limit/1963_10_05.jpg",https://www.newyorker.com/magazine/1963/10/05,covers/1963/1963-10-05.jpg,550028,ok
1963-10-12,1963,"The New Yorker October 12, 1963",,"https://media.newyorker.com/photos/59094fa01c7a8e33fb389d1c/master/w_1600,c_limit/1963_10_12.jpg",https://www.newyorker.com/magazine/1963/10/12,covers/1963/1963-10-12.jpg,385780,ok
1963-10-19,1963,"The New Yorker October 19, 1963",,"https://media.newyorker.com/photos/59094fa12179605b11ad29d2/master/w_1600,c_limit/1963_10_19.jpg",https://www.newyorker.com/magazine/1963/10/19,covers/1963/1963-10-19.jpg,666686,ok
1963-10-26,1963,"The New Yorker October 26, 1963",,"https://media.newyorker.com/photos/59094fa26552fa0be682b6cd/master/w_1600,c_limit/1963_10_26.jpg",https://www.newyorker.com/magazine/1963/10/26,covers/1963/1963-10-26.jpg,717881,ok
1963-11-02,1963,"The New Yorker November 2, 1963",,"https://media.newyorker.com/photos/59094fa26552fa0be682b6d1/master/w_1600,c_limit/1963_11_02.jpg",https://www.newyorker.com/magazine/1963/11/02,covers/1963/1963-11-02.jpg,637147,ok
1963-11-09,1963,"The New Yorker November 9, 1963",,"https://media.newyorker.com/photos/59094fa32179605b11ad29d5/master/w_1600,c_limit/1963_11_09.jpg",https://www.newyorker.com/magazine/1963/11/09,covers/1963/1963-11-09.jpg,810491,ok
1963-11-16,1963,"The New Yorker November 16, 1963",,"https://media.newyorker.com/photos/59094fa4ebe912338a372231/master/w_1600,c_limit/1963_11_16.jpg",https://www.newyorker.com/magazine/1963/11/16,covers/1963/1963-11-16.jpg,744290,ok
1963-11-23,1963,"The New Yorker November 23, 1963",,"https://media.newyorker.com/photos/59094fa46552fa0be682b6d7/master/w_1600,c_limit/1963_11_23.jpg",https://www.newyorker.com/magazine/1963/11/23,covers/1963/1963-11-23.jpg,586104,ok
1963-11-30,1963,"The New Yorker November 30, 1963",,"https://media.newyorker.com/photos/59094fa5c14b3c606c103262/master/w_1600,c_limit/1963_11_30.jpg",https://www.newyorker.com/magazine/1963/11/30,covers/1963/1963-11-30.jpg,572123,ok
1963-12-07,1963,"The New Yorker December 7, 1963",,"https://media.newyorker.com/photos/59094fa2019dfc3494e9d3f5/master/w_1600,c_limit/1963_12_07.jpg",https://www.newyorker.com/magazine/1963/12/07,covers/1963/1963-12-07.jpg,536963,ok
1963-12-14,1963,"The New Yorker December 14, 1963",,"https://media.newyorker.com/photos/59094fa31c7a8e33fb389d20/master/w_1600,c_limit/1963_12_14.jpg",https://www.newyorker.com/magazine/1963/12/14,covers/1963/1963-12-14.jpg,720789,ok
1963-12-21,1963,"The New Yorker December 21, 1963",,"https://media.newyorker.com/photos/59094fa3ebe912338a37222e/master/w_1600,c_limit/1963_12_21.jpg",https://www.newyorker.com/magazine/1963/12/21,covers/1963/1963-12-21.jpg,390465,ok
1963-12-28,1963,"The New Yorker December 28, 1963",,"https://media.newyorker.com/photos/59094fa46552fa0be682b6d5/master/w_1600,c_limit/1963_12_28.jpg",https://www.newyorker.com/magazine/1963/12/28,covers/1963/1963-12-28.jpg,347314,ok
1964-01-04,1964,"The New Yorker January 4, 1964",,"https://media.newyorker.com/photos/59094fa5ebe912338a372234/master/w_1600,c_limit/1964_01_04.jpg",https://www.newyorker.com/magazine/1964/01/04,covers/1964/1964-01-04.jpg,695629,ok
1964-01-11,1964,"The New Yorker January 11, 1964",,"https://media.newyorker.com/photos/59094fa56552fa0be682b6d9/master/w_1600,c_limit/1964_01_11.jpg",https://www.newyorker.com/magazine/1964/01/11,covers/1964/1964-01-11.jpg,269700,ok
1964-01-18,1964,"The New Yorker January 18, 1964",,"https://media.newyorker.com/photos/59094fa61c7a8e33fb389d28/master/w_1600,c_limit/1964_01_18.jpg",https://www.newyorker.com/magazine/1964/01/18,covers/1964/1964-01-18.jpg,576690,ok
1964-01-25,1964,"The New Yorker January 25, 1964",,"https://media.newyorker.com/photos/59094fa76552fa0be682b6db/master/w_1600,c_limit/1964_01_25.jpg",https://www.newyorker.com/magazine/1964/01/25,covers/1964/1964-01-25.jpg,859309,ok
1964-02-01,1964,"The New Yorker February 1, 1964",,"https://media.newyorker.com/photos/59094fa8c14b3c606c103264/master/w_1600,c_limit/1964_02_01.jpg",https://www.newyorker.com/magazine/1964/02/01,covers/1964/1964-02-01.jpg,542442,ok
1964-02-08,1964,"The New Yorker February 8, 1964",,"https://media.newyorker.com/photos/59094fa8019dfc3494e9d401/master/w_1600,c_limit/1964_02_08.jpg",https://www.newyorker.com/magazine/1964/02/08,covers/1964/1964-02-08.jpg,309219,ok
1964-02-15,1964,"The New Yorker February 15, 1964",,"https://media.newyorker.com/photos/59094fa2ebe912338a37222c/master/w_1600,c_limit/1964_02_15.jpg",https://www.newyorker.com/magazine/1964/02/15,covers/1964/1964-02-15.jpg,549960,ok
1964-02-22,1964,"The New Yorker February 22, 1964",,"https://media.newyorker.com/photos/59094fa36552fa0be682b6d3/master/w_1600,c_limit/1964_02_22.jpg",https://www.newyorker.com/magazine/1964/02/22,covers/1964/1964-02-22.jpg,370061,ok
1964-02-29,1964,"The New Yorker February 29, 1964",,"https://media.newyorker.com/photos/59094fa4c14b3c606c10325d/master/w_1600,c_limit/1964_02_29.jpg",https://www.newyorker.com/magazine/1964/02/29,covers/1964/1964-02-29.jpg,818369,ok
1964-03-07,1964,"The New Yorker March 7, 1964",,"https://media.newyorker.com/photos/59094fa51c7a8e33fb389d24/master/w_1600,c_limit/1964_03_07.jpg",https://www.newyorker.com/magazine/1964/03/07,covers/1964/1964-03-07.jpg,571328,ok
1964-03-14,1964,"The New Yorker March 14, 1964",,"https://media.newyorker.com/photos/59094fa62179605b11ad29d8/master/w_1600,c_limit/1964_03_14.jpg",https://www.newyorker.com/magazine/1964/03/14,covers/1964/1964-03-14.jpg,692477,ok
1964-03-21,1964,"The New Yorker March 21, 1964",,"https://media.newyorker.com/photos/59094fa62179605b11ad29dc/master/w_1600,c_limit/1964_03_21.jpg",https://www.newyorker.com/magazine/1964/03/21,covers/1964/1964-03-21.jpg,787722,ok
1964-03-28,1964,"The New Yorker March 28, 1964",,"https://media.newyorker.com/photos/59094fa7019dfc3494e9d3fd/master/w_1600,c_limit/1964_03_28.jpg",https://www.newyorker.com/magazine/1964/03/28,covers/1964/1964-03-28.jpg,515493,ok
1964-04-04,1964,"The New Yorker April 4, 1964",,"https://media.newyorker.com/photos/59094fa8ebe912338a372238/master/w_1600,c_limit/1964_04_04.jpg",https://www.newyorker.com/magazine/1964/04/04,covers/1964/1964-04-04.jpg,417808,ok
1964-04-11,1964,"The New Yorker April 11, 1964",,"https://media.newyorker.com/photos/59094fa81c7a8e33fb389d30/master/w_1600,c_limit/1964_04_11.jpg",https://www.newyorker.com/magazine/1964/04/11,covers/1964/1964-04-11.jpg,650643,ok
1964-04-18,1964,"The New Yorker April 18, 1964",,"https://media.newyorker.com/photos/59094fa9019dfc3494e9d403/master/w_1600,c_limit/1964_04_18.jpg",https://www.newyorker.com/magazine/1964/04/18,covers/1964/1964-04-18.jpg,377289,ok
1964-04-25,1964,"The New Yorker April 25, 1964",,"https://media.newyorker.com/photos/59094fa3019dfc3494e9d3f7/master/w_1600,c_limit/1964_04_25.jpg",https://www.newyorker.com/magazine/1964/04/25,covers/1964/1964-04-25.jpg,612135,ok
1964-05-02,1964,"The New Yorker May 2, 1964",,"https://media.newyorker.com/photos/59094fa4c14b3c606c10325e/master/w_1600,c_limit/1964_05_02.jpg",https://www.newyorker.com/magazine/1964/05/02,covers/1964/1964-05-02.jpg,515043,ok
1964-05-09,1964,"The New Yorker May 9, 1964",,"https://media.newyorker.com/photos/59094fa51c7a8e33fb389d23/master/w_1600,c_limit/1964_05_09.jpg",https://www.newyorker.com/magazine/1964/05/09,covers/1964/1964-05-09.jpg,983229,ok
1964-05-16,1964,"The New Yorker May 16, 1964",,"https://media.newyorker.com/photos/59094fa51c7a8e33fb389d26/master/w_1600,c_limit/1964_05_16.jpg",https://www.newyorker.com/magazine/1964/05/16,covers/1964/1964-05-16.jpg,364117,ok
1964-05-23,1964,"The New Yorker May 23, 1964",,"https://media.newyorker.com/photos/59094fa62179605b11ad29da/master/w_1600,c_limit/1964_05_23.jpg",https://www.newyorker.com/magazine/1964/05/23,covers/1964/1964-05-23.jpg,373935,ok
1964-05-30,1964,"The New Yorker May 30, 1964",,"https://media.newyorker.com/photos/594720c6b9ebe13d3998c8da/master/w_1600,c_limit/1964_05_30.jpg",https://www.newyorker.com/magazine/1964/05/30,covers/1964/1964-05-30.jpg,640046,ok
1964-06-06,1964,"The New Yorker June 6, 1964",,"https://media.newyorker.com/photos/59094fa76552fa0be682b6dd/master/w_1600,c_limit/1964_06_06.jpg",https://www.newyorker.com/magazine/1964/06/06,covers/1964/1964-06-06.jpg,758068,ok
1964-06-13,1964,"The New Yorker June 13, 1964",,"https://media.newyorker.com/photos/59094fa8c14b3c606c103266/master/w_1600,c_limit/1964_06_13.jpg",https://www.newyorker.com/magazine/1964/06/13,covers/1964/1964-06-13.jpg,528376,ok
1964-06-20,1964,"The New Yorker June 20, 1964",,"https://media.newyorker.com/photos/59094fa96552fa0be682b6e0/master/w_1600,c_limit/1964_06_20.jpg",https://www.newyorker.com/magazine/1964/06/20,covers/1964/1964-06-20.jpg,709462,ok
1964-06-27,1964,"The New Yorker June 27, 1964",,"https://media.newyorker.com/photos/59094faa2179605b11ad29e0/master/w_1600,c_limit/1964_06_27.jpg",https://www.newyorker.com/magazine/1964/06/27,covers/1964/1964-06-27.jpg,742766,ok
1964-07-04,1964,"The New Yorker July 4, 1964",,"https://media.newyorker.com/photos/59094fa71c7a8e33fb389d2a/master/w_1600,c_limit/1964_07_04.jpg",https://www.newyorker.com/magazine/1964/07/04,covers/1964/1964-07-04.jpg,578276,ok
1964-07-11,1964,"The New Yorker July 11, 1964",,"https://media.newyorker.com/photos/59094fa81c7a8e33fb389d2e/master/w_1600,c_limit/1964_07_11.jpg",https://www.newyorker.com/magazine/1964/07/11,covers/1964/1964-07-11.jpg,723549,ok
1964-07-18,1964,"The New Yorker July 18, 1964",,"https://media.newyorker.com/photos/59094fa82179605b11ad29de/master/w_1600,c_limit/1964_07_18.jpg",https://www.newyorker.com/magazine/1964/07/18,covers/1964/1964-07-18.jpg,615746,ok
1964-07-25,1964,"The New Yorker July 25, 1964",,"https://media.newyorker.com/photos/59094fa9ebe912338a37223a/master/w_1600,c_limit/1964_07_25.jpg",https://www.newyorker.com/magazine/1964/07/25,covers/1964/1964-07-25.jpg,677479,ok
1964-08-01,1964,"The New Yorker August 1, 1964",,"https://media.newyorker.com/photos/59094faa6552fa0be682b6e3/master/w_1600,c_limit/1964_08_01.jpg",https://www.newyorker.com/magazine/1964/08/01,covers/1964/1964-08-01.jpg,240460,ok
1964-08-08,1964,"The New Yorker August 8, 1964",,"https://media.newyorker.com/photos/59094fab6552fa0be682b6e9/master/w_1600,c_limit/1964_08_08.jpg",https://www.newyorker.com/magazine/1964/08/08,covers/1964/1964-08-08.jpg,610855,ok
1964-08-15,1964,"The New Yorker August 15, 1964",,"https://media.newyorker.com/photos/59094fab2179605b11ad29e5/master/w_1600,c_limit/1964_08_15.jpg",https://www.newyorker.com/magazine/1964/08/15,covers/1964/1964-08-15.jpg,469312,ok
1964-08-22,1964,"The New Yorker August 22, 1964",,"https://media.newyorker.com/photos/59094fac2179605b11ad29e9/master/w_1600,c_limit/1964_08_22.jpg",https://www.newyorker.com/magazine/1964/08/22,covers/1964/1964-08-22.jpg,374958,ok
1964-08-29,1964,"The New Yorker August 29, 1964",,"https://media.newyorker.com/photos/59094fadc14b3c606c10326a/master/w_1600,c_limit/1964_08_29.jpg",https://www.newyorker.com/magazine/1964/08/29,covers/1964/1964-08-29.jpg,331476,ok
1964-09-05,1964,"The New Yorker September 5, 1964",,"https://media.newyorker.com/photos/59094fadc14b3c606c10326c/master/w_1600,c_limit/1964_09_05.jpg",https://www.newyorker.com/magazine/1964/09/05,covers/1964/1964-09-05.jpg,587033,ok
1964-09-19,1964,"The New Yorker September 19, 1964",,"https://media.newyorker.com/photos/59094fa71c7a8e33fb389d2d/master/w_1600,c_limit/1964_09_19.jpg",https://www.newyorker.com/magazine/1964/09/19,covers/1964/1964-09-19.jpg,673078,ok
1964-09-26,1964,"The New Yorker September 26, 1964",,"https://media.newyorker.com/photos/59094fa8019dfc3494e9d3ff/master/w_1600,c_limit/1964_09_26.jpg",https://www.newyorker.com/magazine/1964/09/26,covers/1964/1964-09-26.jpg,387868,ok
1964-10-03,1964,"The New Yorker October 3, 1964",,"https://media.newyorker.com/photos/59094fa96552fa0be682b6e1/master/w_1600,c_limit/1964_10_03.jpg",https://www.newyorker.com/magazine/1964/10/03,covers/1964/1964-10-03.jpg,594301,ok
1964-10-17,1964,"The New Yorker October 17, 1964",,"https://media.newyorker.com/photos/59094faa6552fa0be682b6e5/master/w_1600,c_limit/1964_10_17.jpg",https://www.newyorker.com/magazine/1964/10/17,covers/1964/1964-10-17.jpg,595571,ok
1964-10-24,1964,"The New Yorker October 24, 1964",,"https://media.newyorker.com/photos/59094fabebe912338a37223e/master/w_1600,c_limit/1964_10_24.jpg",https://www.newyorker.com/magazine/1964/10/24,covers/1964/1964-10-24.jpg,646442,ok
1964-10-31,1964,"The New Yorker October 31, 1964",,"https://media.newyorker.com/photos/59094fac1c7a8e33fb389d34/master/w_1600,c_limit/1964_10_31.jpg",https://www.newyorker.com/magazine/1964/10/31,covers/1964/1964-10-31.jpg,714339,ok
1964-11-07,1964,"The New Yorker November 7, 1964",,"https://media.newyorker.com/photos/59094fad6552fa0be682b6eb/master/w_1600,c_limit/1964_11_07.jpg",https://www.newyorker.com/magazine/1964/11/07,covers/1964/1964-11-07.jpg,153627,ok
1964-11-14,1964,"The New Yorker November 14, 1964",,"https://media.newyorker.com/photos/59094fad019dfc3494e9d409/master/w_1600,c_limit/1964_11_14.jpg",https://www.newyorker.com/magazine/1964/11/14,covers/1964/1964-11-14.jpg,452632,ok
1964-11-21,1964,"The New Yorker November 21, 1964",,"https://media.newyorker.com/photos/59094faa019dfc3494e9d405/master/w_1600,c_limit/1964_11_21.jpg",https://www.newyorker.com/magazine/1964/11/21,covers/1964/1964-11-21.jpg,641497,ok
1964-11-28,1964,"The New Yorker November 28, 1964",,"https://media.newyorker.com/photos/59094fab2179605b11ad29e2/master/w_1600,c_limit/1964_11_28.jpg",https://www.newyorker.com/magazine/1964/11/28,covers/1964/1964-11-28.jpg,606156,ok
1964-12-05,1964,"The New Yorker December 5, 1964",,"https://media.newyorker.com/photos/59094fab1c7a8e33fb389d32/master/w_1600,c_limit/1964_12_05.jpg",https://www.newyorker.com/magazine/1964/12/05,covers/1964/1964-12-05.jpg,420767,ok
1964-12-12,1964,"The New Yorker December 12, 1964",,"https://media.newyorker.com/photos/59094fac2179605b11ad29ea/master/w_1600,c_limit/1964_12_12.jpg",https://www.newyorker.com/magazine/1964/12/12,covers/1964/1964-12-12.jpg,500057,ok
1964-12-19,1964,"The New Yorker December 19, 1964",,"https://media.newyorker.com/photos/59094fad2179605b11ad29ee/master/w_1600,c_limit/1964_12_19.jpg",https://www.newyorker.com/magazine/1964/12/19,covers/1964/1964-12-19.jpg,1127000,ok
1964-12-26,1964,"The New Yorker December 26, 1964",,"https://media.newyorker.com/photos/59094fae2179605b11ad29f0/master/w_1600,c_limit/1964_12_26.jpg",https://www.newyorker.com/magazine/1964/12/26,covers/1964/1964-12-26.jpg,741830,ok
1965-01-02,1965,"The New Yorker January 2, 1965",,"https://media.newyorker.com/photos/59094fafebe912338a372242/master/w_1600,c_limit/1965_01_02.jpg",https://www.newyorker.com/magazine/1965/01/02,covers/1965/1965-01-02.jpg,870643,ok
1965-01-09,1965,"The New Yorker January 9, 1965",,"https://media.newyorker.com/photos/59094fafebe912338a372244/master/w_1600,c_limit/1965_01_09.jpg",https://www.newyorker.com/magazine/1965/01/09,covers/1965/1965-01-09.jpg,673384,ok
1965-01-16,1965,"The New Yorker January 16, 1965",,"https://media.newyorker.com/photos/59094fb0ebe912338a372246/master/w_1600,c_limit/1965_01_16.jpg",https://www.newyorker.com/magazine/1965/01/16,covers/1965/1965-01-16.jpg,678717,ok
1965-01-23,1965,"The New Yorker January 23, 1965",,"https://media.newyorker.com/photos/59094fb1c14b3c606c103270/master/w_1600,c_limit/1965_01_23.jpg",https://www.newyorker.com/magazine/1965/01/23,covers/1965/1965-01-23.jpg,461596,ok
1965-01-30,1965,"The New Yorker January 30, 1965",,"https://media.newyorker.com/photos/59094fab6552fa0be682b6e8/master/w_1600,c_limit/1965_01_30.jpg",https://www.newyorker.com/magazine/1965/01/30,covers/1965/1965-01-30.jpg,684238,ok
1965-02-06,1965,"The New Yorker February 6, 1965",,"https://media.newyorker.com/photos/59094fab2179605b11ad29e6/master/w_1600,c_limit/1965_02_06.jpg",https://www.newyorker.com/magazine/1965/02/06,covers/1965/1965-02-06.jpg,756441,ok
1965-02-13,1965,"The New Yorker February 13, 1965",,"https://media.newyorker.com/photos/594720cdb9ebe13d3998c8f0/master/w_1600,c_limit/1965_02_13.jpg",https://www.newyorker.com/magazine/1965/02/13,covers/1965/1965-02-13.jpg,211647,ok
1965-02-20,1965,"The New Yorker February 20, 1965",,"https://media.newyorker.com/photos/59094fad2179605b11ad29ec/master/w_1600,c_limit/1965_02_20.jpg",https://www.newyorker.com/magazine/1965/02/20,covers/1965/1965-02-20.jpg,389000,ok
1965-02-27,1965,"The New Yorker February 27, 1965",,"https://media.newyorker.com/photos/59094fad019dfc3494e9d40b/master/w_1600,c_limit/1965_02_27.jpg",https://www.newyorker.com/magazine/1965/02/27,covers/1965/1965-02-27.jpg,634192,ok
1965-03-06,1965,"The New Yorker March 6, 1965",,"https://media.newyorker.com/photos/59094fae019dfc3494e9d40d/master/w_1600,c_limit/1965_03_06.jpg",https://www.newyorker.com/magazine/1965/03/06,covers/1965/1965-03-06.jpg,617082,ok
1965-03-13,1965,"The New Yorker March 13, 1965",,"https://media.newyorker.com/photos/59094faf6552fa0be682b6ef/master/w_1600,c_limit/1965_03_13.jpg",https://www.newyorker.com/magazine/1965/03/13,covers/1965/1965-03-13.jpg,911010,ok
1965-03-20,1965,"The New Yorker March 20, 1965",,"https://media.newyorker.com/photos/59094fb01c7a8e33fb389d3b/master/w_1600,c_limit/1965_03_20.jpg",https://www.newyorker.com/magazine/1965/03/20,covers/1965/1965-03-20.jpg,508697,ok
1965-03-27,1965,"The New Yorker March 27, 1965",,"https://media.newyorker.com/photos/59094fb1ebe912338a372248/master/w_1600,c_limit/1965_03_27.jpg",https://www.newyorker.com/magazine/1965/03/27,covers/1965/1965-03-27.jpg,227704,ok
1965-04-03,1965,"The New Yorker April 3, 1965",,"https://media.newyorker.com/photos/59094fb1019dfc3494e9d415/master/w_1600,c_limit/1965_04_03.jpg",https://www.newyorker.com/magazine/1965/04/03,covers/1965/1965-04-03.jpg,762990,ok
1965-04-10,1965,"The New Yorker April 10, 1965",,"https://media.newyorker.com/photos/59094fabc14b3c606c103268/master/w_1600,c_limit/1965_04_10.jpg",https://www.newyorker.com/magazine/1965/04/10,covers/1965/1965-04-10.jpg,655281,ok
1965-04-17,1965,"The New Yorker April 17, 1965",,"https://media.newyorker.com/photos/59094fac019dfc3494e9d407/master/w_1600,c_limit/1965_04_17.jpg",https://www.newyorker.com/magazine/1965/04/17,covers/1965/1965-04-17.jpg,484140,ok
1965-04-24,1965,"The New Yorker April 24, 1965",,"https://media.newyorker.com/photos/59094fad1c7a8e33fb389d36/master/w_1600,c_limit/1965_04_24.jpg",https://www.newyorker.com/magazine/1965/04/24,covers/1965/1965-04-24.jpg,454605,ok
1965-05-01,1965,"The New Yorker May 1, 1965",,"https://media.newyorker.com/photos/59094fae6552fa0be682b6ed/master/w_1600,c_limit/1965_05_01.jpg",https://www.newyorker.com/magazine/1965/05/01,covers/1965/1965-05-01.jpg,776949,ok
1965-05-08,1965,"The New Yorker May 8, 1965",,"https://media.newyorker.com/photos/59094fafc14b3c606c10326e/master/w_1600,c_limit/1965_05_08.jpg",https://www.newyorker.com/magazine/1965/05/08,covers/1965/1965-05-08.jpg,347573,ok
1965-05-15,1965,"The New Yorker May 15, 1965",,"https://media.newyorker.com/photos/59094faf2179605b11ad29f2/master/w_1600,c_limit/1965_05_15.jpg",https://www.newyorker.com/magazine/1965/05/15,covers/1965/1965-05-15.jpg,620163,ok
1965-05-22,1965,"The New Yorker May 22, 1965",,"https://media.newyorker.com/photos/59094fb02179605b11ad29f4/master/w_1600,c_limit/1965_05_22.jpg",https://www.newyorker.com/magazine/1965/05/22,covers/1965/1965-05-22.jpg,614958,ok
1965-05-29,1965,"The New Yorker May 29, 1965",,"https://media.newyorker.com/photos/59094fb1ebe912338a37224a/master/w_1600,c_limit/1965_05_29.jpg",https://www.newyorker.com/magazine/1965/05/29,covers/1965/1965-05-29.jpg,527754,ok
1965-06-05,1965,"The New Yorker June 5, 1965",,"https://media.newyorker.com/photos/59094fb12179605b11ad29f6/master/w_1600,c_limit/1965_06_05.jpg",https://www.newyorker.com/magazine/1965/06/05,covers/1965/1965-06-05.jpg,520146,ok
1965-06-12,1965,"The New Yorker June 12, 1965",,"https://media.newyorker.com/photos/59094fb26552fa0be682b6f7/master/w_1600,c_limit/1965_06_12.jpg",https://www.newyorker.com/magazine/1965/06/12,covers/1965/1965-06-12.jpg,658064,ok
1965-06-19,1965,"The New Yorker June 19, 1965",,"https://media.newyorker.com/photos/59094faf019dfc3494e9d40f/master/w_1600,c_limit/1965_06_19.jpg",https://www.newyorker.com/magazine/1965/06/19,covers/1965/1965-06-19.jpg,644065,ok
1965-06-26,1965,"The New Yorker June 26, 1965",,"https://media.newyorker.com/photos/59094fb0019dfc3494e9d411/master/w_1600,c_limit/1965_06_26.jpg",https://www.newyorker.com/magazine/1965/06/26,covers/1965/1965-06-26.jpg,568987,ok
1965-07-03,1965,"The New Yorker July 3, 1965",,"https://media.newyorker.com/photos/59094fb06552fa0be682b6f1/master/w_1600,c_limit/1965_07_03.jpg",https://www.newyorker.com/magazine/1965/07/03,covers/1965/1965-07-03.jpg,583830,ok
1965-07-10,1965,"The New Yorker July 10, 1965",,"https://media.newyorker.com/photos/59094fb16552fa0be682b6f3/master/w_1600,c_limit/1965_07_10.jpg",https://www.newyorker.com/magazine/1965/07/10,covers/1965/1965-07-10.jpg,578521,ok
1965-07-17,1965,"The New Yorker July 17, 1965",,"https://media.newyorker.com/photos/59094fb2c14b3c606c103274/master/w_1600,c_limit/1965_07_17.jpg",https://www.newyorker.com/magazine/1965/07/17,covers/1965/1965-07-17.jpg,362458,ok
1965-07-24,1965,"The New Yorker July 24, 1965",,"https://media.newyorker.com/photos/59094fb2019dfc3494e9d417/master/w_1600,c_limit/1965_07_24.jpg",https://www.newyorker.com/magazine/1965/07/24,covers/1965/1965-07-24.jpg,551868,ok
1965-07-31,1965,"The New Yorker July 31, 1965",,"https://media.newyorker.com/photos/59094fb3019dfc3494e9d41b/master/w_1600,c_limit/1965_07_31.jpg",https://www.newyorker.com/magazine/1965/07/31,covers/1965/1965-07-31.jpg,658475,ok
1965-08-07,1965,"The New Yorker August 7, 1965",,"https://media.newyorker.com/photos/59094fb42179605b11ad29f8/master/w_1600,c_limit/1965_08_07.jpg",https://www.newyorker.com/magazine/1965/08/07,covers/1965/1965-08-07.jpg,332148,ok
1965-08-14,1965,"The New Yorker August 14, 1965",,"https://media.newyorker.com/photos/59094fb51c7a8e33fb389d40/master/w_1600,c_limit/1965_08_14.jpg",https://www.newyorker.com/magazine/1965/08/14,covers/1965/1965-08-14.jpg,490588,ok
1965-08-21,1965,"The New Yorker August 21, 1965",,"https://media.newyorker.com/photos/59094fb5c14b3c606c10327a/master/w_1600,c_limit/1965_08_21.jpg",https://www.newyorker.com/magazine/1965/08/21,covers/1965/1965-08-21.jpg,682083,ok
1965-08-28,1965,"The New Yorker August 28, 1965",,"https://media.newyorker.com/photos/59094faf1c7a8e33fb389d38/master/w_1600,c_limit/1965_08_28.jpg",https://www.newyorker.com/magazine/1965/08/28,covers/1965/1965-08-28.jpg,438618,ok
1965-09-04,1965,"The New Yorker September 4, 1965",,"https://media.newyorker.com/photos/59094fb01c7a8e33fb389d3c/master/w_1600,c_limit/1965_09_04.jpg",https://www.newyorker.com/magazine/1965/09/04,covers/1965/1965-09-04.jpg,556540,ok
1965-09-11,1965,"The New Yorker September 11, 1965",,"https://media.newyorker.com/photos/59094fb1019dfc3494e9d413/master/w_1600,c_limit/1965_09_11.jpg",https://www.newyorker.com/magazine/1965/09/11,covers/1965/1965-09-11.jpg,706252,ok
1965-09-18,1965,"The New Yorker September 18, 1965",,"https://media.newyorker.com/photos/59094fb1c14b3c606c103272/master/w_1600,c_limit/1965_09_18.jpg",https://www.newyorker.com/magazine/1965/09/18,covers/1965/1965-09-18.jpg,690254,ok
1965-09-25,1965,"The New Yorker September 25, 1965",,"https://media.newyorker.com/photos/59094fb26552fa0be682b6f6/master/w_1600,c_limit/1965_09_25.jpg",https://www.newyorker.com/magazine/1965/09/25,covers/1965/1965-09-25.jpg,511108,ok
1965-10-02,1965,"The New Yorker October 2, 1965",,"https://media.newyorker.com/photos/59094fb3ebe912338a37224e/master/w_1600,c_limit/1965_10_02.jpg",https://www.newyorker.com/magazine/1965/10/02,covers/1965/1965-10-02.jpg,844128,ok
1965-10-09,1965,"The New Yorker October 9, 1965",,"https://media.newyorker.com/photos/59094fb3c14b3c606c103276/master/w_1600,c_limit/1965_10_09.jpg",https://www.newyorker.com/magazine/1965/10/09,covers/1965/1965-10-09.jpg,391436,ok
1965-10-16,1965,"The New Yorker October 16, 1965",,"https://media.newyorker.com/photos/59094fb46552fa0be682b6fb/master/w_1600,c_limit/1965_10_16.jpg",https://www.newyorker.com/magazine/1965/10/16,covers/1965/1965-10-16.jpg,974521,ok
1965-10-23,1965,"The New Yorker October 23, 1965",,"https://media.newyorker.com/photos/59094fb5c14b3c606c103278/master/w_1600,c_limit/1965_10_23.jpg",https://www.newyorker.com/magazine/1965/10/23,covers/1965/1965-10-23.jpg,379872,ok
1965-10-30,1965,"The New Yorker October 30, 1965",,"https://media.newyorker.com/photos/59094fb62179605b11ad29fc/master/w_1600,c_limit/1965_10_30.jpg",https://www.newyorker.com/magazine/1965/10/30,covers/1965/1965-10-30.jpg,564913,ok
1965-11-06,1965,"The New Yorker November 6, 1965",,"https://media.newyorker.com/photos/59094fb21c7a8e33fb389d3e/master/w_1600,c_limit/1965_11_06.jpg",https://www.newyorker.com/magazine/1965/11/06,covers/1965/1965-11-06.jpg,670641,ok
1965-11-13,1965,"The New Yorker November 13, 1965",,"https://media.newyorker.com/photos/59094fb3ebe912338a37224d/master/w_1600,c_limit/1965_11_13.jpg",https://www.newyorker.com/magazine/1965/11/13,covers/1965/1965-11-13.jpg,542862,ok
1965-11-20,1965,"The New Yorker November 20, 1965",,"https://media.newyorker.com/photos/59094fb46552fa0be682b6f9/master/w_1600,c_limit/1965_11_20.jpg",https://www.newyorker.com/magazine/1965/11/20,covers/1965/1965-11-20.jpg,749085,ok
1965-11-27,1965,"The New Yorker November 27, 1965",,"https://media.newyorker.com/photos/59094fb4ebe912338a372254/master/w_1600,c_limit/1965_11_27.jpg",https://www.newyorker.com/magazine/1965/11/27,covers/1965/1965-11-27.jpg,257665,ok
1965-12-04,1965,"The New Yorker December 4, 1965",,"https://media.newyorker.com/photos/59094fb51c7a8e33fb389d42/master/w_1600,c_limit/1965_12_04.jpg",https://www.newyorker.com/magazine/1965/12/04,covers/1965/1965-12-04.jpg,373522,ok
1965-12-11,1965,"The New Yorker December 11, 1965",,"https://media.newyorker.com/photos/59094fb6ebe912338a372258/master/w_1600,c_limit/1965_12_11.jpg",https://www.newyorker.com/magazine/1965/12/11,covers/1965/1965-12-11.jpg,674789,ok
1965-12-18,1965,"The New Yorker December 18, 1965",,"https://media.newyorker.com/photos/59094fb86552fa0be682b701/master/w_1600,c_limit/1965_12_18.jpg",https://www.newyorker.com/magazine/1965/12/18,covers/1965/1965-12-18.jpg,723628,ok
1965-12-25,1965,"The New Yorker December 25, 1965",,"https://media.newyorker.com/photos/59094fb91c7a8e33fb389d4c/master/w_1600,c_limit/1965_12_25.jpg",https://www.newyorker.com/magazine/1965/12/25,covers/1965/1965-12-25.jpg,793227,ok
1966-01-01,1966,"The New Yorker January 1, 1966",,"https://media.newyorker.com/photos/59094fba6552fa0be682b707/master/w_1600,c_limit/1966_01_01.jpg",https://www.newyorker.com/magazine/1966/01/01,covers/1966/1966-01-01.jpg,846573,ok
1966-01-08,1966,"The New Yorker January 8, 1966",,"https://media.newyorker.com/photos/59094fbbc14b3c606c103280/master/w_1600,c_limit/1966_01_08.jpg",https://www.newyorker.com/magazine/1966/01/08,covers/1966/1966-01-08.jpg,535232,ok
1966-01-15,1966,"The New Yorker January 15, 1966",,"https://media.newyorker.com/photos/59094fb3019dfc3494e9d41a/master/w_1600,c_limit/1966_01_15.jpg",https://www.newyorker.com/magazine/1966/01/15,covers/1966/1966-01-15.jpg,802810,ok
1966-01-22,1966,"The New Yorker January 22, 1966",,"https://media.newyorker.com/photos/59094fb4ebe912338a372251/master/w_1600,c_limit/1966_01_22.jpg",https://www.newyorker.com/magazine/1966/01/22,covers/1966/1966-01-22.jpg,522045,ok
1966-01-29,1966,"The New Yorker January 29, 1966",,"https://media.newyorker.com/photos/59094fb52179605b11ad29fa/master/w_1600,c_limit/1966_01_29.jpg",https://www.newyorker.com/magazine/1966/01/29,covers/1966/1966-01-29.jpg,681368,ok
1966-02-05,1966,"The New Yorker February 5, 1966",,"https://media.newyorker.com/photos/59094fb5ebe912338a372256/master/w_1600,c_limit/1966_02_05.jpg",https://www.newyorker.com/magazine/1966/02/05,covers/1966/1966-02-05.jpg,484421,ok
1966-02-12,1966,"The New Yorker February 12, 1966",,"https://media.newyorker.com/photos/59094fb66552fa0be682b6fd/master/w_1600,c_limit/1966_02_12.jpg",https://www.newyorker.com/magazine/1966/02/12,covers/1966/1966-02-12.jpg,861017,ok
1966-02-19,1966,"The New Yorker February 19, 1966",,"https://media.newyorker.com/photos/59094fb71c7a8e33fb389d47/master/w_1600,c_limit/1966_02_19.jpg",https://www.newyorker.com/magazine/1966/02/19,covers/1966/1966-02-19.jpg,329557,ok
1966-02-26,1966,"The New Yorker February 26, 1966",,"https://media.newyorker.com/photos/59094fb72179605b11ad29fe/master/w_1600,c_limit/1966_02_26.jpg",https://www.newyorker.com/magazine/1966/02/26,covers/1966/1966-02-26.jpg,388965,ok
1966-03-05,1966,"The New Yorker March 5, 1966",,"https://media.newyorker.com/photos/59094fb8019dfc3494e9d422/master/w_1600,c_limit/1966_03_05.jpg",https://www.newyorker.com/magazine/1966/03/05,covers/1966/1966-03-05.jpg,758742,ok
1966-03-12,1966,"The New Yorker March 12, 1966",,"https://media.newyorker.com/photos/59094fb96552fa0be682b703/master/w_1600,c_limit/1966_03_12.jpg",https://www.newyorker.com/magazine/1966/03/12,covers/1966/1966-03-12.jpg,669000,ok
1966-03-19,1966,"The New Yorker March 19, 1966",,"https://media.newyorker.com/photos/59094fbac14b3c606c10327e/master/w_1600,c_limit/1966_03_19.jpg",https://www.newyorker.com/magazine/1966/03/19,covers/1966/1966-03-19.jpg,786055,ok
1966-03-26,1966,"The New Yorker March 26, 1966",,"https://media.newyorker.com/photos/59094fb4ebe912338a372252/master/w_1600,c_limit/1966_03_26.jpg",https://www.newyorker.com/magazine/1966/03/26,covers/1966/1966-03-26.jpg,409087,ok
1966-04-02,1966,"The New Yorker April 2, 1966",,"https://media.newyorker.com/photos/59094fb5019dfc3494e9d41d/master/w_1600,c_limit/1966_04_02.jpg",https://www.newyorker.com/magazine/1966/04/02,covers/1966/1966-04-02.jpg,477785,ok
1966-04-09,1966,"The New Yorker April 9, 1966",,"https://media.newyorker.com/photos/59094fb51c7a8e33fb389d44/master/w_1600,c_limit/1966_04_09.jpg",https://www.newyorker.com/magazine/1966/04/09,covers/1966/1966-04-09.jpg,781842,ok
1966-04-16,1966,"The New Yorker April 16, 1966",,"https://media.newyorker.com/photos/59094fb6ebe912338a37225a/master/w_1600,c_limit/1966_04_16.jpg",https://www.newyorker.com/magazine/1966/04/16,covers/1966/1966-04-16.jpg,658910,ok
1966-04-23,1966,"The New Yorker April 23, 1966",,"https://media.newyorker.com/photos/59094fb71c7a8e33fb389d48/master/w_1600,c_limit/1966_04_23.jpg",https://www.newyorker.com/magazine/1966/04/23,covers/1966/1966-04-23.jpg,530930,ok
1966-04-30,1966,"The New Yorker April 30, 1966",,"https://media.newyorker.com/photos/59094fb8c14b3c606c10327c/master/w_1600,c_limit/1966_04_30.jpg",https://www.newyorker.com/magazine/1966/04/30,covers/1966/1966-04-30.jpg,247506,ok
1966-05-07,1966,"The New Yorker May 7, 1966",,"https://media.newyorker.com/photos/59094fb81c7a8e33fb389d4a/master/w_1600,c_limit/1966_05_07.jpg",https://www.newyorker.com/magazine/1966/05/07,covers/1966/1966-05-07.jpg,543069,ok
1966-05-14,1966,"The New Yorker May 14, 1966",,"https://media.newyorker.com/photos/59094fb9ebe912338a37225c/master/w_1600,c_limit/1966_05_14.jpg",https://www.newyorker.com/magazine/1966/05/14,covers/1966/1966-05-14.jpg,529546,ok
1966-05-21,1966,"The New Yorker May 21, 1966",,"https://media.newyorker.com/photos/59094fba2179605b11ad2a00/master/w_1600,c_limit/1966_05_21.jpg",https://www.newyorker.com/magazine/1966/05/21,covers/1966/1966-05-21.jpg,752914,ok
1966-05-28,1966,"The New Yorker May 28, 1966",,"https://media.newyorker.com/photos/59094fbbebe912338a372260/master/w_1600,c_limit/1966_05_28.jpg",https://www.newyorker.com/magazine/1966/05/28,covers/1966/1966-05-28.jpg,418126,ok
1966-06-04,1966,"The New Yorker June 4, 1966",,"https://media.newyorker.com/photos/59094fb76552fa0be682b700/master/w_1600,c_limit/1966_06_04.jpg",https://www.newyorker.com/magazine/1966/06/04,covers/1966/1966-06-04.jpg,719403,ok
1966-06-11,1966,"The New Yorker June 11, 1966",,"https://media.newyorker.com/photos/59094fb9019dfc3494e9d425/master/w_1600,c_limit/1966_06_11.jpg",https://www.newyorker.com/magazine/1966/06/11,covers/1966/1966-06-11.jpg,844406,ok
1966-06-18,1966,"The New Yorker June 18, 1966",,"https://media.newyorker.com/photos/59094fbaebe912338a37225e/master/w_1600,c_limit/1966_06_18.jpg",https://www.newyorker.com/magazine/1966/06/18,covers/1966/1966-06-18.jpg,811766,ok
1966-06-25,1966,"The New Yorker June 25, 1966",,"https://media.newyorker.com/photos/59094fbb1c7a8e33fb389d4e/master/w_1600,c_limit/1966_06_25.jpg",https://www.newyorker.com/magazine/1966/06/25,covers/1966/1966-06-25.jpg,838850,ok
1966-07-02,1966,"The New Yorker July 2, 1966",,"https://media.newyorker.com/photos/59094fbb6552fa0be682b70b/master/w_1600,c_limit/1966_07_02.jpg",https://www.newyorker.com/magazine/1966/07/02,covers/1966/1966-07-02.jpg,438275,ok
1966-07-09,1966,"The New Yorker July 9, 1966",,"https://media.newyorker.com/photos/59094fbc6552fa0be682b70e/master/w_1600,c_limit/1966_07_09.jpg",https://www.newyorker.com/magazine/1966/07/09,covers/1966/1966-07-09.jpg,428834,ok
1966-07-16,1966,"The New Yorker July 16, 1966",,"https://media.newyorker.com/photos/59094fbd6552fa0be682b711/master/w_1600,c_limit/1966_07_16.jpg",https://www.newyorker.com/magazine/1966/07/16,covers/1966/1966-07-16.jpg,537131,ok
1966-07-23,1966,"The New Yorker July 23, 1966",,"https://media.newyorker.com/photos/59094fbdc14b3c606c10328a/master/w_1600,c_limit/1966_07_23.jpg",https://www.newyorker.com/magazine/1966/07/23,covers/1966/1966-07-23.jpg,474806,ok
1966-07-30,1966,"The New Yorker July 30, 1966",,"https://media.newyorker.com/photos/59094fbeebe912338a372264/master/w_1600,c_limit/1966_07_30.jpg",https://www.newyorker.com/magazine/1966/07/30,covers/1966/1966-07-30.jpg,604900,ok
1966-08-06,1966,"The New Yorker August 6, 1966",,"https://media.newyorker.com/photos/59094fbf6552fa0be682b716/master/w_1600,c_limit/1966_08_06.jpg",https://www.newyorker.com/magazine/1966/08/06,covers/1966/1966-08-06.jpg,492106,ok
1966-08-13,1966,"The New Yorker August 13, 1966",,"https://media.newyorker.com/photos/59094fb8019dfc3494e9d41f/master/w_1600,c_limit/1966_08_13.jpg",https://www.newyorker.com/magazine/1966/08/13,covers/1966/1966-08-13.jpg,721525,ok
1966-08-20,1966,"The New Yorker August 20, 1966",,"https://media.newyorker.com/photos/59094fb8019dfc3494e9d423/master/w_1600,c_limit/1966_08_20.jpg",https://www.newyorker.com/magazine/1966/08/20,covers/1966/1966-08-20.jpg,315836,ok
1966-08-27,1966,"The New Yorker August 27, 1966",,"https://media.newyorker.com/photos/59094fb96552fa0be682b705/master/w_1600,c_limit/1966_08_27.jpg",https://www.newyorker.com/magazine/1966/08/27,covers/1966/1966-08-27.jpg,527159,ok
1966-09-03,1966,"The New Yorker September 3, 1966",,"https://media.newyorker.com/photos/59094fba019dfc3494e9d427/master/w_1600,c_limit/1966_09_03.jpg",https://www.newyorker.com/magazine/1966/09/03,covers/1966/1966-09-03.jpg,611824,ok
1966-09-10,1966,"The New Yorker September 10, 1966",,"https://media.newyorker.com/photos/59094fba6552fa0be682b709/master/w_1600,c_limit/1966_09_10.jpg",https://www.newyorker.com/magazine/1966/09/10,covers/1966/1966-09-10.jpg,259325,ok
1966-09-17,1966,"The New Yorker September 17, 1966",,"https://media.newyorker.com/photos/59094fbbc14b3c606c103282/master/w_1600,c_limit/1966_09_17.jpg",https://www.newyorker.com/magazine/1966/09/17,covers/1966/1966-09-17.jpg,498547,ok
1966-09-24,1966,"The New Yorker September 24, 1966",,"https://media.newyorker.com/photos/59094fbc019dfc3494e9d429/master/w_1600,c_limit/1966_09_24.jpg",https://www.newyorker.com/magazine/1966/09/24,covers/1966/1966-09-24.jpg,510257,ok
1966-10-01,1966,"The New Yorker October 1, 1966",,"https://media.newyorker.com/photos/59094fbdc14b3c606c103286/master/w_1600,c_limit/1966_10_01.jpg",https://www.newyorker.com/magazine/1966/10/01,covers/1966/1966-10-01.jpg,676027,ok
1966-10-08,1966,"The New Yorker October 8, 1966",,"https://media.newyorker.com/photos/59094fbd019dfc3494e9d42d/master/w_1600,c_limit/1966_10_08.jpg",https://www.newyorker.com/magazine/1966/10/08,covers/1966/1966-10-08.jpg,275137,ok
1966-10-15,1966,"The New Yorker October 15, 1966",,"https://media.newyorker.com/photos/59094fbe019dfc3494e9d430/master/w_1600,c_limit/1966_10_15.jpg",https://www.newyorker.com/magazine/1966/10/15,covers/1966/1966-10-15.jpg,555762,ok
1966-10-22,1966,"The New Yorker October 22, 1966",,"https://media.newyorker.com/photos/59094fbc6552fa0be682b70f/master/w_1600,c_limit/1966_10_22.jpg",https://www.newyorker.com/magazine/1966/10/22,covers/1966/1966-10-22.jpg,509649,ok
1966-10-29,1966,"The New Yorker October 29, 1966",,"https://media.newyorker.com/photos/59094fbd019dfc3494e9d42b/master/w_1600,c_limit/1966_10_29.jpg",https://www.newyorker.com/magazine/1966/10/29,covers/1966/1966-10-29.jpg,648564,ok
1966-11-05,1966,"The New Yorker November 5, 1966",,"https://media.newyorker.com/photos/59094fbd2179605b11ad2a02/master/w_1600,c_limit/1966_11_05.jpg",https://www.newyorker.com/magazine/1966/11/05,covers/1966/1966-11-05.jpg,570496,ok
1966-11-12,1966,"The New Yorker November 12, 1966",,"https://media.newyorker.com/photos/59094fbe6552fa0be682b713/master/w_1600,c_limit/1966_11_12.jpg",https://www.newyorker.com/magazine/1966/11/12,covers/1966/1966-11-12.jpg,570489,ok
1966-11-19,1966,"The New Yorker November 19, 1966",,"https://media.newyorker.com/photos/59094fbf6552fa0be682b717/master/w_1600,c_limit/1966_11_19.jpg",https://www.newyorker.com/magazine/1966/11/19,covers/1966/1966-11-19.jpg,818590,ok
1966-11-26,1966,"The New Yorker November 26, 1966",,"https://media.newyorker.com/photos/59094fc01c7a8e33fb389d52/master/w_1600,c_limit/1966_11_26.jpg",https://www.newyorker.com/magazine/1966/11/26,covers/1966/1966-11-26.jpg,694766,ok
1966-12-03,1966,"The New Yorker December 3, 1966",,"https://media.newyorker.com/photos/59094fc12179605b11ad2a0a/master/w_1600,c_limit/1966_12_03.jpg",https://www.newyorker.com/magazine/1966/12/03,covers/1966/1966-12-03.jpg,499208,ok
1966-12-10,1966,"The New Yorker December 10, 1966",,"https://media.newyorker.com/photos/59094fc1c14b3c606c10328f/master/w_1600,c_limit/1966_12_10.jpg",https://www.newyorker.com/magazine/1966/12/10,covers/1966/1966-12-10.jpg,740266,ok
1966-12-17,1966,"The New Yorker December 17, 1966",,"https://media.newyorker.com/photos/59094fc2c14b3c606c103293/master/w_1600,c_limit/1966_12_17.jpg",https://www.newyorker.com/magazine/1966/12/17,covers/1966/1966-12-17.jpg,364508,ok
1966-12-24,1966,"The New Yorker December 24, 1966",,"https://media.newyorker.com/photos/59094fc32179605b11ad2a10/master/w_1600,c_limit/1966_12_24.jpg",https://www.newyorker.com/magazine/1966/12/24,covers/1966/1966-12-24.jpg,575526,ok
1966-12-31,1966,"The New Yorker December 31, 1966",,"https://media.newyorker.com/photos/59094fbcc14b3c606c103284/master/w_1600,c_limit/1966_12_31.jpg",https://www.newyorker.com/magazine/1966/12/31,covers/1966/1966-12-31.jpg,710429,ok
1967-01-07,1967,"The New Yorker January 7, 1967",,"https://media.newyorker.com/photos/59094fbdebe912338a372262/master/w_1600,c_limit/1967_01_07.jpg",https://www.newyorker.com/magazine/1967/01/07,covers/1967/1967-01-07.jpg,616918,ok
1967-01-14,1967,"The New Yorker January 14, 1967",,"https://media.newyorker.com/photos/59094fbe019dfc3494e9d431/master/w_1600,c_limit/1967_01_14.jpg",https://www.newyorker.com/magazine/1967/01/14,covers/1967/1967-01-14.jpg,516811,ok
1967-01-21,1967,"The New Yorker January 21, 1967",,"https://media.newyorker.com/photos/59094fbf2179605b11ad2a06/master/w_1600,c_limit/1967_01_21.jpg",https://www.newyorker.com/magazine/1967/01/21,covers/1967/1967-01-21.jpg,672313,ok
1967-01-28,1967,"The New Yorker January 28, 1967",,"https://media.newyorker.com/photos/59094fc02179605b11ad2a08/master/w_1600,c_limit/1967_01_28.jpg",https://www.newyorker.com/magazine/1967/01/28,covers/1967/1967-01-28.jpg,697527,ok
1967-02-04,1967,"The New Yorker February 4, 1967",,"https://media.newyorker.com/photos/59094fc16552fa0be682b719/master/w_1600,c_limit/1967_02_04.jpg",https://www.newyorker.com/magazine/1967/02/04,covers/1967/1967-02-04.jpg,681494,ok
1967-02-11,1967,"The New Yorker February 11, 1967",,"https://media.newyorker.com/photos/59094fc16552fa0be682b71d/master/w_1600,c_limit/1967_02_11.jpg",https://www.newyorker.com/magazine/1967/02/11,covers/1967/1967-02-11.jpg,707253,ok
1967-02-18,1967,"The New Yorker February 18, 1967",,"https://media.newyorker.com/photos/59094fc2ebe912338a37226e/master/w_1600,c_limit/1967_02_18.jpg",https://www.newyorker.com/magazine/1967/02/18,covers/1967/1967-02-18.jpg,822132,ok
1967-02-25,1967,"The New Yorker February 25, 1967",,"https://media.newyorker.com/photos/59094fc42179605b11ad2a16/master/w_1600,c_limit/1967_02_25.jpg",https://www.newyorker.com/magazine/1967/02/25,covers/1967/1967-02-25.jpg,379653,ok
1967-03-04,1967,"The New Yorker March 4, 1967",,"https://media.newyorker.com/photos/59094fc52179605b11ad2a18/master/w_1600,c_limit/1967_03_04.jpg",https://www.newyorker.com/magazine/1967/03/04,covers/1967/1967-03-04.jpg,533385,ok
1967-03-11,1967,"The New Yorker March 11, 1967",,"https://media.newyorker.com/photos/59094fbc1c7a8e33fb389d50/master/w_1600,c_limit/1967_03_11.jpg",https://www.newyorker.com/magazine/1967/03/11,covers/1967/1967-03-11.jpg,612517,ok
1967-03-18,1967,"The New Yorker March 18, 1967",,"https://media.newyorker.com/photos/59094fbdc14b3c606c103288/master/w_1600,c_limit/1967_03_18.jpg",https://www.newyorker.com/magazine/1967/03/18,covers/1967/1967-03-18.jpg,928228,ok
1967-03-25,1967,"The New Yorker March 25, 1967",,"https://media.newyorker.com/photos/59094fbe2179605b11ad2a04/master/w_1600,c_limit/1967_03_25.jpg",https://www.newyorker.com/magazine/1967/03/25,covers/1967/1967-03-25.jpg,592618,ok
1967-04-01,1967,"The New Yorker April 1, 1967",,"https://media.newyorker.com/photos/59094fbfebe912338a372266/master/w_1600,c_limit/1967_04_01.jpg",https://www.newyorker.com/magazine/1967/04/01,covers/1967/1967-04-01.jpg,491401,ok
1967-04-08,1967,"The New Yorker April 8, 1967",,"https://media.newyorker.com/photos/59094fbfebe912338a372268/master/w_1600,c_limit/1967_04_08.jpg",https://www.newyorker.com/magazine/1967/04/08,covers/1967/1967-04-08.jpg,781551,ok
1967-04-15,1967,"The New Yorker April 15, 1967",,"https://media.newyorker.com/photos/59094fc0c14b3c606c10328c/master/w_1600,c_limit/1967_04_15.jpg",https://www.newyorker.com/magazine/1967/04/15,covers/1967/1967-04-15.jpg,606532,ok
1967-04-22,1967,"The New Yorker April 22, 1967",,"https://media.newyorker.com/photos/59094fc16552fa0be682b71b/master/w_1600,c_limit/1967_04_22.jpg",https://www.newyorker.com/magazine/1967/04/22,covers/1967/1967-04-22.jpg,709239,ok
1967-04-29,1967,"The New Yorker April 29, 1967",,"https://media.newyorker.com/photos/59094fc2019dfc3494e9d437/master/w_1600,c_limit/1967_04_29.jpg",https://www.newyorker.com/magazine/1967/04/29,covers/1967/1967-04-29.jpg,476498,ok
1967-05-06,1967,"The New Yorker May 6, 1967",,"https://media.newyorker.com/photos/59094fc2c14b3c606c103296/master/w_1600,c_limit/1967_05_06.jpg",https://www.newyorker.com/magazine/1967/05/06,covers/1967/1967-05-06.jpg,508705,ok
1967-05-13,1967,"The New Yorker May 13, 1967",,"https://media.newyorker.com/photos/59094fc36552fa0be682b71f/master/w_1600,c_limit/1967_05_13.jpg",https://www.newyorker.com/magazine/1967/05/13,covers/1967/1967-05-13.jpg,356875,ok
1967-05-20,1967,"The New Yorker May 20, 1967",,"https://media.newyorker.com/photos/59094fc0ebe912338a37226a/master/w_1600,c_limit/1967_05_20.jpg",https://www.newyorker.com/magazine/1967/05/20,covers/1967/1967-05-20.jpg,785323,ok
1967-05-27,1967,"The New Yorker May 27, 1967",,"https://media.newyorker.com/photos/59094fc1019dfc3494e9d433/master/w_1600,c_limit/1967_05_27.jpg",https://www.newyorker.com/magazine/1967/05/27,covers/1967/1967-05-27.jpg,1110555,ok
1967-06-03,1967,"The New Yorker June 3, 1967",,"https://media.newyorker.com/photos/59094fc1019dfc3494e9d435/master/w_1600,c_limit/1967_06_03.jpg",https://www.newyorker.com/magazine/1967/06/03,covers/1967/1967-06-03.jpg,387784,ok
1967-06-10,1967,"The New Yorker June 10, 1967",,"https://media.newyorker.com/photos/59094fc2c14b3c606c103294/master/w_1600,c_limit/1967_06_10.jpg",https://www.newyorker.com/magazine/1967/06/10,covers/1967/1967-06-10.jpg,597041,ok
1967-06-17,1967,"The New Yorker June 17, 1967",,"https://media.newyorker.com/photos/59094fc3c14b3c606c103298/master/w_1600,c_limit/1967_06_17.jpg",https://www.newyorker.com/magazine/1967/06/17,covers/1967/1967-06-17.jpg,410248,ok
1967-06-24,1967,"The New Yorker June 24, 1967",,"https://media.newyorker.com/photos/59094fc41c7a8e33fb389d54/master/w_1600,c_limit/1967_06_24.jpg",https://www.newyorker.com/magazine/1967/06/24,covers/1967/1967-06-24.jpg,454330,ok
1967-07-01,1967,"The New Yorker July 1, 1967",,"https://media.newyorker.com/photos/59094fc4ebe912338a372270/master/w_1600,c_limit/1967_07_01.jpg",https://www.newyorker.com/magazine/1967/07/01,covers/1967/1967-07-01.jpg,443099,ok
1967-07-08,1967,"The New Yorker July 8, 1967",,"https://media.newyorker.com/photos/59094fc5c14b3c606c10329c/master/w_1600,c_limit/1967_07_08.jpg",https://www.newyorker.com/magazine/1967/07/08,covers/1967/1967-07-08.jpg,571853,ok
1967-07-15,1967,"The New Yorker July 15, 1967",,"https://media.newyorker.com/photos/59094fc66552fa0be682b721/master/w_1600,c_limit/1967_07_15.jpg",https://www.newyorker.com/magazine/1967/07/15,covers/1967/1967-07-15.jpg,593287,ok
1967-07-22,1967,"The New Yorker July 22, 1967",,"https://media.newyorker.com/photos/59094fc62179605b11ad2a1e/master/w_1600,c_limit/1967_07_22.jpg",https://www.newyorker.com/magazine/1967/07/22,covers/1967/1967-07-22.jpg,412129,ok
1967-07-29,1967,"The New Yorker July 29, 1967",,"https://media.newyorker.com/photos/59094fc1ebe912338a37226c/master/w_1600,c_limit/1967_07_29.jpg",https://www.newyorker.com/magazine/1967/07/29,covers/1967/1967-07-29.jpg,652045,ok
1967-08-05,1967,"The New Yorker August 5, 1967",,"https://media.newyorker.com/photos/59094fc1c14b3c606c103290/master/w_1600,c_limit/1967_08_05.jpg",https://www.newyorker.com/magazine/1967/08/05,covers/1967/1967-08-05.jpg,527471,ok
1967-08-12,1967,"The New Yorker August 12, 1967",,"https://media.newyorker.com/photos/59094fc22179605b11ad2a0c/master/w_1600,c_limit/1967_08_12.jpg",https://www.newyorker.com/magazine/1967/08/12,covers/1967/1967-08-12.jpg,637030,ok
1967-08-19,1967,"The New Yorker August 19, 1967",,"https://media.newyorker.com/photos/59094fc32179605b11ad2a0f/master/w_1600,c_limit/1967_08_19.jpg",https://www.newyorker.com/magazine/1967/08/19,covers/1967/1967-08-19.jpg,618441,ok
1967-08-26,1967,"The New Yorker August 26, 1967",,"https://media.newyorker.com/photos/59094fc32179605b11ad2a12/master/w_1600,c_limit/1967_08_26.jpg",https://www.newyorker.com/magazine/1967/08/26,covers/1967/1967-08-26.jpg,231467,ok
1967-09-02,1967,"The New Yorker September 2, 1967",,"https://media.newyorker.com/photos/59094fc42179605b11ad2a15/master/w_1600,c_limit/1967_09_02.jpg",https://www.newyorker.com/magazine/1967/09/02,covers/1967/1967-09-02.jpg,646196,ok
1967-09-09,1967,"The New Yorker September 9, 1967",,"https://media.newyorker.com/photos/59094fc5ebe912338a372272/master/w_1600,c_limit/1967_09_09.jpg",https://www.newyorker.com/magazine/1967/09/09,covers/1967/1967-09-09.jpg,686557,ok
1967-09-16,1967,"The New Yorker September 16, 1967",,"https://media.newyorker.com/photos/59094fc52179605b11ad2a1b/master/w_1600,c_limit/1967_09_16.jpg",https://www.newyorker.com/magazine/1967/09/16,covers/1967/1967-09-16.jpg,543111,ok
1967-09-23,1967,"The New Yorker September 23, 1967",,"https://media.newyorker.com/photos/59094fc61c7a8e33fb389d5a/master/w_1600,c_limit/1967_09_23.jpg",https://www.newyorker.com/magazine/1967/09/23,covers/1967/1967-09-23.jpg,726478,ok
1967-09-30,1967,"The New Yorker September 30, 1967",,"https://media.newyorker.com/photos/59094fc72179605b11ad2a20/master/w_1600,c_limit/1967_09_30.jpg",https://www.newyorker.com/magazine/1967/09/30,covers/1967/1967-09-30.jpg,663734,ok
1967-10-07,1967,"The New Yorker October 7, 1967",,"https://media.newyorker.com/photos/59094fc51c7a8e33fb389d56/master/w_1600,c_limit/1967_10_07.jpg",https://www.newyorker.com/magazine/1967/10/07,covers/1967/1967-10-07.jpg,723334,ok
1967-10-14,1967,"The New Yorker October 14, 1967",,"https://media.newyorker.com/photos/59094fc51c7a8e33fb389d58/master/w_1600,c_limit/1967_10_14.jpg",https://www.newyorker.com/magazine/1967/10/14,covers/1967/1967-10-14.jpg,633311,ok
1967-10-21,1967,"The New Yorker October 21, 1967",,"https://media.newyorker.com/photos/59094fc66552fa0be682b723/master/w_1600,c_limit/1967_10_21.jpg",https://www.newyorker.com/magazine/1967/10/21,covers/1967/1967-10-21.jpg,688818,ok
1967-10-28,1967,"The New Yorker October 28, 1967",,"https://media.newyorker.com/photos/59094fc76552fa0be682b725/master/w_1600,c_limit/1967_10_28.jpg",https://www.newyorker.com/magazine/1967/10/28,covers/1967/1967-10-28.jpg,682083,ok
1967-11-04,1967,"The New Yorker November 4, 1967",,"https://media.newyorker.com/photos/59094fc71c7a8e33fb389d5c/master/w_1600,c_limit/1967_11_04.jpg",https://www.newyorker.com/magazine/1967/11/04,covers/1967/1967-11-04.jpg,602341,ok
1967-11-11,1967,"The New Yorker November 11, 1967",,"https://media.newyorker.com/photos/59094fc8019dfc3494e9d43b/master/w_1600,c_limit/1967_11_11.jpg",https://www.newyorker.com/magazine/1967/11/11,covers/1967/1967-11-11.jpg,496743,ok
1967-11-18,1967,"The New Yorker November 18, 1967",,"https://media.newyorker.com/photos/59094fc9c14b3c606c1032a2/master/w_1600,c_limit/1967_11_18.jpg",https://www.newyorker.com/magazine/1967/11/18,covers/1967/1967-11-18.jpg,736148,ok
1967-11-25,1967,"The New Yorker November 25, 1967",,"https://media.newyorker.com/photos/59094fc96552fa0be682b72f/master/w_1600,c_limit/1967_11_25.jpg",https://www.newyorker.com/magazine/1967/11/25,covers/1967/1967-11-25.jpg,626375,ok
1967-12-02,1967,"The New Yorker December 2, 1967",,"https://media.newyorker.com/photos/59094fca1c7a8e33fb389d62/master/w_1600,c_limit/1967_12_02.jpg",https://www.newyorker.com/magazine/1967/12/02,covers/1967/1967-12-02.jpg,543837,ok
1967-12-09,1967,"The New Yorker December 9, 1967",,"https://media.newyorker.com/photos/59094fcb019dfc3494e9d441/master/w_1600,c_limit/1967_12_09.jpg",https://www.newyorker.com/magazine/1967/12/09,covers/1967/1967-12-09.jpg,1094547,ok
1967-12-16,1967,"The New Yorker December 16, 1967",,"https://media.newyorker.com/photos/59094fc5c14b3c606c10329a/master/w_1600,c_limit/1967_12_16.jpg",https://www.newyorker.com/magazine/1967/12/16,covers/1967/1967-12-16.jpg,677735,ok
1967-12-23,1967,"The New Yorker December 23, 1967",,"https://media.newyorker.com/photos/59094fc52179605b11ad2a1c/master/w_1600,c_limit/1967_12_23.jpg",https://www.newyorker.com/magazine/1967/12/23,covers/1967/1967-12-23.jpg,636401,ok
1967-12-30,1967,"The New Yorker December 30, 1967",,"https://media.newyorker.com/photos/59094fc6c14b3c606c10329e/master/w_1600,c_limit/1967_12_30.jpg",https://www.newyorker.com/magazine/1967/12/30,covers/1967/1967-12-30.jpg,551884,ok
1968-01-06,1968,"The New Yorker January 6, 1968",,"https://media.newyorker.com/photos/59094fc7c14b3c606c1032a0/master/w_1600,c_limit/1968_01_06.jpg",https://www.newyorker.com/magazine/1968/01/06,covers/1968/1968-01-06.jpg,342801,ok
1968-01-13,1968,"The New Yorker January 13, 1968",,"https://media.newyorker.com/photos/59094fc76552fa0be682b727/master/w_1600,c_limit/1968_01_13.jpg",https://www.newyorker.com/magazine/1968/01/13,covers/1968/1968-01-13.jpg,535281,ok
1968-01-20,1968,"The New Yorker January 20, 1968",,"https://media.newyorker.com/photos/59094fc82179605b11ad2a22/master/w_1600,c_limit/1968_01_20.jpg",https://www.newyorker.com/magazine/1968/01/20,covers/1968/1968-01-20.jpg,488919,ok
1968-01-27,1968,"The New Yorker January 27, 1968",,"https://media.newyorker.com/photos/59094fc96552fa0be682b72d/master/w_1600,c_limit/1968_01_27.jpg",https://www.newyorker.com/magazine/1968/01/27,covers/1968/1968-01-27.jpg,618740,ok
1968-02-03,1968,"The New Yorker February 3, 1968",,"https://media.newyorker.com/photos/59094fc9ebe912338a372278/master/w_1600,c_limit/1968_02_03.jpg",https://www.newyorker.com/magazine/1968/02/03,covers/1968/1968-02-03.jpg,664912,ok
1968-02-10,1968,"The New Yorker February 10, 1968",,"https://media.newyorker.com/photos/59094fca2179605b11ad2a26/master/w_1600,c_limit/1968_02_10.jpg",https://www.newyorker.com/magazine/1968/02/10,covers/1968/1968-02-10.jpg,899579,ok
1968-02-17,1968,"The New Yorker February 17, 1968",,"https://media.newyorker.com/photos/59094fcb019dfc3494e9d440/master/w_1600,c_limit/1968_02_17.jpg",https://www.newyorker.com/magazine/1968/02/17,covers/1968/1968-02-17.jpg,331746,ok
1968-02-24,1968,"The New Yorker February 24, 1968",,"https://media.newyorker.com/photos/59094fc6019dfc3494e9d439/master/w_1600,c_limit/1968_02_24.jpg",https://www.newyorker.com/magazine/1968/02/24,covers/1968/1968-02-24.jpg,369704,ok
1968-03-02,1968,"The New Yorker March 2, 1968",,"https://media.newyorker.com/photos/59094fc7ebe912338a372274/master/w_1600,c_limit/1968_03_02.jpg",https://www.newyorker.com/magazine/1968/03/02,covers/1968/1968-03-02.jpg,698480,ok
1968-03-09,1968,"The New Yorker March 9, 1968",,"https://media.newyorker.com/photos/59094fc8ebe912338a372276/master/w_1600,c_limit/1968_03_09.jpg",https://www.newyorker.com/magazine/1968/03/09,covers/1968/1968-03-09.jpg,635635,ok
1968-03-16,1968,"The New Yorker March 16, 1968",,"https://media.newyorker.com/photos/59094fc86552fa0be682b72b/master/w_1600,c_limit/1968_03_16.jpg",https://www.newyorker.com/magazine/1968/03/16,covers/1968/1968-03-16.jpg,882358,ok
1968-03-23,1968,"The New Yorker March 23, 1968",,"https://media.newyorker.com/photos/59094fc91c7a8e33fb389d60/master/w_1600,c_limit/1968_03_23.jpg",https://www.newyorker.com/magazine/1968/03/23,covers/1968/1968-03-23.jpg,178312,ok
1968-03-30,1968,"The New Yorker March 30, 1968",,"https://media.newyorker.com/photos/59094fcaebe912338a37227a/master/w_1600,c_limit/1968_03_30.jpg",https://www.newyorker.com/magazine/1968/03/30,covers/1968/1968-03-30.jpg,599965,ok
1968-04-06,1968,"The New Yorker April 6, 1968",,"https://media.newyorker.com/photos/59094fcaebe912338a37227c/master/w_1600,c_limit/1968_04_06.jpg",https://www.newyorker.com/magazine/1968/04/06,covers/1968/1968-04-06.jpg,422214,ok
1968-04-13,1968,"The New Yorker April 13, 1968",,"https://media.newyorker.com/photos/59094fcbc14b3c606c1032a6/master/w_1600,c_limit/1968_04_13.jpg",https://www.newyorker.com/magazine/1968/04/13,covers/1968/1968-04-13.jpg,872080,ok
1968-04-20,1968,"The New Yorker April 20, 1968",,"https://media.newyorker.com/photos/59094fcc2179605b11ad2a29/master/w_1600,c_limit/1968_04_20.jpg",https://www.newyorker.com/magazine/1968/04/20,covers/1968/1968-04-20.jpg,564820,ok
1968-04-27,1968,"The New Yorker April 27, 1968",,"https://media.newyorker.com/photos/59094fcd2179605b11ad2a2e/master/w_1600,c_limit/1968_04_27.jpg",https://www.newyorker.com/magazine/1968/04/27,covers/1968/1968-04-27.jpg,668081,ok
1968-05-04,1968,"The New Yorker May 4, 1968",,"https://media.newyorker.com/photos/59094fc81c7a8e33fb389d5e/master/w_1600,c_limit/1968_05_04.jpg",https://www.newyorker.com/magazine/1968/05/04,covers/1968/1968-05-04.jpg,318550,ok
1968-05-11,1968,"The New Yorker May 11, 1968",,"https://media.newyorker.com/photos/59094fca019dfc3494e9d43d/master/w_1600,c_limit/1968_05_11.jpg",https://www.newyorker.com/magazine/1968/05/11,covers/1968/1968-05-11.jpg,725974,ok
1968-05-18,1968,"The New Yorker May 18, 1968",,"https://media.newyorker.com/photos/594720dc4cc7e54618909883/master/w_1600,c_limit/1968_05_18.jpg",https://www.newyorker.com/magazine/1968/05/18,covers/1968/1968-05-18.jpg,616288,ok
1968-05-25,1968,"The New Yorker May 25, 1968",,"https://media.newyorker.com/photos/59094fcb6552fa0be682b733/master/w_1600,c_limit/1968_05_25.jpg",https://www.newyorker.com/magazine/1968/05/25,covers/1968/1968-05-25.jpg,576746,ok
1968-06-01,1968,"The New Yorker June 1, 1968",,"https://media.newyorker.com/photos/59094fcc6552fa0be682b735/master/w_1600,c_limit/1968_06_01.jpg",https://www.newyorker.com/magazine/1968/06/01,covers/1968/1968-06-01.jpg,697996,ok
1968-06-08,1968,"The New Yorker June 8, 1968",,"https://media.newyorker.com/photos/59094fccebe912338a37227e/master/w_1600,c_limit/1968_06_08.jpg",https://www.newyorker.com/magazine/1968/06/08,covers/1968/1968-06-08.jpg,575253,ok
1968-06-15,1968,"The New Yorker June 15, 1968",,"https://media.newyorker.com/photos/59094fcdebe912338a372280/master/w_1600,c_limit/1968_06_15.jpg",https://www.newyorker.com/magazine/1968/06/15,covers/1968/1968-06-15.jpg,489913,ok
1968-06-22,1968,"The New Yorker June 22, 1968",,"https://media.newyorker.com/photos/59094fce1c7a8e33fb389d66/master/w_1600,c_limit/1968_06_22.jpg",https://www.newyorker.com/magazine/1968/06/22,covers/1968/1968-06-22.jpg,771523,ok
1968-06-29,1968,"The New Yorker June 29, 1968",,"https://media.newyorker.com/photos/59094fcec14b3c606c1032ae/master/w_1600,c_limit/1968_06_29.jpg",https://www.newyorker.com/magazine/1968/06/29,covers/1968/1968-06-29.jpg,608265,ok
1968-07-06,1968,"The New Yorker July 6, 1968",,"https://media.newyorker.com/photos/59094fcf2179605b11ad2a31/master/w_1600,c_limit/1968_07_06.jpg",https://www.newyorker.com/magazine/1968/07/06,covers/1968/1968-07-06.jpg,709177,ok
1968-07-13,1968,"The New Yorker July 13, 1968",,"https://media.newyorker.com/photos/59094fc86552fa0be682b72a/master/w_1600,c_limit/1968_07_13.jpg",https://www.newyorker.com/magazine/1968/07/13,covers/1968/1968-07-13.jpg,413471,ok
1968-07-20,1968,"The New Yorker July 20, 1968",,"https://media.newyorker.com/photos/59094fc92179605b11ad2a24/master/w_1600,c_limit/1968_07_20.jpg",https://www.newyorker.com/magazine/1968/07/20,covers/1968/1968-07-20.jpg,488634,ok
1968-07-27,1968,"The New Yorker July 27, 1968",,"https://media.newyorker.com/photos/59094fcbc14b3c606c1032a4/master/w_1600,c_limit/1968_07_27.jpg",https://www.newyorker.com/magazine/1968/07/27,covers/1968/1968-07-27.jpg,753108,ok
1968-08-03,1968,"The New Yorker August 3, 1968",,"https://media.newyorker.com/photos/59094fcb019dfc3494e9d443/master/w_1600,c_limit/1968_08_03.jpg",https://www.newyorker.com/magazine/1968/08/03,covers/1968/1968-08-03.jpg,490610,ok
1968-08-10,1968,"The New Yorker August 10, 1968",,"https://media.newyorker.com/photos/59094fcc2179605b11ad2a2a/master/w_1600,c_limit/1968_08_10.jpg",https://www.newyorker.com/magazine/1968/08/10,covers/1968/1968-08-10.jpg,637635,ok
1968-08-17,1968,"The New Yorker August 17, 1968",,"https://media.newyorker.com/photos/59094fcd019dfc3494e9d445/master/w_1600,c_limit/1968_08_17.jpg",https://www.newyorker.com/magazine/1968/08/17,covers/1968/1968-08-17.jpg,572861,ok
1968-08-24,1968,"The New Yorker August 24, 1968",,"https://media.newyorker.com/photos/59094fceebe912338a372282/master/w_1600,c_limit/1968_08_24.jpg",https://www.newyorker.com/magazine/1968/08/24,covers/1968/1968-08-24.jpg,456944,ok
1968-08-31,1968,"The New Yorker August 31, 1968",,"https://media.newyorker.com/photos/59094fce019dfc3494e9d449/master/w_1600,c_limit/1968_08_31.jpg",https://www.newyorker.com/magazine/1968/08/31,covers/1968/1968-08-31.jpg,450223,ok
1968-09-07,1968,"The New Yorker September 7, 1968",,"https://media.newyorker.com/photos/59094fcf019dfc3494e9d44b/master/w_1600,c_limit/1968_09_07.jpg",https://www.newyorker.com/magazine/1968/09/07,covers/1968/1968-09-07.jpg,800804,ok
1968-09-14,1968,"The New Yorker September 14, 1968",,"https://media.newyorker.com/photos/59094fcf1c7a8e33fb389d68/master/w_1600,c_limit/1968_09_14.jpg",https://www.newyorker.com/magazine/1968/09/14,covers/1968/1968-09-14.jpg,505120,ok
1968-09-21,1968,"The New Yorker September 21, 1968",,"https://media.newyorker.com/photos/59094fccc14b3c606c1032a8/master/w_1600,c_limit/1968_09_21.jpg",https://www.newyorker.com/magazine/1968/09/21,covers/1968/1968-09-21.jpg,814745,ok
1968-09-28,1968,"The New Yorker September 28, 1968",,"https://media.newyorker.com/photos/59094fcd2179605b11ad2a2d/master/w_1600,c_limit/1968_09_28.jpg",https://www.newyorker.com/magazine/1968/09/28,covers/1968/1968-09-28.jpg,546583,ok
1968-10-05,1968,"The New Yorker October 5, 1968",,"https://media.newyorker.com/photos/59094fcd6552fa0be682b737/master/w_1600,c_limit/1968_10_05.jpg",https://www.newyorker.com/magazine/1968/10/05,covers/1968/1968-10-05.jpg,618012,ok
1968-10-12,1968,"The New Yorker October 12, 1968",,"https://media.newyorker.com/photos/59094fce019dfc3494e9d448/master/w_1600,c_limit/1968_10_12.jpg",https://www.newyorker.com/magazine/1968/10/12,covers/1968/1968-10-12.jpg,576347,ok
1968-10-19,1968,"The New Yorker October 19, 1968",,"https://media.newyorker.com/photos/59094fcf2179605b11ad2a32/master/w_1600,c_limit/1968_10_19.jpg",https://www.newyorker.com/magazine/1968/10/19,covers/1968/1968-10-19.jpg,754922,ok
1968-10-26,1968,"The New Yorker October 26, 1968",,"https://media.newyorker.com/photos/59094fd06552fa0be682b73d/master/w_1600,c_limit/1968_10_26.jpg",https://www.newyorker.com/magazine/1968/10/26,covers/1968/1968-10-26.jpg,595959,ok
1968-11-02,1968,"The New Yorker November 2, 1968",,"https://media.newyorker.com/photos/59094fd01c7a8e33fb389d6a/master/w_1600,c_limit/1968_11_02.jpg",https://www.newyorker.com/magazine/1968/11/02,covers/1968/1968-11-02.jpg,365098,ok
1968-11-09,1968,"The New Yorker November 9, 1968",,"https://media.newyorker.com/photos/59094fd1ebe912338a372286/master/w_1600,c_limit/1968_11_09.jpg",https://www.newyorker.com/magazine/1968/11/09,covers/1968/1968-11-09.jpg,544521,ok
1968-11-16,1968,"The New Yorker November 16, 1968",,"https://media.newyorker.com/photos/59094fd2c14b3c606c1032b6/master/w_1600,c_limit/1968_11_16.jpg",https://www.newyorker.com/magazine/1968/11/16,covers/1968/1968-11-16.jpg,708544,ok
1968-11-23,1968,"The New Yorker November 23, 1968",,"https://media.newyorker.com/photos/59094fd2019dfc3494e9d455/master/w_1600,c_limit/1968_11_23.jpg",https://www.newyorker.com/magazine/1968/11/23,covers/1968/1968-11-23.jpg,698647,ok
1968-11-30,1968,"The New Yorker November 30, 1968",,"https://media.newyorker.com/photos/59094fcd1c7a8e33fb389d64/master/w_1600,c_limit/1968_11_30.jpg",https://www.newyorker.com/magazine/1968/11/30,covers/1968/1968-11-30.jpg,494353,ok
1968-12-07,1968,"The New Yorker December 7, 1968",,"https://media.newyorker.com/photos/59094fcdc14b3c606c1032aa/master/w_1600,c_limit/1968_12_07.jpg",https://www.newyorker.com/magazine/1968/12/07,covers/1968/1968-12-07.jpg,602495,ok
1968-12-14,1968,"The New Yorker December 14, 1968",,"https://media.newyorker.com/photos/59094fcec14b3c606c1032ac/master/w_1600,c_limit/1968_12_14.jpg",https://www.newyorker.com/magazine/1968/12/14,covers/1968/1968-12-14.jpg,640936,ok
1968-12-21,1968,"The New Yorker December 21, 1968",,"https://media.newyorker.com/photos/59094fcf6552fa0be682b73a/master/w_1600,c_limit/1968_12_21.jpg",https://www.newyorker.com/magazine/1968/12/21,covers/1968/1968-12-21.jpg,695571,ok
1968-12-28,1968,"The New Yorker December 28, 1968",,"https://media.newyorker.com/photos/59094fcfebe912338a372284/master/w_1600,c_limit/1968_12_28.jpg",https://www.newyorker.com/magazine/1968/12/28,covers/1968/1968-12-28.jpg,245913,ok
1969-01-04,1969,"The New Yorker January 4, 1969",,"https://media.newyorker.com/photos/59094fd0c14b3c606c1032b1/master/w_1600,c_limit/1969_01_04.jpg",https://www.newyorker.com/magazine/1969/01/04,covers/1969/1969-01-04.jpg,402279,ok
1969-01-11,1969,"The New Yorker January 11, 1969",,"https://media.newyorker.com/photos/59094fd12179605b11ad2a34/master/w_1600,c_limit/1969_01_11.jpg",https://www.newyorker.com/magazine/1969/01/11,covers/1969/1969-01-11.jpg,393603,ok
1969-01-18,1969,"The New Yorker January 18, 1969",,"https://media.newyorker.com/photos/59094fd11c7a8e33fb389d6c/master/w_1600,c_limit/1969_01_18.jpg",https://www.newyorker.com/magazine/1969/01/18,covers/1969/1969-01-18.jpg,570183,ok
1969-01-25,1969,"The New Yorker January 25, 1969",,"https://media.newyorker.com/photos/59094fd21c7a8e33fb389d6e/master/w_1600,c_limit/1969_01_25.jpg",https://www.newyorker.com/magazine/1969/01/25,covers/1969/1969-01-25.jpg,837766,ok
1969-02-01,1969,"The New Yorker February 1, 1969",,"https://media.newyorker.com/photos/59094fd36552fa0be682b743/master/w_1600,c_limit/1969_02_01.jpg",https://www.newyorker.com/magazine/1969/02/01,covers/1969/1969-02-01.jpg,726998,ok
1969-02-08,1969,"The New Yorker February 8, 1969",,"https://media.newyorker.com/photos/59094fcf6552fa0be682b73b/master/w_1600,c_limit/1969_02_08.jpg",https://www.newyorker.com/magazine/1969/02/08,covers/1969/1969-02-08.jpg,483469,ok
1969-02-15,1969,"The New Yorker February 15, 1969",,"https://media.newyorker.com/photos/59094fd0c14b3c606c1032b2/master/w_1600,c_limit/1969_02_15.jpg",https://www.newyorker.com/magazine/1969/02/15,covers/1969/1969-02-15.jpg,339873,ok
1969-02-22,1969,"The New Yorker February 22, 1969",,"https://media.newyorker.com/photos/59094fd1019dfc3494e9d44f/master/w_1600,c_limit/1969_02_22.jpg",https://www.newyorker.com/magazine/1969/02/22,covers/1969/1969-02-22.jpg,353463,ok
1969-03-01,1969,"The New Yorker March 1, 1969",,"https://media.newyorker.com/photos/59094fd16552fa0be682b73f/master/w_1600,c_limit/1969_03_01.jpg",https://www.newyorker.com/magazine/1969/03/01,covers/1969/1969-03-01.jpg,738437,ok
1969-03-08,1969,"The New Yorker March 8, 1969",,"https://media.newyorker.com/photos/59094fd2019dfc3494e9d453/master/w_1600,c_limit/1969_03_08.jpg",https://www.newyorker.com/magazine/1969/03/08,covers/1969/1969-03-08.jpg,438474,ok
1969-03-15,1969,"The New Yorker March 15, 1969",,"https://media.newyorker.com/photos/59094fd32179605b11ad2a36/master/w_1600,c_limit/1969_03_15.jpg",https://www.newyorker.com/magazine/1969/03/15,covers/1969/1969-03-15.jpg,595770,ok
1969-03-22,1969,"The New Yorker March 22, 1969",,"https://media.newyorker.com/photos/59094fd36552fa0be682b746/master/w_1600,c_limit/1969_03_22.jpg",https://www.newyorker.com/magazine/1969/03/22,covers/1969/1969-03-22.jpg,534183,ok
1969-03-29,1969,"The New Yorker March 29, 1969",,"https://media.newyorker.com/photos/59094fd4019dfc3494e9d459/master/w_1600,c_limit/1969_03_29.jpg",https://www.newyorker.com/magazine/1969/03/29,covers/1969/1969-03-29.jpg,807549,ok
1969-04-05,1969,"The New Yorker April 5, 1969",,"https://media.newyorker.com/photos/59094fd56552fa0be682b74b/master/w_1600,c_limit/1969_04_05.jpg",https://www.newyorker.com/magazine/1969/04/05,covers/1969/1969-04-05.jpg,266962,ok
1969-04-12,1969,"The New Yorker April 12, 1969",,"https://media.newyorker.com/photos/59094fd66552fa0be682b74f/master/w_1600,c_limit/1969_04_12.jpg",https://www.newyorker.com/magazine/1969/04/12,covers/1969/1969-04-12.jpg,833020,ok
1969-04-19,1969,"The New Yorker April 19, 1969",,"https://media.newyorker.com/photos/59094fd1019dfc3494e9d44e/master/w_1600,c_limit/1969_04_19.jpg",https://www.newyorker.com/magazine/1969/04/19,covers/1969/1969-04-19.jpg,670410,ok
1969-04-26,1969,"The New Yorker April 26, 1969",,"https://media.newyorker.com/photos/59094fd1019dfc3494e9d451/master/w_1600,c_limit/1969_04_26.jpg",https://www.newyorker.com/magazine/1969/04/26,covers/1969/1969-04-26.jpg,212627,ok
1969-05-03,1969,"The New Yorker May 3, 1969",,"https://media.newyorker.com/photos/59094fd26552fa0be682b741/master/w_1600,c_limit/1969_05_03.jpg",https://www.newyorker.com/magazine/1969/05/03,covers/1969/1969-05-03.jpg,728075,ok
1969-05-10,1969,"The New Yorker May 10, 1969",,"https://media.newyorker.com/photos/59094fd3ebe912338a37228c/master/w_1600,c_limit/1969_05_10.jpg",https://www.newyorker.com/magazine/1969/05/10,covers/1969/1969-05-10.jpg,250582,ok
1969-05-17,1969,"The New Yorker May 17, 1969",,"https://media.newyorker.com/photos/59094fd46552fa0be682b747/master/w_1600,c_limit/1969_05_17.jpg",https://www.newyorker.com/magazine/1969/05/17,covers/1969/1969-05-17.jpg,704890,ok
1969-05-24,1969,"The New Yorker May 24, 1969",,"https://media.newyorker.com/photos/59094fd41c7a8e33fb389d74/master/w_1600,c_limit/1969_05_24.jpg",https://www.newyorker.com/magazine/1969/05/24,covers/1969/1969-05-24.jpg,385038,ok
1969-05-31,1969,"The New Yorker May 31, 1969",,"https://media.newyorker.com/photos/59094fd5019dfc3494e9d45d/master/w_1600,c_limit/1969_05_31.jpg",https://www.newyorker.com/magazine/1969/05/31,covers/1969/1969-05-31.jpg,451299,ok
1969-06-07,1969,"The New Yorker June 7, 1969",,"https://media.newyorker.com/photos/59094fd51c7a8e33fb389d76/master/w_1600,c_limit/1969_06_07.jpg",https://www.newyorker.com/magazine/1969/06/07,covers/1969/1969-06-07.jpg,510608,ok
1969-06-14,1969,"The New Yorker June 14, 1969",,"https://media.newyorker.com/photos/59094fd61c7a8e33fb389d78/master/w_1600,c_limit/1969_06_14.jpg",https://www.newyorker.com/magazine/1969/06/14,covers/1969/1969-06-14.jpg,559022,ok
1969-06-21,1969,"The New Yorker June 21, 1969",,"https://media.newyorker.com/photos/59094fd72179605b11ad2a3c/master/w_1600,c_limit/1969_06_21.jpg",https://www.newyorker.com/magazine/1969/06/21,covers/1969/1969-06-21.jpg,491840,ok
1969-06-28,1969,"The New Yorker June 28, 1969",,"https://media.newyorker.com/photos/59094fd1c14b3c606c1032b4/master/w_1600,c_limit/1969_06_28.jpg",https://www.newyorker.com/magazine/1969/06/28,covers/1969/1969-06-28.jpg,554163,ok
1969-07-05,1969,"The New Yorker July 5, 1969",,"https://media.newyorker.com/photos/59094fd2ebe912338a372288/master/w_1600,c_limit/1969_07_05.jpg",https://www.newyorker.com/magazine/1969/07/05,covers/1969/1969-07-05.jpg,430820,ok
1969-07-12,1969,"The New Yorker July 12, 1969",,"https://media.newyorker.com/photos/59094fd2ebe912338a37228a/master/w_1600,c_limit/1969_07_12.jpg",https://www.newyorker.com/magazine/1969/07/12,covers/1969/1969-07-12.jpg,583692,ok
1969-07-19,1969,"The New Yorker July 19, 1969",,"https://media.newyorker.com/photos/59094fd31c7a8e33fb389d70/master/w_1600,c_limit/1969_07_19.jpg",https://www.newyorker.com/magazine/1969/07/19,covers/1969/1969-07-19.jpg,437082,ok
1969-07-26,1969,"The New Yorker July 26, 1969",,"https://media.newyorker.com/photos/59094fd4019dfc3494e9d457/master/w_1600,c_limit/1969_07_26.jpg",https://www.newyorker.com/magazine/1969/07/26,covers/1969/1969-07-26.jpg,759234,ok
1969-08-02,1969,"The New Yorker August 2, 1969",,"https://media.newyorker.com/photos/59094fd5019dfc3494e9d45b/master/w_1600,c_limit/1969_08_02.jpg",https://www.newyorker.com/magazine/1969/08/02,covers/1969/1969-08-02.jpg,702771,ok
1969-08-09,1969,"The New Yorker August 9, 1969",,"https://media.newyorker.com/photos/59094fd56552fa0be682b74d/master/w_1600,c_limit/1969_08_09.jpg",https://www.newyorker.com/magazine/1969/08/09,covers/1969/1969-08-09.jpg,273201,ok
1969-08-16,1969,"The New Yorker August 16, 1969",,"https://media.newyorker.com/photos/59094fd6019dfc3494e9d45f/master/w_1600,c_limit/1969_08_16.jpg",https://www.newyorker.com/magazine/1969/08/16,covers/1969/1969-08-16.jpg,500834,ok
1969-08-23,1969,"The New Yorker August 23, 1969",,"https://media.newyorker.com/photos/59094fd7019dfc3494e9d461/master/w_1600,c_limit/1969_08_23.jpg",https://www.newyorker.com/magazine/1969/08/23,covers/1969/1969-08-23.jpg,442548,ok
1969-08-30,1969,"The New Yorker August 30, 1969",,"https://media.newyorker.com/photos/59094fd8c14b3c606c1032bc/master/w_1600,c_limit/1969_08_30.jpg",https://www.newyorker.com/magazine/1969/08/30,covers/1969/1969-08-30.jpg,588092,ok
1969-09-06,1969,"The New Yorker September 6, 1969",,"https://media.newyorker.com/photos/59094fd41c7a8e33fb389d72/master/w_1600,c_limit/1969_09_06.jpg",https://www.newyorker.com/magazine/1969/09/06,covers/1969/1969-09-06.jpg,315428,ok
1969-09-13,1969,"The New Yorker September 13, 1969",,"https://media.newyorker.com/photos/59094fd5ebe912338a37228e/master/w_1600,c_limit/1969_09_13.jpg",https://www.newyorker.com/magazine/1969/09/13,covers/1969/1969-09-13.jpg,345708,ok
1969-09-20,1969,"The New Yorker September 20, 1969",,"https://media.newyorker.com/photos/59094fd62179605b11ad2a38/master/w_1600,c_limit/1969_09_20.jpg",https://www.newyorker.com/magazine/1969/09/20,covers/1969/1969-09-20.jpg,471649,ok
1969-09-27,1969,"The New Yorker September 27, 1969",,"https://media.newyorker.com/photos/59094fd76552fa0be682b751/master/w_1600,c_limit/1969_09_27.jpg",https://www.newyorker.com/magazine/1969/09/27,covers/1969/1969-09-27.jpg,733732,ok
1969-10-04,1969,"The New Yorker October 4, 1969",,"https://media.newyorker.com/photos/59094fd82179605b11ad2a3f/master/w_1600,c_limit/1969_10_04.jpg",https://www.newyorker.com/magazine/1969/10/04,covers/1969/1969-10-04.jpg,571247,ok
1969-10-11,1969,"The New Yorker October 11, 1969",,"https://media.newyorker.com/photos/59094fd81c7a8e33fb389d7d/master/w_1600,c_limit/1969_10_11.jpg",https://www.newyorker.com/magazine/1969/10/11,covers/1969/1969-10-11.jpg,682020,ok
1969-10-18,1969,"The New Yorker October 18, 1969",,"https://media.newyorker.com/photos/59094fd91c7a8e33fb389d80/master/w_1600,c_limit/1969_10_18.jpg",https://www.newyorker.com/magazine/1969/10/18,covers/1969/1969-10-18.jpg,463456,ok
1969-10-25,1969,"The New Yorker October 25, 1969",,"https://media.newyorker.com/photos/59094fda2179605b11ad2a4a/master/w_1600,c_limit/1969_10_25.jpg",https://www.newyorker.com/magazine/1969/10/25,covers/1969/1969-10-25.jpg,659595,ok
1969-11-01,1969,"The New Yorker November 1, 1969",,"https://media.newyorker.com/photos/59094fdb2179605b11ad2a4c/master/w_1600,c_limit/1969_11_01.jpg",https://www.newyorker.com/magazine/1969/11/01,covers/1969/1969-11-01.jpg,494236,ok
1969-11-08,1969,"The New Yorker November 8, 1969",,"https://media.newyorker.com/photos/59094fdb1c7a8e33fb389d84/master/w_1600,c_limit/1969_11_08.jpg",https://www.newyorker.com/magazine/1969/11/08,covers/1969/1969-11-08.jpg,673779,ok
1969-11-15,1969,"The New Yorker November 15, 1969",,"https://media.newyorker.com/photos/59094fd56552fa0be682b749/master/w_1600,c_limit/1969_11_15.jpg",https://www.newyorker.com/magazine/1969/11/15,covers/1969/1969-11-15.jpg,664750,ok
1969-11-22,1969,"The New Yorker November 22, 1969",,"https://media.newyorker.com/photos/59094fd5c14b3c606c1032b8/master/w_1600,c_limit/1969_11_22.jpg",https://www.newyorker.com/magazine/1969/11/22,covers/1969/1969-11-22.jpg,602229,ok
1969-11-29,1969,"The New Yorker November 29, 1969",,"https://media.newyorker.com/photos/59094fd6c14b3c606c1032ba/master/w_1600,c_limit/1969_11_29.jpg",https://www.newyorker.com/magazine/1969/11/29,covers/1969/1969-11-29.jpg,471234,ok
1969-12-06,1969,"The New Yorker December 6, 1969",,"https://media.newyorker.com/photos/59094fd72179605b11ad2a3b/master/w_1600,c_limit/1969_12_06.jpg",https://www.newyorker.com/magazine/1969/12/06,covers/1969/1969-12-06.jpg,585528,ok
1969-12-13,1969,"The New Yorker December 13, 1969",,"https://media.newyorker.com/photos/59094fd82179605b11ad2a40/master/w_1600,c_limit/1969_12_13.jpg",https://www.newyorker.com/magazine/1969/12/13,covers/1969/1969-12-13.jpg,777151,ok
1969-12-20,1969,"The New Yorker December 20, 1969",,"https://media.newyorker.com/photos/59094fd91c7a8e33fb389d7e/master/w_1600,c_limit/1969_12_20.jpg",https://www.newyorker.com/magazine/1969/12/20,covers/1969/1969-12-20.jpg,695376,ok
1969-12-27,1969,"The New Yorker December 27, 1969",,"https://media.newyorker.com/photos/59094fd92179605b11ad2a45/master/w_1600,c_limit/1969_12_27.jpg",https://www.newyorker.com/magazine/1969/12/27,covers/1969/1969-12-27.jpg,562242,ok
1970-01-03,1970,"The New Yorker January 3, 1970",,"https://media.newyorker.com/photos/59094fdac14b3c606c1032c0/master/w_1600,c_limit/1970_01_03.jpg",https://www.newyorker.com/magazine/1970/01/03,covers/1970/1970-01-03.jpg,264689,ok
1970-01-10,1970,"The New Yorker January 10, 1970",,"https://media.newyorker.com/photos/59094fdb019dfc3494e9d467/master/w_1600,c_limit/1970_01_10.jpg",https://www.newyorker.com/magazine/1970/01/10,covers/1970/1970-01-10.jpg,338540,ok
1970-01-17,1970,"The New Yorker January 17, 1970",,"https://media.newyorker.com/photos/59094fdbc14b3c606c1032c3/master/w_1600,c_limit/1970_01_17.jpg",https://www.newyorker.com/magazine/1970/01/17,covers/1970/1970-01-17.jpg,679451,ok
1970-01-24,1970,"The New Yorker January 24, 1970",,"https://media.newyorker.com/photos/59094fd71c7a8e33fb389d7a/master/w_1600,c_limit/1970_01_24.jpg",https://www.newyorker.com/magazine/1970/01/24,covers/1970/1970-01-24.jpg,704965,ok
1970-01-31,1970,"The New Yorker January 31, 1970",,"https://media.newyorker.com/photos/59094fd8019dfc3494e9d463/master/w_1600,c_limit/1970_01_31.jpg",https://www.newyorker.com/magazine/1970/01/31,covers/1970/1970-01-31.jpg,415851,ok
1970-02-07,1970,"The New Yorker February 7, 1970",,"https://media.newyorker.com/photos/59094fd92179605b11ad2a42/master/w_1600,c_limit/1970_02_07.jpg",https://www.newyorker.com/magazine/1970/02/07,covers/1970/1970-02-07.jpg,710490,ok
1970-02-14,1970,"The New Yorker February 14, 1970",,"https://media.newyorker.com/photos/59094fd96552fa0be682b753/master/w_1600,c_limit/1970_02_14.jpg",https://www.newyorker.com/magazine/1970/02/14,covers/1970/1970-02-14.jpg,534265,ok
1970-02-21,1970,"The New Yorker February 21, 1970",,"https://media.newyorker.com/photos/59094fdac14b3c606c1032bf/master/w_1600,c_limit/1970_02_21.jpg",https://www.newyorker.com/magazine/1970/02/21,covers/1970/1970-02-21.jpg,375197,ok
1970-02-28,1970,"The New Yorker February 28, 1970",,"https://media.newyorker.com/photos/59094fda1c7a8e33fb389d82/master/w_1600,c_limit/1970_02_28.jpg",https://www.newyorker.com/magazine/1970/02/28,covers/1970/1970-02-28.jpg,192945,ok
1970-03-07,1970,"The New Yorker March 7, 1970",,"https://media.newyorker.com/photos/59094fdc019dfc3494e9d469/master/w_1600,c_limit/1970_03_07.jpg",https://www.newyorker.com/magazine/1970/03/07,covers/1970/1970-03-07.jpg,539417,ok
1970-03-14,1970,"The New Yorker March 14, 1970",,"https://media.newyorker.com/photos/59094fdcc14b3c606c1032c7/master/w_1600,c_limit/1970_03_14.jpg",https://www.newyorker.com/magazine/1970/03/14,covers/1970/1970-03-14.jpg,602273,ok
1970-03-21,1970,"The New Yorker March 21, 1970",,"https://media.newyorker.com/photos/59094fdd1c7a8e33fb389d88/master/w_1600,c_limit/1970_03_21.jpg",https://www.newyorker.com/magazine/1970/03/21,covers/1970/1970-03-21.jpg,621291,ok
1970-03-28,1970,"The New Yorker March 28, 1970",,"https://media.newyorker.com/photos/59094fde019dfc3494e9d46b/master/w_1600,c_limit/1970_03_28.jpg",https://www.newyorker.com/magazine/1970/03/28,covers/1970/1970-03-28.jpg,453116,ok
1970-04-04,1970,"The New Yorker April 4, 1970",,"https://media.newyorker.com/photos/59094fd9019dfc3494e9d465/master/w_1600,c_limit/1970_04_04.jpg",https://www.newyorker.com/magazine/1970/04/04,covers/1970/1970-04-04.jpg,555327,ok
1970-04-11,1970,"The New Yorker April 11, 1970",,"https://media.newyorker.com/photos/59094fd9ebe912338a372290/master/w_1600,c_limit/1970_04_11.jpg",https://www.newyorker.com/magazine/1970/04/11,covers/1970/1970-04-11.jpg,419075,ok
1970-04-18,1970,"The New Yorker April 18, 1970",,"https://media.newyorker.com/photos/59094fdaebe912338a372292/master/w_1600,c_limit/1970_04_18.jpg",https://www.newyorker.com/magazine/1970/04/18,covers/1970/1970-04-18.jpg,724176,ok
1970-04-25,1970,"The New Yorker April 25, 1970",,"https://media.newyorker.com/photos/59094fdb6552fa0be682b757/master/w_1600,c_limit/1970_04_25.jpg",https://www.newyorker.com/magazine/1970/04/25,covers/1970/1970-04-25.jpg,629857,ok
1970-05-02,1970,"The New Yorker May 2, 1970",,"https://media.newyorker.com/photos/59094fdc6552fa0be682b759/master/w_1600,c_limit/1970_05_02.jpg",https://www.newyorker.com/magazine/1970/05/02,covers/1970/1970-05-02.jpg,747424,ok
1970-05-09,1970,"The New Yorker May 9, 1970",,"https://media.newyorker.com/photos/59094fddc14b3c606c1032c8/master/w_1600,c_limit/1970_05_09.jpg",https://www.newyorker.com/magazine/1970/05/09,covers/1970/1970-05-09.jpg,720993,ok
1970-05-16,1970,"The New Yorker May 16, 1970",,"https://media.newyorker.com/photos/59094fdd1c7a8e33fb389d87/master/w_1600,c_limit/1970_05_16.jpg",https://www.newyorker.com/magazine/1970/05/16,covers/1970/1970-05-16.jpg,277612,ok
1970-05-23,1970,"The New Yorker May 23, 1970",,"https://media.newyorker.com/photos/59094fde2179605b11ad2a52/master/w_1600,c_limit/1970_05_23.jpg",https://www.newyorker.com/magazine/1970/05/23,covers/1970/1970-05-23.jpg,386737,ok
1970-05-30,1970,"The New Yorker May 30, 1970",,"https://media.newyorker.com/photos/59094fdf2179605b11ad2a54/master/w_1600,c_limit/1970_05_30.jpg",https://www.newyorker.com/magazine/1970/05/30,covers/1970/1970-05-30.jpg,620390,ok
1970-06-06,1970,"The New Yorker June 6, 1970",,"https://media.newyorker.com/photos/59094fdf2179605b11ad2a58/master/w_1600,c_limit/1970_06_06.jpg",https://www.newyorker.com/magazine/1970/06/06,covers/1970/1970-06-06.jpg,643657,ok
1970-06-13,1970,"The New Yorker June 13, 1970",,"https://media.newyorker.com/photos/59094fd92179605b11ad2a46/master/w_1600,c_limit/1970_06_13.jpg",https://www.newyorker.com/magazine/1970/06/13,covers/1970/1970-06-13.jpg,780922,ok
1970-06-20,1970,"The New Yorker June 20, 1970",,"https://media.newyorker.com/photos/59094fda2179605b11ad2a49/master/w_1600,c_limit/1970_06_20.jpg",https://www.newyorker.com/magazine/1970/06/20,covers/1970/1970-06-20.jpg,530338,ok
1970-06-27,1970,"The New Yorker June 27, 1970",,"https://media.newyorker.com/photos/59094fda6552fa0be682b755/master/w_1600,c_limit/1970_06_27.jpg",https://www.newyorker.com/magazine/1970/06/27,covers/1970/1970-06-27.jpg,580556,ok
1970-07-04,1970,"The New Yorker July 4, 1970",,"https://media.newyorker.com/photos/59094fdcc14b3c606c1032c4/master/w_1600,c_limit/1970_07_04.jpg",https://www.newyorker.com/magazine/1970/07/04,covers/1970/1970-07-04.jpg,713941,ok
1970-07-11,1970,"The New Yorker July 11, 1970",,"https://media.newyorker.com/photos/59094fdcebe912338a372294/master/w_1600,c_limit/1970_07_11.jpg",https://www.newyorker.com/magazine/1970/07/11,covers/1970/1970-07-11.jpg,537178,ok
1970-07-18,1970,"The New Yorker July 18, 1970",,"https://media.newyorker.com/photos/59094fddebe912338a372298/master/w_1600,c_limit/1970_07_18.jpg",https://www.newyorker.com/magazine/1970/07/18,covers/1970/1970-07-18.jpg,656878,ok
1970-07-25,1970,"The New Yorker July 25, 1970",,"https://media.newyorker.com/photos/59094fde2179605b11ad2a51/master/w_1600,c_limit/1970_07_25.jpg",https://www.newyorker.com/magazine/1970/07/25,covers/1970/1970-07-25.jpg,694755,ok
1970-08-01,1970,"The New Yorker August 1, 1970",,"https://media.newyorker.com/photos/59094fdec14b3c606c1032cc/master/w_1600,c_limit/1970_08_01.jpg",https://www.newyorker.com/magazine/1970/08/01,covers/1970/1970-08-01.jpg,417195,ok
1970-08-08,1970,"The New Yorker August 8, 1970",,"https://media.newyorker.com/photos/59094fdf1c7a8e33fb389d8a/master/w_1600,c_limit/1970_08_08.jpg",https://www.newyorker.com/magazine/1970/08/08,covers/1970/1970-08-08.jpg,344414,ok
1970-08-15,1970,"The New Yorker August 15, 1970",,"https://media.newyorker.com/photos/59094fe0ebe912338a37229e/master/w_1600,c_limit/1970_08_15.jpg",https://www.newyorker.com/magazine/1970/08/15,covers/1970/1970-08-15.jpg,513584,ok
1970-08-22,1970,"The New Yorker August 22, 1970",,"https://media.newyorker.com/photos/59094fddebe912338a372297/master/w_1600,c_limit/1970_08_22.jpg",https://www.newyorker.com/magazine/1970/08/22,covers/1970/1970-08-22.jpg,605875,ok
1970-08-29,1970,"The New Yorker August 29, 1970",,"https://media.newyorker.com/photos/59094fde6552fa0be682b75b/master/w_1600,c_limit/1970_08_29.jpg",https://www.newyorker.com/magazine/1970/08/29,covers/1970/1970-08-29.jpg,695477,ok
1970-09-05,1970,"The New Yorker September 5, 1970",,"https://media.newyorker.com/photos/59094fdeebe912338a37229c/master/w_1600,c_limit/1970_09_05.jpg",https://www.newyorker.com/magazine/1970/09/05,covers/1970/1970-09-05.jpg,511119,ok
1970-09-12,1970,"The New Yorker September 12, 1970",,"https://media.newyorker.com/photos/59094fdf2179605b11ad2a56/master/w_1600,c_limit/1970_09_12.jpg",https://www.newyorker.com/magazine/1970/09/12,covers/1970/1970-09-12.jpg,455796,ok
1970-09-19,1970,"The New Yorker September 19, 1970",,"https://media.newyorker.com/photos/59094fe01c7a8e33fb389d8c/master/w_1600,c_limit/1970_09_19.jpg",https://www.newyorker.com/magazine/1970/09/19,covers/1970/1970-09-19.jpg,612047,ok
1970-09-26,1970,"The New Yorker September 26, 1970",,"https://media.newyorker.com/photos/59094fe0019dfc3494e9d473/master/w_1600,c_limit/1970_09_26.jpg",https://www.newyorker.com/magazine/1970/09/26,covers/1970/1970-09-26.jpg,728740,ok
1970-10-03,1970,"The New Yorker October 3, 1970",,"https://media.newyorker.com/photos/59094fe1019dfc3494e9d475/master/w_1600,c_limit/1970_10_03.jpg",https://www.newyorker.com/magazine/1970/10/03,covers/1970/1970-10-03.jpg,712380,ok
1970-10-10,1970,"The New Yorker October 10, 1970",,"https://media.newyorker.com/photos/59094fe26552fa0be682b75f/master/w_1600,c_limit/1970_10_10.jpg",https://www.newyorker.com/magazine/1970/10/10,covers/1970/1970-10-10.jpg,453964,ok
1970-10-17,1970,"The New Yorker October 17, 1970",,"https://media.newyorker.com/photos/59094fe32179605b11ad2a5f/master/w_1600,c_limit/1970_10_17.jpg",https://www.newyorker.com/magazine/1970/10/17,covers/1970/1970-10-17.jpg,483540,ok
1970-10-24,1970,"The New Yorker October 24, 1970",,"https://media.newyorker.com/photos/59094fe3019dfc3494e9d478/master/w_1600,c_limit/1970_10_24.jpg",https://www.newyorker.com/magazine/1970/10/24,covers/1970/1970-10-24.jpg,473346,ok
1970-10-31,1970,"The New Yorker October 31, 1970",,"https://media.newyorker.com/photos/59094fdd2179605b11ad2a4e/master/w_1600,c_limit/1970_10_31.jpg",https://www.newyorker.com/magazine/1970/10/31,covers/1970/1970-10-31.jpg,538720,ok
1970-11-07,1970,"The New Yorker November 7, 1970",,"https://media.newyorker.com/photos/59094fddebe912338a37229a/master/w_1600,c_limit/1970_11_07.jpg",https://www.newyorker.com/magazine/1970/11/07,covers/1970/1970-11-07.jpg,631761,ok
1970-11-14,1970,"The New Yorker November 14, 1970",,"https://media.newyorker.com/photos/59094fdec14b3c606c1032ca/master/w_1600,c_limit/1970_11_14.jpg",https://www.newyorker.com/magazine/1970/11/14,covers/1970/1970-11-14.jpg,765843,ok
1970-11-21,1970,"The New Yorker November 21, 1970",,"https://media.newyorker.com/photos/59094fdf019dfc3494e9d46d/master/w_1600,c_limit/1970_11_21.jpg",https://www.newyorker.com/magazine/1970/11/21,covers/1970/1970-11-21.jpg,605798,ok
1970-11-28,1970,"The New Yorker November 28, 1970",,"https://media.newyorker.com/photos/594720a44cc7e54618909855/master/w_1600,c_limit/1970_11_28.jpg",https://www.newyorker.com/magazine/1970/11/28,covers/1970/1970-11-28.jpg,519566,ok
1970-12-05,1970,"The New Yorker December 5, 1970",,"https://media.newyorker.com/photos/59094fe0ebe912338a3722a0/master/w_1600,c_limit/1970_12_05.jpg",https://www.newyorker.com/magazine/1970/12/05,covers/1970/1970-12-05.jpg,732162,ok
1970-12-12,1970,"The New Yorker December 12, 1970",,"https://media.newyorker.com/photos/59094fe16552fa0be682b75d/master/w_1600,c_limit/1970_12_12.jpg",https://www.newyorker.com/magazine/1970/12/12,covers/1970/1970-12-12.jpg,708209,ok
1970-12-19,1970,"The New Yorker December 19, 1970",,"https://media.newyorker.com/photos/59094fe22179605b11ad2a5c/master/w_1600,c_limit/1970_12_19.jpg",https://www.newyorker.com/magazine/1970/12/19,covers/1970/1970-12-19.jpg,563205,ok
1970-12-26,1970,"The New Yorker December 26, 1970",,"https://media.newyorker.com/photos/59094fe3ebe912338a3722a6/master/w_1600,c_limit/1970_12_26.jpg",https://www.newyorker.com/magazine/1970/12/26,covers/1970/1970-12-26.jpg,769053,ok
1971-01-02,1971,"The New Yorker January 2, 1971",,"https://media.newyorker.com/photos/59094fe3ebe912338a3722ac/master/w_1600,c_limit/1971_01_02.jpg",https://www.newyorker.com/magazine/1971/01/02,covers/1971/1971-01-02.jpg,1059541,ok
1971-01-09,1971,"The New Yorker January 9, 1971",,"https://media.newyorker.com/photos/59094fe0019dfc3494e9d470/master/w_1600,c_limit/1971_01_09.jpg",https://www.newyorker.com/magazine/1971/01/09,covers/1971/1971-01-09.jpg,730583,ok
1971-01-16,1971,"The New Yorker January 16, 1971",,"https://media.newyorker.com/photos/59094fe02179605b11ad2a5a/master/w_1600,c_limit/1971_01_16.jpg",https://www.newyorker.com/magazine/1971/01/16,covers/1971/1971-01-16.jpg,580186,ok
1971-01-23,1971,"The New Yorker January 23, 1971",,"https://media.newyorker.com/photos/59094fe1ebe912338a3722a3/master/w_1600,c_limit/1971_01_23.jpg",https://www.newyorker.com/magazine/1971/01/23,covers/1971/1971-01-23.jpg,363765,ok
1971-01-30,1971,"The New Yorker January 30, 1971",,"https://media.newyorker.com/photos/59094fe21c7a8e33fb389d8e/master/w_1600,c_limit/1971_01_30.jpg",https://www.newyorker.com/magazine/1971/01/30,covers/1971/1971-01-30.jpg,478619,ok
1971-02-06,1971,"The New Yorker February 6, 1971",,"https://media.newyorker.com/photos/59094fe26552fa0be682b761/master/w_1600,c_limit/1971_02_06.jpg",https://www.newyorker.com/magazine/1971/02/06,covers/1971/1971-02-06.jpg,607232,ok
1971-02-13,1971,"The New Yorker February 13, 1971",,"https://media.newyorker.com/photos/59094fe3ebe912338a3722a8/master/w_1600,c_limit/1971_02_13.jpg",https://www.newyorker.com/magazine/1971/02/13,covers/1971/1971-02-13.jpg,349395,ok
1971-02-20,1971,"The New Yorker February 20, 1971",,"https://media.newyorker.com/photos/59094fe42179605b11ad2a62/master/w_1600,c_limit/1971_02_20.jpg",https://www.newyorker.com/magazine/1971/02/20,covers/1971/1971-02-20.jpg,378018,ok
1971-02-27,1971,"The New Yorker February 27, 1971",,"https://media.newyorker.com/photos/59094fe51c7a8e33fb389d92/master/w_1600,c_limit/1971_02_27.jpg",https://www.newyorker.com/magazine/1971/02/27,covers/1971/1971-02-27.jpg,346845,ok
1971-03-06,1971,"The New Yorker March 6, 1971",,"https://media.newyorker.com/photos/59094fe51c7a8e33fb389d94/master/w_1600,c_limit/1971_03_06.jpg",https://www.newyorker.com/magazine/1971/03/06,covers/1971/1971-03-06.jpg,885278,ok
1971-03-13,1971,"The New Yorker March 13, 1971",,"https://media.newyorker.com/photos/59094fe66552fa0be682b76c/master/w_1600,c_limit/1971_03_13.jpg",https://www.newyorker.com/magazine/1971/03/13,covers/1971/1971-03-13.jpg,308379,ok
1971-03-20,1971,"The New Yorker March 20, 1971",,"https://media.newyorker.com/photos/59094fe1ebe912338a3722a4/master/w_1600,c_limit/1971_03_20.jpg",https://www.newyorker.com/magazine/1971/03/20,covers/1971/1971-03-20.jpg,460908,ok
1971-03-27,1971,"The New Yorker March 27, 1971",,"https://media.newyorker.com/photos/59094fe2c14b3c606c1032d0/master/w_1600,c_limit/1971_03_27.jpg",https://www.newyorker.com/magazine/1971/03/27,covers/1971/1971-03-27.jpg,685272,ok
1971-04-03,1971,"The New Yorker April 3, 1971",,"https://media.newyorker.com/photos/59094fe32179605b11ad2a60/master/w_1600,c_limit/1971_04_03.jpg",https://www.newyorker.com/magazine/1971/04/03,covers/1971/1971-04-03.jpg,761896,ok
1971-04-10,1971,"The New Yorker April 10, 1971",,"https://media.newyorker.com/photos/59094fe4019dfc3494e9d479/master/w_1600,c_limit/1971_04_10.jpg",https://www.newyorker.com/magazine/1971/04/10,covers/1971/1971-04-10.jpg,673227,ok
1971-04-17,1971,"The New Yorker April 17, 1971",,"https://media.newyorker.com/photos/59094fe46552fa0be682b765/master/w_1600,c_limit/1971_04_17.jpg",https://www.newyorker.com/magazine/1971/04/17,covers/1971/1971-04-17.jpg,392185,ok
1971-04-24,1971,"The New Yorker April 24, 1971",,"https://media.newyorker.com/photos/59094fe56552fa0be682b768/master/w_1600,c_limit/1971_04_24.jpg",https://www.newyorker.com/magazine/1971/04/24,covers/1971/1971-04-24.jpg,465114,ok
1971-05-01,1971,"The New Yorker May 1, 1971",,"https://media.newyorker.com/photos/59094fe61c7a8e33fb389d96/master/w_1600,c_limit/1971_05_01.jpg",https://www.newyorker.com/magazine/1971/05/01,covers/1971/1971-05-01.jpg,560704,ok
1971-05-08,1971,"The New Yorker May 8, 1971",,"https://media.newyorker.com/photos/59094fe71c7a8e33fb389d9c/master/w_1600,c_limit/1971_05_08.jpg",https://www.newyorker.com/magazine/1971/05/08,covers/1971/1971-05-08.jpg,603596,ok
1971-05-15,1971,"The New Yorker May 15, 1971",,"https://media.newyorker.com/photos/59094fe72179605b11ad2a66/master/w_1600,c_limit/1971_05_15.jpg",https://www.newyorker.com/magazine/1971/05/15,covers/1971/1971-05-15.jpg,550835,ok
1971-05-22,1971,"The New Yorker May 22, 1971",,"https://media.newyorker.com/photos/59094fe81c7a8e33fb389da0/master/w_1600,c_limit/1971_05_22.jpg",https://www.newyorker.com/magazine/1971/05/22,covers/1971/1971-05-22.jpg,603812,ok
1971-05-29,1971,"The New Yorker May 29, 1971",,"https://media.newyorker.com/photos/59094fe1c14b3c606c1032ce/master/w_1600,c_limit/1971_05_29.jpg",https://www.newyorker.com/magazine/1971/05/29,covers/1971/1971-05-29.jpg,645529,ok
1971-06-05,1971,"The New Yorker June 5, 1971",,"https://media.newyorker.com/photos/59094fe21c7a8e33fb389d90/master/w_1600,c_limit/1971_06_05.jpg",https://www.newyorker.com/magazine/1971/06/05,covers/1971/1971-06-05.jpg,704224,ok
1971-06-12,1971,"The New Yorker June 12, 1971",,"https://media.newyorker.com/photos/59094fe36552fa0be682b763/master/w_1600,c_limit/1971_06_12.jpg",https://www.newyorker.com/magazine/1971/06/12,covers/1971/1971-06-12.jpg,522147,ok
1971-06-19,1971,"The New Yorker June 19, 1971",,"https://media.newyorker.com/photos/59094fe3ebe912338a3722ab/master/w_1600,c_limit/1971_06_19.jpg",https://www.newyorker.com/magazine/1971/06/19,covers/1971/1971-06-19.jpg,345943,ok
1971-06-26,1971,"The New Yorker June 26, 1971",,"https://media.newyorker.com/photos/59094fe4ebe912338a3722ae/master/w_1600,c_limit/1971_06_26.jpg",https://www.newyorker.com/magazine/1971/06/26,covers/1971/1971-06-26.jpg,562124,ok
1971-07-03,1971,"The New Yorker July 3, 1971",,"https://media.newyorker.com/photos/59094fe52179605b11ad2a64/master/w_1600,c_limit/1971_07_03.jpg",https://www.newyorker.com/magazine/1971/07/03,covers/1971/1971-07-03.jpg,757246,ok
1971-07-10,1971,"The New Yorker July 10, 1971",,"https://media.newyorker.com/photos/59094fe6ebe912338a3722b2/master/w_1600,c_limit/1971_07_10.jpg",https://www.newyorker.com/magazine/1971/07/10,covers/1971/1971-07-10.jpg,360598,ok
1971-07-17,1971,"The New Yorker July 17, 1971",,"https://media.newyorker.com/photos/59094fe61c7a8e33fb389d9b/master/w_1600,c_limit/1971_07_17.jpg",https://www.newyorker.com/magazine/1971/07/17,covers/1971/1971-07-17.jpg,519573,ok
1971-07-24,1971,"The New Yorker July 24, 1971",,"https://media.newyorker.com/photos/59094fe7ebe912338a3722b6/master/w_1600,c_limit/1971_07_24.jpg",https://www.newyorker.com/magazine/1971/07/24,covers/1971/1971-07-24.jpg,488129,ok
1971-07-31,1971,"The New Yorker July 31, 1971",,"https://media.newyorker.com/photos/59094fe81c7a8e33fb389da2/master/w_1600,c_limit/1971_07_31.jpg",https://www.newyorker.com/magazine/1971/07/31,covers/1971/1971-07-31.jpg,587774,ok
1971-08-07,1971,"The New Yorker August 7, 1971",,"https://media.newyorker.com/photos/59094fe5ebe912338a3722b0/master/w_1600,c_limit/1971_08_07.jpg",https://www.newyorker.com/magazine/1971/08/07,covers/1971/1971-08-07.jpg,478134,ok
1971-08-14,1971,"The New Yorker August 14, 1971",,"https://media.newyorker.com/photos/59094fe61c7a8e33fb389d98/master/w_1600,c_limit/1971_08_14.jpg",https://www.newyorker.com/magazine/1971/08/14,covers/1971/1971-08-14.jpg,472123,ok
1971-08-21,1971,"The New Yorker August 21, 1971",,"https://media.newyorker.com/photos/59094fe7019dfc3494e9d47b/master/w_1600,c_limit/1971_08_21.jpg",https://www.newyorker.com/magazine/1971/08/21,covers/1971/1971-08-21.jpg,870414,ok
1971-08-28,1971,"The New Yorker August 28, 1971",,"https://media.newyorker.com/photos/59094fe76552fa0be682b76f/master/w_1600,c_limit/1971_08_28.jpg",https://www.newyorker.com/magazine/1971/08/28,covers/1971/1971-08-28.jpg,637696,ok
1971-09-04,1971,"The New Yorker September 4, 1971",,"https://media.newyorker.com/photos/59094fe81c7a8e33fb389da1/master/w_1600,c_limit/1971_09_04.jpg",https://www.newyorker.com/magazine/1971/09/04,covers/1971/1971-09-04.jpg,522936,ok
1971-09-11,1971,"The New Yorker September 11, 1971",,"https://media.newyorker.com/photos/59094fe92179605b11ad2a6a/master/w_1600,c_limit/1971_09_11.jpg",https://www.newyorker.com/magazine/1971/09/11,covers/1971/1971-09-11.jpg,895644,ok
1971-09-18,1971,"The New Yorker September 18, 1971",,"https://media.newyorker.com/photos/59094fe92179605b11ad2a6c/master/w_1600,c_limit/1971_09_18.jpg",https://www.newyorker.com/magazine/1971/09/18,covers/1971/1971-09-18.jpg,682027,ok
1971-09-25,1971,"The New Yorker September 25, 1971",,"https://media.newyorker.com/photos/59094feac14b3c606c1032d6/master/w_1600,c_limit/1971_09_25.jpg",https://www.newyorker.com/magazine/1971/09/25,covers/1971/1971-09-25.jpg,407883,ok
1971-10-02,1971,"The New Yorker October 2, 1971",,"https://media.newyorker.com/photos/59094feb2179605b11ad2a72/master/w_1600,c_limit/1971_10_02.jpg",https://www.newyorker.com/magazine/1971/10/02,covers/1971/1971-10-02.jpg,556783,ok
1971-10-09,1971,"The New Yorker October 9, 1971",,"https://media.newyorker.com/photos/59094fecebe912338a3722bc/master/w_1600,c_limit/1971_10_09.jpg",https://www.newyorker.com/magazine/1971/10/09,covers/1971/1971-10-09.jpg,624373,ok
1971-10-16,1971,"The New Yorker October 16, 1971",,"https://media.newyorker.com/photos/59094fe56552fa0be682b769/master/w_1600,c_limit/1971_10_16.jpg",https://www.newyorker.com/magazine/1971/10/16,covers/1971/1971-10-16.jpg,388381,ok
1971-10-23,1971,"The New Yorker October 23, 1971",,"https://media.newyorker.com/photos/59094fe66552fa0be682b76d/master/w_1600,c_limit/1971_10_23.jpg",https://www.newyorker.com/magazine/1971/10/23,covers/1971/1971-10-23.jpg,439338,ok
1971-10-30,1971,"The New Yorker October 30, 1971",,"https://media.newyorker.com/photos/59094fe7ebe912338a3722b5/master/w_1600,c_limit/1971_10_30.jpg",https://www.newyorker.com/magazine/1971/10/30,covers/1971/1971-10-30.jpg,694597,ok
1971-11-06,1971,"The New Yorker November 6, 1971",,"https://media.newyorker.com/photos/59094fe82179605b11ad2a68/master/w_1600,c_limit/1971_11_06.jpg",https://www.newyorker.com/magazine/1971/11/06,covers/1971/1971-11-06.jpg,525803,ok
1971-11-13,1971,"The New Yorker November 13, 1971",,"https://media.newyorker.com/photos/59094fe91c7a8e33fb389da4/master/w_1600,c_limit/1971_11_13.jpg",https://www.newyorker.com/magazine/1971/11/13,covers/1971/1971-11-13.jpg,699664,ok
1971-11-20,1971,"The New Yorker November 20, 1971",,"https://media.newyorker.com/photos/59094fe9019dfc3494e9d47f/master/w_1600,c_limit/1971_11_20.jpg",https://www.newyorker.com/magazine/1971/11/20,covers/1971/1971-11-20.jpg,517625,ok
1971-11-27,1971,"The New Yorker November 27, 1971",,"https://media.newyorker.com/photos/59094feac14b3c606c1032d5/master/w_1600,c_limit/1971_11_27.jpg",https://www.newyorker.com/magazine/1971/11/27,covers/1971/1971-11-27.jpg,852251,ok
1971-12-04,1971,"The New Yorker December 4, 1971",,"https://media.newyorker.com/photos/59094feb2179605b11ad2a74/master/w_1600,c_limit/1971_12_04.jpg",https://www.newyorker.com/magazine/1971/12/04,covers/1971/1971-12-04.jpg,578006,ok
1971-12-11,1971,"The New Yorker December 11, 1971",,"https://media.newyorker.com/photos/59094fecebe912338a3722be/master/w_1600,c_limit/1971_12_11.jpg",https://www.newyorker.com/magazine/1971/12/11,covers/1971/1971-12-11.jpg,947616,ok
1971-12-18,1971,"The New Yorker December 18, 1971",,"https://media.newyorker.com/photos/59094fedc14b3c606c1032da/master/w_1600,c_limit/1971_12_18.jpg",https://www.newyorker.com/magazine/1971/12/18,covers/1971/1971-12-18.jpg,898428,ok
1971-12-25,1971,"The New Yorker December 25, 1971",,"https://media.newyorker.com/photos/59094fe8019dfc3494e9d47d/master/w_1600,c_limit/1971_12_25.jpg",https://www.newyorker.com/magazine/1971/12/25,covers/1971/1971-12-25.jpg,282164,ok
1972-01-01,1972,"The New Yorker January 1, 1972",,"https://media.newyorker.com/photos/59094fe9c14b3c606c1032d2/master/w_1600,c_limit/1972_01_01.jpg",https://www.newyorker.com/magazine/1972/01/01,covers/1972/1972-01-01.jpg,583941,ok
1972-01-08,1972,"The New Yorker January 8, 1972",,"https://media.newyorker.com/photos/59094feaebe912338a3722b8/master/w_1600,c_limit/1972_01_08.jpg",https://www.newyorker.com/magazine/1972/01/08,covers/1972/1972-01-08.jpg,533525,ok
1972-01-15,1972,"The New Yorker January 15, 1972",,"https://media.newyorker.com/photos/59094fea1c7a8e33fb389da6/master/w_1600,c_limit/1972_01_15.jpg",https://www.newyorker.com/magazine/1972/01/15,covers/1972/1972-01-15.jpg,635973,ok
1972-01-22,1972,"The New Yorker January 22, 1972",,"https://media.newyorker.com/photos/59094feb1c7a8e33fb389da8/master/w_1600,c_limit/1972_01_22.jpg",https://www.newyorker.com/magazine/1972/01/22,covers/1972/1972-01-22.jpg,538179,ok
1972-01-29,1972,"The New Yorker January 29, 1972",,"https://media.newyorker.com/photos/59094fec1c7a8e33fb389daa/master/w_1600,c_limit/1972_01_29.jpg",https://www.newyorker.com/magazine/1972/01/29,covers/1972/1972-01-29.jpg,507053,ok
1972-02-05,1972,"The New Yorker February 5, 1972",,"https://media.newyorker.com/photos/59094fed1c7a8e33fb389dac/master/w_1600,c_limit/1972_02_05.jpg",https://www.newyorker.com/magazine/1972/02/05,covers/1972/1972-02-05.jpg,546870,ok
1972-02-12,1972,"The New Yorker February 12, 1972",,"https://media.newyorker.com/photos/59094fee019dfc3494e9d481/master/w_1600,c_limit/1972_02_12.jpg",https://www.newyorker.com/magazine/1972/02/12,covers/1972/1972-02-12.jpg,468314,ok
1972-02-19,1972,"The New Yorker February 19, 1972",,"https://media.newyorker.com/photos/59094fee019dfc3494e9d485/master/w_1600,c_limit/1972_02_19.jpg",https://www.newyorker.com/magazine/1972/02/19,covers/1972/1972-02-19.jpg,630091,ok
1972-02-26,1972,"The New Yorker February 26, 1972",,"https://media.newyorker.com/photos/59094fef019dfc3494e9d489/master/w_1600,c_limit/1972_02_26.jpg",https://www.newyorker.com/magazine/1972/02/26,covers/1972/1972-02-26.jpg,386174,ok
1972-03-04,1972,"The New Yorker March 4, 1972",,"https://media.newyorker.com/photos/59094fea6552fa0be682b771/master/w_1600,c_limit/1972_03_04.jpg",https://www.newyorker.com/magazine/1972/03/04,covers/1972/1972-03-04.jpg,722019,ok
1972-03-11,1972,"The New Yorker March 11, 1972",,"https://media.newyorker.com/photos/59094feaebe912338a3722ba/master/w_1600,c_limit/1972_03_11.jpg",https://www.newyorker.com/magazine/1972/03/11,covers/1972/1972-03-11.jpg,711190,ok
1972-03-18,1972,"The New Yorker March 18, 1972",,"https://media.newyorker.com/photos/59094feb6552fa0be682b773/master/w_1600,c_limit/1972_03_18.jpg",https://www.newyorker.com/magazine/1972/03/18,covers/1972/1972-03-18.jpg,644138,ok
1972-03-25,1972,"The New Yorker March 25, 1972",,"https://media.newyorker.com/photos/59094fec2179605b11ad2a76/master/w_1600,c_limit/1972_03_25.jpg",https://www.newyorker.com/magazine/1972/03/25,covers/1972/1972-03-25.jpg,547761,ok
1972-04-01,1972,"The New Yorker April 1, 1972",,"https://media.newyorker.com/photos/59094fed2179605b11ad2a78/master/w_1600,c_limit/1972_04_01.jpg",https://www.newyorker.com/magazine/1972/04/01,covers/1972/1972-04-01.jpg,361159,ok
1972-04-08,1972,"The New Yorker April 8, 1972",,"https://media.newyorker.com/photos/59094fee2179605b11ad2a7a/master/w_1600,c_limit/1972_04_08.jpg",https://www.newyorker.com/magazine/1972/04/08,covers/1972/1972-04-08.jpg,572133,ok
1972-04-15,1972,"The New Yorker April 15, 1972",,"https://media.newyorker.com/photos/59094fee1c7a8e33fb389dae/master/w_1600,c_limit/1972_04_15.jpg",https://www.newyorker.com/magazine/1972/04/15,covers/1972/1972-04-15.jpg,962254,ok
1972-04-22,1972,"The New Yorker April 22, 1972",,"https://media.newyorker.com/photos/59094fefc14b3c606c1032e0/master/w_1600,c_limit/1972_04_22.jpg",https://www.newyorker.com/magazine/1972/04/22,covers/1972/1972-04-22.jpg,601687,ok
1972-04-29,1972,"The New Yorker April 29, 1972",,"https://media.newyorker.com/photos/59094ff06552fa0be682b779/master/w_1600,c_limit/1972_04_29.jpg",https://www.newyorker.com/magazine/1972/04/29,covers/1972/1972-04-29.jpg,820254,ok
1972-05-06,1972,"The New Yorker May 6, 1972",,"https://media.newyorker.com/photos/59094ff0c14b3c606c1032e4/master/w_1600,c_limit/1972_05_06.jpg",https://www.newyorker.com/magazine/1972/05/06,covers/1972/1972-05-06.jpg,370944,ok
1972-05-13,1972,"The New Yorker May 13, 1972",,"https://media.newyorker.com/photos/59094fea2179605b11ad2a6e/master/w_1600,c_limit/1972_05_13.jpg",https://www.newyorker.com/magazine/1972/05/13,covers/1972/1972-05-13.jpg,404654,ok
1972-05-20,1972,"The New Yorker May 20, 1972",,"https://media.newyorker.com/photos/59094feb2179605b11ad2a73/master/w_1600,c_limit/1972_05_20.jpg",https://www.newyorker.com/magazine/1972/05/20,covers/1972/1972-05-20.jpg,681097,ok
1972-05-27,1972,"The New Yorker May 27, 1972",,"https://media.newyorker.com/photos/59094fecc14b3c606c1032d8/master/w_1600,c_limit/1972_05_27.jpg",https://www.newyorker.com/magazine/1972/05/27,covers/1972/1972-05-27.jpg,408167,ok
1972-06-03,1972,"The New Yorker June 3, 1972",,"https://media.newyorker.com/photos/59094fed6552fa0be682b775/master/w_1600,c_limit/1972_06_03.jpg",https://www.newyorker.com/magazine/1972/06/03,covers/1972/1972-06-03.jpg,682439,ok
1972-06-10,1972,"The New Yorker June 10, 1972",,"https://media.newyorker.com/photos/59094fedc14b3c606c1032de/master/w_1600,c_limit/1972_06_10.jpg",https://www.newyorker.com/magazine/1972/06/10,covers/1972/1972-06-10.jpg,340230,ok
1972-06-17,1972,"The New Yorker June 17, 1972",,"https://media.newyorker.com/photos/59094fee2179605b11ad2a7c/master/w_1600,c_limit/1972_06_17.jpg",https://www.newyorker.com/magazine/1972/06/17,covers/1972/1972-06-17.jpg,761449,ok
1972-06-24,1972,"The New Yorker June 24, 1972",,"https://media.newyorker.com/photos/59094fefebe912338a3722c0/master/w_1600,c_limit/1972_06_24.jpg",https://www.newyorker.com/magazine/1972/06/24,covers/1972/1972-06-24.jpg,623538,ok
1972-07-01,1972,"The New Yorker July 1, 1972",,"https://media.newyorker.com/photos/59094fef6552fa0be682b777/master/w_1600,c_limit/1972_07_01.jpg",https://www.newyorker.com/magazine/1972/07/01,covers/1972/1972-07-01.jpg,479350,ok
1972-07-08,1972,"The New Yorker July 8, 1972",,"https://media.newyorker.com/photos/59094ff0c14b3c606c1032e2/master/w_1600,c_limit/1972_07_08.jpg",https://www.newyorker.com/magazine/1972/07/08,covers/1972/1972-07-08.jpg,634835,ok
1972-07-15,1972,"The New Yorker July 15, 1972",,"https://media.newyorker.com/photos/59094ff1019dfc3494e9d48b/master/w_1600,c_limit/1972_07_15.jpg",https://www.newyorker.com/magazine/1972/07/15,covers/1972/1972-07-15.jpg,473828,ok
1972-07-22,1972,"The New Yorker July 22, 1972",,"https://media.newyorker.com/photos/59094fedc14b3c606c1032dd/master/w_1600,c_limit/1972_07_22.jpg",https://www.newyorker.com/magazine/1972/07/22,covers/1972/1972-07-22.jpg,453826,ok
1972-07-29,1972,"The New Yorker July 29, 1972",,"https://media.newyorker.com/photos/59094fee019dfc3494e9d483/master/w_1600,c_limit/1972_07_29.jpg",https://www.newyorker.com/magazine/1972/07/29,covers/1972/1972-07-29.jpg,748244,ok
1972-08-05,1972,"The New Yorker August 5, 1972",,"https://media.newyorker.com/photos/59094fef2179605b11ad2a7e/master/w_1600,c_limit/1972_08_05.jpg",https://www.newyorker.com/magazine/1972/08/05,covers/1972/1972-08-05.jpg,656410,ok
1972-08-12,1972,"The New Yorker August 12, 1972",,"https://media.newyorker.com/photos/59094fef2179605b11ad2a80/master/w_1600,c_limit/1972_08_12.jpg",https://www.newyorker.com/magazine/1972/08/12,covers/1972/1972-08-12.jpg,946203,ok
1972-08-19,1972,"The New Yorker August 19, 1972",,"https://media.newyorker.com/photos/59094ff11c7a8e33fb389db0/master/w_1600,c_limit/1972_08_19.jpg",https://www.newyorker.com/magazine/1972/08/19,covers/1972/1972-08-19.jpg,535188,ok
1972-08-26,1972,"The New Yorker August 26, 1972",,"https://media.newyorker.com/photos/59094ff1ebe912338a3722c6/master/w_1600,c_limit/1972_08_26.jpg",https://www.newyorker.com/magazine/1972/08/26,covers/1972/1972-08-26.jpg,503712,ok
1972-09-02,1972,"The New Yorker September 2, 1972",,"https://media.newyorker.com/photos/59094ff2019dfc3494e9d48d/master/w_1600,c_limit/1972_09_02.jpg",https://www.newyorker.com/magazine/1972/09/02,covers/1972/1972-09-02.jpg,584274,ok
1972-09-09,1972,"The New Yorker September 9, 1972",,"https://media.newyorker.com/photos/59094ff32179605b11ad2a84/master/w_1600,c_limit/1972_09_09.jpg",https://www.newyorker.com/magazine/1972/09/09,covers/1972/1972-09-09.jpg,534273,ok
1972-09-16,1972,"The New Yorker September 16, 1972",,"https://media.newyorker.com/photos/59094ff4c14b3c606c1032e8/master/w_1600,c_limit/1972_09_16.jpg",https://www.newyorker.com/magazine/1972/09/16,covers/1972/1972-09-16.jpg,781907,ok
1972-09-23,1972,"The New Yorker September 23, 1972",,"https://media.newyorker.com/photos/59094ff56552fa0be682b788/master/w_1600,c_limit/1972_09_23.jpg",https://www.newyorker.com/magazine/1972/09/23,covers/1972/1972-09-23.jpg,465194,ok
1972-09-30,1972,"The New Yorker September 30, 1972",,"https://media.newyorker.com/photos/59094fef019dfc3494e9d487/master/w_1600,c_limit/1972_09_30.jpg",https://www.newyorker.com/magazine/1972/09/30,covers/1972/1972-09-30.jpg,630051,ok
1972-10-07,1972,"The New Yorker October 7, 1972",,"https://media.newyorker.com/photos/59094fefebe912338a3722c2/master/w_1600,c_limit/1972_10_07.jpg",https://www.newyorker.com/magazine/1972/10/07,covers/1972/1972-10-07.jpg,413196,ok
1972-10-14,1972,"The New Yorker October 14, 1972",,"https://media.newyorker.com/photos/59094ff0ebe912338a3722c4/master/w_1600,c_limit/1972_10_14.jpg",https://www.newyorker.com/magazine/1972/10/14,covers/1972/1972-10-14.jpg,491698,ok
1972-10-21,1972,"The New Yorker October 21, 1972",,"https://media.newyorker.com/photos/59094ff16552fa0be682b77c/master/w_1600,c_limit/1972_10_21.jpg",https://www.newyorker.com/magazine/1972/10/21,covers/1972/1972-10-21.jpg,445345,ok
1972-10-28,1972,"The New Yorker October 28, 1972",,"https://media.newyorker.com/photos/59094ff22179605b11ad2a82/master/w_1600,c_limit/1972_10_28.jpg",https://www.newyorker.com/magazine/1972/10/28,covers/1972/1972-10-28.jpg,493251,ok
1972-11-04,1972,"The New Yorker November 4, 1972",,"https://media.newyorker.com/photos/59094ff3ebe912338a3722ca/master/w_1600,c_limit/1972_11_04.jpg",https://www.newyorker.com/magazine/1972/11/04,covers/1972/1972-11-04.jpg,7905,ok
1972-11-11,1972,"The New Yorker November 11, 1972",,"https://media.newyorker.com/photos/59094ff31c7a8e33fb389db4/master/w_1600,c_limit/1972_11_11.jpg",https://www.newyorker.com/magazine/1972/11/11,covers/1972/1972-11-11.jpg,661123,ok
1972-11-18,1972,"The New Yorker November 18, 1972",,"https://media.newyorker.com/photos/59094ff46552fa0be682b784/master/w_1600,c_limit/1972_11_18.jpg",https://www.newyorker.com/magazine/1972/11/18,covers/1972/1972-11-18.jpg,567994,ok
1972-11-25,1972,"The New Yorker November 25, 1972",,"https://media.newyorker.com/photos/59094ff52179605b11ad2a86/master/w_1600,c_limit/1972_11_25.jpg",https://www.newyorker.com/magazine/1972/11/25,covers/1972/1972-11-25.jpg,806433,ok
1972-12-02,1972,"The New Yorker December 2, 1972",,"https://media.newyorker.com/photos/59094ff66552fa0be682b78d/master/w_1600,c_limit/1972_12_02.jpg",https://www.newyorker.com/magazine/1972/12/02,covers/1972/1972-12-02.jpg,816235,ok
1972-12-09,1972,"The New Yorker December 9, 1972",,"https://media.newyorker.com/photos/59094ff16552fa0be682b77d/master/w_1600,c_limit/1972_12_09.jpg",https://www.newyorker.com/magazine/1972/12/09,covers/1972/1972-12-09.jpg,463718,ok
1972-12-16,1972,"The New Yorker December 16, 1972",,"https://media.newyorker.com/photos/59094ff2ebe912338a3722c8/master/w_1600,c_limit/1972_12_16.jpg",https://www.newyorker.com/magazine/1972/12/16,covers/1972/1972-12-16.jpg,580239,ok
1972-12-23,1972,"The New Yorker December 23, 1972",,"https://media.newyorker.com/photos/59094ff36552fa0be682b77f/master/w_1600,c_limit/1972_12_23.jpg",https://www.newyorker.com/magazine/1972/12/23,covers/1972/1972-12-23.jpg,519394,ok
1972-12-30,1972,"The New Yorker December 30, 1972",,"https://media.newyorker.com/photos/59094ff3ebe912338a3722ce/master/w_1600,c_limit/1972_12_30.jpg",https://www.newyorker.com/magazine/1972/12/30,covers/1972/1972-12-30.jpg,621718,ok
1973-01-06,1973,"The New Yorker January 6, 1973",,"https://media.newyorker.com/photos/59094ff4ebe912338a3722d0/master/w_1600,c_limit/1973_01_06.jpg",https://www.newyorker.com/magazine/1973/01/06,covers/1973/1973-01-06.jpg,612254,ok
1973-01-13,1973,"The New Yorker January 13, 1973",,"https://media.newyorker.com/photos/59094ff56552fa0be682b789/master/w_1600,c_limit/1973_01_13.jpg",https://www.newyorker.com/magazine/1973/01/13,covers/1973/1973-01-13.jpg,459002,ok
1973-01-20,1973,"The New Yorker January 20, 1973",,"https://media.newyorker.com/photos/59094ff51c7a8e33fb389db6/master/w_1600,c_limit/1973_01_20.jpg",https://www.newyorker.com/magazine/1973/01/20,covers/1973/1973-01-20.jpg,523001,ok
1973-01-27,1973,"The New Yorker January 27, 1973",,"https://media.newyorker.com/photos/59094ff6ebe912338a3722d4/master/w_1600,c_limit/1973_01_27.jpg",https://www.newyorker.com/magazine/1973/01/27,covers/1973/1973-01-27.jpg,688641,ok
1973-02-03,1973,"The New Yorker February 3, 1973",,"https://media.newyorker.com/photos/59094ff76552fa0be682b78f/master/w_1600,c_limit/1973_02_03.jpg",https://www.newyorker.com/magazine/1973/02/03,covers/1973/1973-02-03.jpg,208922,ok
1973-02-10,1973,"The New Yorker February 10, 1973",,"https://media.newyorker.com/photos/59094ff76552fa0be682b793/master/w_1600,c_limit/1973_02_10.jpg",https://www.newyorker.com/magazine/1973/02/10,covers/1973/1973-02-10.jpg,472730,ok
1973-02-17,1973,"The New Yorker February 17, 1973",,"https://media.newyorker.com/photos/59094ff21c7a8e33fb389db2/master/w_1600,c_limit/1973_02_17.jpg",https://www.newyorker.com/magazine/1973/02/17,covers/1973/1973-02-17.jpg,580917,ok
1973-02-24,1973,"The New Yorker February 24, 1973",,"https://media.newyorker.com/photos/59094ff3ebe912338a3722cc/master/w_1600,c_limit/1973_02_24.jpg",https://www.newyorker.com/magazine/1973/02/24,covers/1973/1973-02-24.jpg,341494,ok
1973-03-03,1973,"The New Yorker March 3, 1973",,"https://media.newyorker.com/photos/59094ff4019dfc3494e9d48f/master/w_1600,c_limit/1973_03_03.jpg",https://www.newyorker.com/magazine/1973/03/03,covers/1973/1973-03-03.jpg,498464,ok
1973-03-10,1973,"The New Yorker March 10, 1973",,"https://media.newyorker.com/photos/59094ff5019dfc3494e9d491/master/w_1600,c_limit/1973_03_10.jpg",https://www.newyorker.com/magazine/1973/03/10,covers/1973/1973-03-10.jpg,403462,ok
1973-03-17,1973,"The New Yorker March 17, 1973",,"https://media.newyorker.com/photos/59094ff66552fa0be682b78c/master/w_1600,c_limit/1973_03_17.jpg",https://www.newyorker.com/magazine/1973/03/17,covers/1973/1973-03-17.jpg,607284,ok
1973-03-24,1973,"The New Yorker March 24, 1973",,"https://media.newyorker.com/photos/59094ff61c7a8e33fb389db8/master/w_1600,c_limit/1973_03_24.jpg",https://www.newyorker.com/magazine/1973/03/24,covers/1973/1973-03-24.jpg,455694,ok
1973-03-31,1973,"The New Yorker March 31, 1973",,"https://media.newyorker.com/photos/59094ff76552fa0be682b791/master/w_1600,c_limit/1973_03_31.jpg",https://www.newyorker.com/magazine/1973/03/31,covers/1973/1973-03-31.jpg,554474,ok
1973-04-07,1973,"The New Yorker April 7, 1973",,"https://media.newyorker.com/photos/59094ff82179605b11ad2a8a/master/w_1600,c_limit/1973_04_07.jpg",https://www.newyorker.com/magazine/1973/04/07,covers/1973/1973-04-07.jpg,367844,ok
1973-04-14,1973,"The New Yorker April 14, 1973",,"https://media.newyorker.com/photos/59094ff91c7a8e33fb389dba/master/w_1600,c_limit/1973_04_14.jpg",https://www.newyorker.com/magazine/1973/04/14,covers/1973/1973-04-14.jpg,715523,ok
1973-04-21,1973,"The New Yorker April 21, 1973",,"https://media.newyorker.com/photos/59094ff92179605b11ad2a8e/master/w_1600,c_limit/1973_04_21.jpg",https://www.newyorker.com/magazine/1973/04/21,covers/1973/1973-04-21.jpg,818603,ok
1973-04-28,1973,"The New Yorker April 28, 1973",,"https://media.newyorker.com/photos/59094ff3c14b3c606c1032e6/master/w_1600,c_limit/1973_04_28.jpg",https://www.newyorker.com/magazine/1973/04/28,covers/1973/1973-04-28.jpg,505501,ok
1973-05-05,1973,"The New Yorker May 5, 1973",,"https://media.newyorker.com/photos/59094ff36552fa0be682b781/master/w_1600,c_limit/1973_05_05.jpg",https://www.newyorker.com/magazine/1973/05/05,covers/1973/1973-05-05.jpg,461391,ok
1973-05-12,1973,"The New Yorker May 12, 1973",,"https://media.newyorker.com/photos/59094ff46552fa0be682b785/master/w_1600,c_limit/1973_05_12.jpg",https://www.newyorker.com/magazine/1973/05/12,covers/1973/1973-05-12.jpg,594629,ok
1973-05-19,1973,"The New Yorker May 19, 1973",,"https://media.newyorker.com/photos/59094ff5019dfc3494e9d493/master/w_1600,c_limit/1973_05_19.jpg",https://www.newyorker.com/magazine/1973/05/19,covers/1973/1973-05-19.jpg,513374,ok
1973-05-26,1973,"The New Yorker May 26, 1973",,"https://media.newyorker.com/photos/59094ff6ebe912338a3722d2/master/w_1600,c_limit/1973_05_26.jpg",https://www.newyorker.com/magazine/1973/05/26,covers/1973/1973-05-26.jpg,365917,ok
1973-06-02,1973,"The New Yorker June 2, 1973",,"https://media.newyorker.com/photos/59094ff7c14b3c606c1032ea/master/w_1600,c_limit/1973_06_02.jpg",https://www.newyorker.com/magazine/1973/06/02,covers/1973/1973-06-02.jpg,1175082,ok
1973-06-09,1973,"The New Yorker June 9, 1973",,"https://media.newyorker.com/photos/59094ff72179605b11ad2a89/master/w_1600,c_limit/1973_06_09.jpg",https://www.newyorker.com/magazine/1973/06/09,covers/1973/1973-06-09.jpg,545911,ok
1973-06-16,1973,"The New Yorker June 16, 1973",,"https://media.newyorker.com/photos/59094ff8019dfc3494e9d497/master/w_1600,c_limit/1973_06_16.jpg",https://www.newyorker.com/magazine/1973/06/16,covers/1973/1973-06-16.jpg,605829,ok
1973-06-23,1973,"The New Yorker June 23, 1973",,"https://media.newyorker.com/photos/59094ff9019dfc3494e9d499/master/w_1600,c_limit/1973_06_23.jpg",https://www.newyorker.com/magazine/1973/06/23,covers/1973/1973-06-23.jpg,635842,ok
1973-07-02,1973,"The New Yorker July 2, 1973",,"https://media.newyorker.com/photos/59094ffa2179605b11ad2a92/master/w_1600,c_limit/1973_07_02.jpg",https://www.newyorker.com/magazine/1973/07/02,covers/1973/1973-07-02.jpg,283967,ok
1973-07-09,1973,"The New Yorker July 9, 1973",,"https://media.newyorker.com/photos/59094ff6019dfc3494e9d495/master/w_1600,c_limit/1973_07_09.jpg",https://www.newyorker.com/magazine/1973/07/09,covers/1973/1973-07-09.jpg,474343,ok
1973-07-16,1973,"The New Yorker July 16, 1973",,"https://media.newyorker.com/photos/59094ff7ebe912338a3722d6/master/w_1600,c_limit/1973_07_16.jpg",https://www.newyorker.com/magazine/1973/07/16,covers/1973/1973-07-16.jpg,500239,ok
1973-07-23,1973,"The New Yorker July 23, 1973",,"https://media.newyorker.com/photos/59094ff8c14b3c606c1032ec/master/w_1600,c_limit/1973_07_23.jpg",https://www.newyorker.com/magazine/1973/07/23,covers/1973/1973-07-23.jpg,766045,ok
1973-07-30,1973,"The New Yorker July 30, 1973",,"https://media.newyorker.com/photos/59094ff8c14b3c606c1032ee/master/w_1600,c_limit/1973_07_30.jpg",https://www.newyorker.com/magazine/1973/07/30,covers/1973/1973-07-30.jpg,677647,ok
1973-08-06,1973,"The New Yorker August 6, 1973",,"https://media.newyorker.com/photos/59094ff92179605b11ad2a8d/master/w_1600,c_limit/1973_08_06.jpg",https://www.newyorker.com/magazine/1973/08/06,covers/1973/1973-08-06.jpg,708724,ok
1973-08-13,1973,"The New Yorker August 13, 1973",,"https://media.newyorker.com/photos/59094ffac14b3c606c1032f0/master/w_1600,c_limit/1973_08_13.jpg",https://www.newyorker.com/magazine/1973/08/13,covers/1973/1973-08-13.jpg,327354,ok
1973-08-20,1973,"The New Yorker August 20, 1973",,"https://media.newyorker.com/photos/59094ffb019dfc3494e9d49b/master/w_1600,c_limit/1973_08_20.jpg",https://www.newyorker.com/magazine/1973/08/20,covers/1973/1973-08-20.jpg,514904,ok
1973-08-27,1973,"The New Yorker August 27, 1973",,"https://media.newyorker.com/photos/59094ffb019dfc3494e9d49d/master/w_1600,c_limit/1973_08_27.jpg",https://www.newyorker.com/magazine/1973/08/27,covers/1973/1973-08-27.jpg,333137,ok
1973-09-03,1973,"The New Yorker September 3, 1973",,"https://media.newyorker.com/photos/59094ffc1c7a8e33fb389dc4/master/w_1600,c_limit/1973_09_03.jpg",https://www.newyorker.com/magazine/1973/09/03,covers/1973/1973-09-03.jpg,467886,ok
1973-09-10,1973,"The New Yorker September 10, 1973",,"https://media.newyorker.com/photos/59094ffdebe912338a3722e1/master/w_1600,c_limit/1973_09_10.jpg",https://www.newyorker.com/magazine/1973/09/10,covers/1973/1973-09-10.jpg,515399,ok
1973-09-17,1973,"The New Yorker September 17, 1973",,"https://media.newyorker.com/photos/59094ff7ebe912338a3722d8/master/w_1600,c_limit/1973_09_17.jpg",https://www.newyorker.com/magazine/1973/09/17,covers/1973/1973-09-17.jpg,821641,ok
1973-09-24,1973,"The New Yorker September 24, 1973",,"https://media.newyorker.com/photos/59094ff8ebe912338a3722da/master/w_1600,c_limit/1973_09_24.jpg",https://www.newyorker.com/magazine/1973/09/24,covers/1973/1973-09-24.jpg,747708,ok
1973-10-01,1973,"The New Yorker October 1, 1973",,"https://media.newyorker.com/photos/59094ff91c7a8e33fb389dbc/master/w_1600,c_limit/1973_10_01.jpg",https://www.newyorker.com/magazine/1973/10/01,covers/1973/1973-10-01.jpg,364914,ok
1973-10-08,1973,"The New Yorker October 8, 1973",,"https://media.newyorker.com/photos/59094ffaebe912338a3722de/master/w_1600,c_limit/1973_10_08.jpg",https://www.newyorker.com/magazine/1973/10/08,covers/1973/1973-10-08.jpg,530101,ok
1973-10-15,1973,"The New Yorker October 15, 1973",,"https://media.newyorker.com/photos/59094ffa2179605b11ad2a91/master/w_1600,c_limit/1973_10_15.jpg",https://www.newyorker.com/magazine/1973/10/15,covers/1973/1973-10-15.jpg,543453,ok
1973-10-22,1973,"The New Yorker October 22, 1973",,"https://media.newyorker.com/photos/59094ffb2179605b11ad2a94/master/w_1600,c_limit/1973_10_22.jpg",https://www.newyorker.com/magazine/1973/10/22,covers/1973/1973-10-22.jpg,611121,ok
1973-10-29,1973,"The New Yorker October 29, 1973",,"https://media.newyorker.com/photos/59094ffc2179605b11ad2a96/master/w_1600,c_limit/1973_10_29.jpg",https://www.newyorker.com/magazine/1973/10/29,covers/1973/1973-10-29.jpg,362197,ok
1973-11-05,1973,"The New Yorker November 5, 1973",,"https://media.newyorker.com/photos/59094ffdebe912338a3722e2/master/w_1600,c_limit/1973_11_05.jpg",https://www.newyorker.com/magazine/1973/11/05,covers/1973/1973-11-05.jpg,805432,ok
1973-11-12,1973,"The New Yorker November 12, 1973",,"https://media.newyorker.com/photos/59094ffeebe912338a3722e4/master/w_1600,c_limit/1973_11_12.jpg",https://www.newyorker.com/magazine/1973/11/12,covers/1973/1973-11-12.jpg,670040,ok
1973-11-19,1973,"The New Yorker November 19, 1973",,"https://media.newyorker.com/photos/59094ffe6552fa0be682b79d/master/w_1600,c_limit/1973_11_19.jpg",https://www.newyorker.com/magazine/1973/11/19,covers/1973/1973-11-19.jpg,190577,ok
1973-11-26,1973,"The New Yorker November 26, 1973",,"https://media.newyorker.com/photos/59094ff9ebe912338a3722dc/master/w_1600,c_limit/1973_11_26.jpg",https://www.newyorker.com/magazine/1973/11/26,covers/1973/1973-11-26.jpg,221111,ok
1973-12-03,1973,"The New Yorker December 3, 1973",,"https://media.newyorker.com/photos/59094ffa1c7a8e33fb389dbe/master/w_1600,c_limit/1973_12_03.jpg",https://www.newyorker.com/magazine/1973/12/03,covers/1973/1973-12-03.jpg,568320,ok
1973-12-10,1973,"The New Yorker December 10, 1973",,"https://media.newyorker.com/photos/59094ffa1c7a8e33fb389dc0/master/w_1600,c_limit/1973_12_10.jpg",https://www.newyorker.com/magazine/1973/12/10,covers/1973/1973-12-10.jpg,770969,ok
1973-12-17,1973,"The New Yorker December 17, 1973",,"https://media.newyorker.com/photos/59094ffb6552fa0be682b797/master/w_1600,c_limit/1973_12_17.jpg",https://www.newyorker.com/magazine/1973/12/17,covers/1973/1973-12-17.jpg,752361,ok
1973-12-24,1973,"The New Yorker December 24, 1973",,"https://media.newyorker.com/photos/59094ffc019dfc3494e9d49f/master/w_1600,c_limit/1973_12_24.jpg",https://www.newyorker.com/magazine/1973/12/24,covers/1973/1973-12-24.jpg,275030,ok
1973-12-31,1973,"The New Yorker December 31, 1973",,"https://media.newyorker.com/photos/59094ffd2179605b11ad2a98/master/w_1600,c_limit/1973_12_31.jpg",https://www.newyorker.com/magazine/1973/12/31,covers/1973/1973-12-31.jpg,625555,ok
1974-01-07,1974,"The New Yorker January 7, 1974",,"https://media.newyorker.com/photos/59094ffdc14b3c606c1032f6/master/w_1600,c_limit/1974_01_07.jpg",https://www.newyorker.com/magazine/1974/01/07,covers/1974/1974-01-07.jpg,634379,ok
1974-01-14,1974,"The New Yorker January 14, 1974",,"https://media.newyorker.com/photos/59094ffe6552fa0be682b79b/master/w_1600,c_limit/1974_01_14.jpg",https://www.newyorker.com/magazine/1974/01/14,covers/1974/1974-01-14.jpg,531579,ok
1974-01-21,1974,"The New Yorker January 21, 1974",,"https://media.newyorker.com/photos/59094fff2179605b11ad2a9b/master/w_1600,c_limit/1974_01_21.jpg",https://www.newyorker.com/magazine/1974/01/21,covers/1974/1974-01-21.jpg,841875,ok
1974-01-28,1974,"The New Yorker January 28, 1974",,"https://media.newyorker.com/photos/590950002179605b11ad2aa0/master/w_1600,c_limit/1974_01_28.jpg",https://www.newyorker.com/magazine/1974/01/28,covers/1974/1974-01-28.jpg,388258,ok
1974-02-04,1974,"The New Yorker February 4, 1974",,"https://media.newyorker.com/photos/59094ffb6552fa0be682b796/master/w_1600,c_limit/1974_02_04.jpg",https://www.newyorker.com/magazine/1974/02/04,covers/1974/1974-02-04.jpg,669045,ok
1974-02-11,1974,"The New Yorker February 11, 1974",,"https://media.newyorker.com/photos/59094ffc1c7a8e33fb389dc3/master/w_1600,c_limit/1974_02_11.jpg",https://www.newyorker.com/magazine/1974/02/11,covers/1974/1974-02-11.jpg,494663,ok
1974-02-18,1974,"The New Yorker February 18, 1974",,"https://media.newyorker.com/photos/59094ffcc14b3c606c1032f4/master/w_1600,c_limit/1974_02_18.jpg",https://www.newyorker.com/magazine/1974/02/18,covers/1974/1974-02-18.jpg,488602,ok
1974-02-25,1974,"The New Yorker February 25, 1974",,"https://media.newyorker.com/photos/59094ffd1c7a8e33fb389dc7/master/w_1600,c_limit/1974_02_25.jpg",https://www.newyorker.com/magazine/1974/02/25,covers/1974/1974-02-25.jpg,351036,ok
1974-03-04,1974,"The New Yorker March 4, 1974",,"https://media.newyorker.com/photos/59094ffeebe912338a3722e6/master/w_1600,c_limit/1974_03_04.jpg",https://www.newyorker.com/magazine/1974/03/04,covers/1974/1974-03-04.jpg,703288,ok
1974-03-11,1974,"The New Yorker March 11, 1974",,"https://media.newyorker.com/photos/59094fff1c7a8e33fb389dca/master/w_1600,c_limit/1974_03_11.jpg",https://www.newyorker.com/magazine/1974/03/11,covers/1974/1974-03-11.jpg,537157,ok
1974-03-18,1974,"The New Yorker March 18, 1974",,"https://media.newyorker.com/photos/59094fff019dfc3494e9d4a1/master/w_1600,c_limit/1974_03_18.jpg",https://www.newyorker.com/magazine/1974/03/18,covers/1974/1974-03-18.jpg,576542,ok
1974-03-25,1974,"The New Yorker March 25, 1974",,"https://media.newyorker.com/photos/590950002179605b11ad2aa2/master/w_1600,c_limit/1974_03_25.jpg",https://www.newyorker.com/magazine/1974/03/25,covers/1974/1974-03-25.jpg,542892,ok
1974-04-01,1974,"The New Yorker April 1, 1974",,"https://media.newyorker.com/photos/59095001c14b3c606c1032fe/master/w_1600,c_limit/1974_04_01.jpg",https://www.newyorker.com/magazine/1974/04/01,covers/1974/1974-04-01.jpg,630710,ok
1974-04-08,1974,"The New Yorker April 8, 1974",,"https://media.newyorker.com/photos/59095002019dfc3494e9d4a7/master/w_1600,c_limit/1974_04_08.jpg",https://www.newyorker.com/magazine/1974/04/08,covers/1974/1974-04-08.jpg,596140,ok
1974-04-15,1974,"The New Yorker April 15, 1974",,"https://media.newyorker.com/photos/59094ffcc14b3c606c1032f2/master/w_1600,c_limit/1974_04_15.jpg",https://www.newyorker.com/magazine/1974/04/15,covers/1974/1974-04-15.jpg,501761,ok
1974-04-22,1974,"The New Yorker April 22, 1974",,"https://media.newyorker.com/photos/59094ffd6552fa0be682b799/master/w_1600,c_limit/1974_04_22.jpg",https://www.newyorker.com/magazine/1974/04/22,covers/1974/1974-04-22.jpg,362247,ok
1974-04-29,1974,"The New Yorker April 29, 1974",,"https://media.newyorker.com/photos/59094ffd1c7a8e33fb389dc8/master/w_1600,c_limit/1974_04_29.jpg",https://www.newyorker.com/magazine/1974/04/29,covers/1974/1974-04-29.jpg,443937,ok
1974-05-06,1974,"The New Yorker May 6, 1974",,"https://media.newyorker.com/photos/59094ffec14b3c606c1032f8/master/w_1600,c_limit/1974_05_06.jpg",https://www.newyorker.com/magazine/1974/05/06,covers/1974/1974-05-06.jpg,528729,ok
1974-05-13,1974,"The New Yorker May 13, 1974",,"https://media.newyorker.com/photos/59094fff2179605b11ad2a9c/master/w_1600,c_limit/1974_05_13.jpg",https://www.newyorker.com/magazine/1974/05/13,covers/1974/1974-05-13.jpg,562252,ok
1974-05-20,1974,"The New Yorker May 20, 1974",,"https://media.newyorker.com/photos/59094fff2179605b11ad2a9f/master/w_1600,c_limit/1974_05_20.jpg",https://www.newyorker.com/magazine/1974/05/20,covers/1974/1974-05-20.jpg,280648,ok
1974-05-27,1974,"The New Yorker May 27, 1974",,"https://media.newyorker.com/photos/59095000019dfc3494e9d4a3/master/w_1600,c_limit/1974_05_27.jpg",https://www.newyorker.com/magazine/1974/05/27,covers/1974/1974-05-27.jpg,428544,ok
1974-06-03,1974,"The New Yorker June 3, 1974",,"https://media.newyorker.com/photos/590950016552fa0be682b7a1/master/w_1600,c_limit/1974_06_03.jpg",https://www.newyorker.com/magazine/1974/06/03,covers/1974/1974-06-03.jpg,519644,ok
1974-06-10,1974,"The New Yorker June 10, 1974",,"https://media.newyorker.com/photos/590950021c7a8e33fb389dd0/master/w_1600,c_limit/1974_06_10.jpg",https://www.newyorker.com/magazine/1974/06/10,covers/1974/1974-06-10.jpg,649132,ok
1974-06-17,1974,"The New Yorker June 17, 1974",,"https://media.newyorker.com/photos/59095003019dfc3494e9d4a9/master/w_1600,c_limit/1974_06_17.jpg",https://www.newyorker.com/magazine/1974/06/17,covers/1974/1974-06-17.jpg,439843,ok
1974-06-24,1974,"The New Yorker June 24, 1974",,"https://media.newyorker.com/photos/59094ffec14b3c606c1032fa/master/w_1600,c_limit/1974_06_24.jpg",https://www.newyorker.com/magazine/1974/06/24,covers/1974/1974-06-24.jpg,610075,ok
1974-07-01,1974,"The New Yorker July 1, 1974",,"https://media.newyorker.com/photos/59094fff6552fa0be682b79f/master/w_1600,c_limit/1974_07_01.jpg",https://www.newyorker.com/magazine/1974/07/01,covers/1974/1974-07-01.jpg,463230,ok
1974-07-08,1974,"The New Yorker July 8, 1974",,"https://media.newyorker.com/photos/59095000c14b3c606c1032fc/master/w_1600,c_limit/1974_07_08.jpg",https://www.newyorker.com/magazine/1974/07/08,covers/1974/1974-07-08.jpg,650396,ok
1974-07-15,1974,"The New Yorker July 15, 1974",,"https://media.newyorker.com/photos/59095001019dfc3494e9d4a5/master/w_1600,c_limit/1974_07_15.jpg",https://www.newyorker.com/magazine/1974/07/15,covers/1974/1974-07-15.jpg,508006,ok
1974-07-22,1974,"The New Yorker July 22, 1974",,"https://media.newyorker.com/photos/590950022179605b11ad2aa4/master/w_1600,c_limit/1974_07_22.jpg",https://www.newyorker.com/magazine/1974/07/22,covers/1974/1974-07-22.jpg,605304,ok
1974-07-29,1974,"The New Yorker July 29, 1974",,"https://media.newyorker.com/photos/590950026552fa0be682b7a3/master/w_1600,c_limit/1974_07_29.jpg",https://www.newyorker.com/magazine/1974/07/29,covers/1974/1974-07-29.jpg,367121,ok
1974-08-05,1974,"The New Yorker August 5, 1974",,"https://media.newyorker.com/photos/590950036552fa0be682b7a5/master/w_1600,c_limit/1974_08_05.jpg",https://www.newyorker.com/magazine/1974/08/05,covers/1974/1974-08-05.jpg,607262,ok
1974-08-12,1974,"The New Yorker August 12, 1974",,"https://media.newyorker.com/photos/590950041c7a8e33fb389dd6/master/w_1600,c_limit/1974_08_12.jpg",https://www.newyorker.com/magazine/1974/08/12,covers/1974/1974-08-12.jpg,511869,ok
1974-08-19,1974,"The New Yorker August 19, 1974",,"https://media.newyorker.com/photos/590950041c7a8e33fb389dd8/master/w_1600,c_limit/1974_08_19.jpg",https://www.newyorker.com/magazine/1974/08/19,covers/1974/1974-08-19.jpg,402956,ok
1974-08-26,1974,"The New Yorker August 26, 1974",,"https://media.newyorker.com/photos/59095005019dfc3494e9d4af/master/w_1600,c_limit/1974_08_26.jpg",https://www.newyorker.com/magazine/1974/08/26,covers/1974/1974-08-26.jpg,683845,ok
1974-09-02,1974,"The New Yorker September 2, 1974",,"https://media.newyorker.com/photos/590950011c7a8e33fb389dcc/master/w_1600,c_limit/1974_09_02.jpg",https://www.newyorker.com/magazine/1974/09/02,covers/1974/1974-09-02.jpg,619463,ok
1974-09-09,1974,"The New Yorker September 9, 1974",,"https://media.newyorker.com/photos/59095002c14b3c606c103300/master/w_1600,c_limit/1974_09_09.jpg",https://www.newyorker.com/magazine/1974/09/09,covers/1974/1974-09-09.jpg,333319,ok
1974-09-16,1974,"The New Yorker September 16, 1974",,"https://media.newyorker.com/photos/59095002ebe912338a3722ea/master/w_1600,c_limit/1974_09_16.jpg",https://www.newyorker.com/magazine/1974/09/16,covers/1974/1974-09-16.jpg,731160,ok
1974-09-23,1974,"The New Yorker September 23, 1974",,"https://media.newyorker.com/photos/590950031c7a8e33fb389dd2/master/w_1600,c_limit/1974_09_23.jpg",https://www.newyorker.com/magazine/1974/09/23,covers/1974/1974-09-23.jpg,408767,ok
1974-09-30,1974,"The New Yorker September 30, 1974",,"https://media.newyorker.com/photos/59095004c14b3c606c103306/master/w_1600,c_limit/1974_09_30.jpg",https://www.newyorker.com/magazine/1974/09/30,covers/1974/1974-09-30.jpg,514883,ok
1974-10-07,1974,"The New Yorker October 7, 1974",,"https://media.newyorker.com/photos/59095004ebe912338a3722ee/master/w_1600,c_limit/1974_10_07.jpg",https://www.newyorker.com/magazine/1974/10/07,covers/1974/1974-10-07.jpg,605590,ok
1974-10-14,1974,"The New Yorker October 14, 1974",,"https://media.newyorker.com/photos/590950052179605b11ad2aa8/master/w_1600,c_limit/1974_10_14.jpg",https://www.newyorker.com/magazine/1974/10/14,covers/1974/1974-10-14.jpg,466140,ok
1974-10-21,1974,"The New Yorker October 21, 1974",,"https://media.newyorker.com/photos/590950066552fa0be682b7a7/master/w_1600,c_limit/1974_10_21.jpg",https://www.newyorker.com/magazine/1974/10/21,covers/1974/1974-10-21.jpg,643201,ok
1974-10-28,1974,"The New Yorker October 28, 1974",,"https://media.newyorker.com/photos/590950076552fa0be682b7ab/master/w_1600,c_limit/1974_10_28.jpg",https://www.newyorker.com/magazine/1974/10/28,covers/1974/1974-10-28.jpg,695714,ok
1974-11-04,1974,"The New Yorker November 4, 1974",,"https://media.newyorker.com/photos/59095007ebe912338a3722f4/master/w_1600,c_limit/1974_11_04.jpg",https://www.newyorker.com/magazine/1974/11/04,covers/1974/1974-11-04.jpg,597987,ok
1974-11-11,1974,"The New Yorker November 11, 1974",,"https://media.newyorker.com/photos/590950011c7a8e33fb389dce/master/w_1600,c_limit/1974_11_11.jpg",https://www.newyorker.com/magazine/1974/11/11,covers/1974/1974-11-11.jpg,485146,ok
1974-11-18,1974,"The New Yorker November 18, 1974",,"https://media.newyorker.com/photos/59095002ebe912338a3722e8/master/w_1600,c_limit/1974_11_18.jpg",https://www.newyorker.com/magazine/1974/11/18,covers/1974/1974-11-18.jpg,572434,ok
1974-11-25,1974,"The New Yorker November 25, 1974",,"https://media.newyorker.com/photos/59095003c14b3c606c103302/master/w_1600,c_limit/1974_11_25.jpg",https://www.newyorker.com/magazine/1974/11/25,covers/1974/1974-11-25.jpg,341999,ok
1974-12-02,1974,"The New Yorker December 2, 1974",,"https://media.newyorker.com/photos/59095003c14b3c606c103304/master/w_1600,c_limit/1974_12_02.jpg",https://www.newyorker.com/magazine/1974/12/02,covers/1974/1974-12-02.jpg,345896,ok
1974-12-09,1974,"The New Yorker December 9, 1974",,"https://media.newyorker.com/photos/59095004019dfc3494e9d4ab/master/w_1600,c_limit/1974_12_09.jpg",https://www.newyorker.com/magazine/1974/12/09,covers/1974/1974-12-09.jpg,836729,ok
1974-12-16,1974,"The New Yorker December 16, 1974",,"https://media.newyorker.com/photos/59095005ebe912338a3722f0/master/w_1600,c_limit/1974_12_16.jpg",https://www.newyorker.com/magazine/1974/12/16,covers/1974/1974-12-16.jpg,641809,ok
1974-12-23,1974,"The New Yorker December 23, 1974",,"https://media.newyorker.com/photos/59095006ebe912338a3722f2/master/w_1600,c_limit/1974_12_23.jpg",https://www.newyorker.com/magazine/1974/12/23,covers/1974/1974-12-23.jpg,877342,ok
1974-12-30,1974,"The New Yorker December 30, 1974",,"https://media.newyorker.com/photos/590950061c7a8e33fb389dda/master/w_1600,c_limit/1974_12_30.jpg",https://www.newyorker.com/magazine/1974/12/30,covers/1974/1974-12-30.jpg,489567,ok
1975-01-06,1975,"The New Yorker January 6, 1975",,"https://media.newyorker.com/photos/590950076552fa0be682b7ad/master/w_1600,c_limit/1975_01_06.jpg",https://www.newyorker.com/magazine/1975/01/06,covers/1975/1975-01-06.jpg,394718,ok
1975-01-13,1975,"The New Yorker January 13, 1975",,"https://media.newyorker.com/photos/59095008c14b3c606c10330e/master/w_1600,c_limit/1975_01_13.jpg",https://www.newyorker.com/magazine/1975/01/13,covers/1975/1975-01-13.jpg,798952,ok
1975-01-20,1975,"The New Yorker January 20, 1975",,"https://media.newyorker.com/photos/590950031c7a8e33fb389dd4/master/w_1600,c_limit/1975_01_20.jpg",https://www.newyorker.com/magazine/1975/01/20,covers/1975/1975-01-20.jpg,592802,ok
1975-01-27,1975,"The New Yorker January 27, 1975",,"https://media.newyorker.com/photos/590950042179605b11ad2aa6/master/w_1600,c_limit/1975_01_27.jpg",https://www.newyorker.com/magazine/1975/01/27,covers/1975/1975-01-27.jpg,606711,ok
1975-02-03,1975,"The New Yorker February 3, 1975",,"https://media.newyorker.com/photos/59095005c14b3c606c103308/master/w_1600,c_limit/1975_02_03.jpg",https://www.newyorker.com/magazine/1975/02/03,covers/1975/1975-02-03.jpg,314285,ok
1975-02-10,1975,"The New Yorker February 10, 1975",,"https://media.newyorker.com/photos/590950052179605b11ad2aaa/master/w_1600,c_limit/1975_02_10.jpg",https://www.newyorker.com/magazine/1975/02/10,covers/1975/1975-02-10.jpg,474565,ok
1975-02-17,1975,"The New Yorker February 17, 1975",,"https://media.newyorker.com/photos/590950066552fa0be682b7a9/master/w_1600,c_limit/1975_02_17.jpg",https://www.newyorker.com/magazine/1975/02/17,covers/1975/1975-02-17.jpg,989849,ok
1975-02-24,1975,"The New Yorker February 24, 1975",,"https://media.newyorker.com/photos/590950071c7a8e33fb389ddc/master/w_1600,c_limit/1975_02_24.jpg",https://www.newyorker.com/magazine/1975/02/24,covers/1975/1975-02-24.jpg,365576,ok
1975-03-03,1975,"The New Yorker March 3, 1975",,"https://media.newyorker.com/photos/590950071c7a8e33fb389dde/master/w_1600,c_limit/1975_03_03.jpg",https://www.newyorker.com/magazine/1975/03/03,covers/1975/1975-03-03.jpg,523121,ok
1975-03-10,1975,"The New Yorker March 10, 1975",,"https://media.newyorker.com/photos/590950086552fa0be682b7af/master/w_1600,c_limit/1975_03_10.jpg",https://www.newyorker.com/magazine/1975/03/10,covers/1975/1975-03-10.jpg,505495,ok
1975-03-17,1975,"The New Yorker March 17, 1975",,"https://media.newyorker.com/photos/590950092179605b11ad2aac/master/w_1600,c_limit/1975_03_17.jpg",https://www.newyorker.com/magazine/1975/03/17,covers/1975/1975-03-17.jpg,391183,ok
1975-03-24,1975,"The New Yorker March 24, 1975",,"https://media.newyorker.com/photos/5909500a2179605b11ad2aae/master/w_1600,c_limit/1975_03_24.jpg",https://www.newyorker.com/magazine/1975/03/24,covers/1975/1975-03-24.jpg,637564,ok
1975-03-31,1975,"The New Yorker March 31, 1975",,"https://media.newyorker.com/photos/59095004ebe912338a3722ed/master/w_1600,c_limit/1975_03_31.jpg",https://www.newyorker.com/magazine/1975/03/31,covers/1975/1975-03-31.jpg,701582,ok
1975-04-07,1975,"The New Yorker April 7, 1975",,"https://media.newyorker.com/photos/59095005019dfc3494e9d4ae/master/w_1600,c_limit/1975_04_07.jpg",https://www.newyorker.com/magazine/1975/04/07,covers/1975/1975-04-07.jpg,476178,ok
1975-04-14,1975,"The New Yorker April 14, 1975",,"https://media.newyorker.com/photos/59095006019dfc3494e9d4b1/master/w_1600,c_limit/1975_04_14.jpg",https://www.newyorker.com/magazine/1975/04/14,covers/1975/1975-04-14.jpg,616476,ok
1975-04-21,1975,"The New Yorker April 21, 1975",,"https://media.newyorker.com/photos/59095007c14b3c606c10330a/master/w_1600,c_limit/1975_04_21.jpg",https://www.newyorker.com/magazine/1975/04/21,covers/1975/1975-04-21.jpg,485795,ok
1975-04-28,1975,"The New Yorker April 28, 1975",,"https://media.newyorker.com/photos/59095007c14b3c606c10330c/master/w_1600,c_limit/1975_04_28.jpg",https://www.newyorker.com/magazine/1975/04/28,covers/1975/1975-04-28.jpg,675096,ok
1975-05-05,1975,"The New Yorker May 5, 1975",,"https://media.newyorker.com/photos/59095008019dfc3494e9d4b5/master/w_1600,c_limit/1975_05_05.jpg",https://www.newyorker.com/magazine/1975/05/05,covers/1975/1975-05-05.jpg,813515,ok
1975-05-12,1975,"The New Yorker May 12, 1975",,"https://media.newyorker.com/photos/590950091c7a8e33fb389de0/master/w_1600,c_limit/1975_05_12.jpg",https://www.newyorker.com/magazine/1975/05/12,covers/1975/1975-05-12.jpg,494886,ok
1975-05-19,1975,"The New Yorker May 19, 1975",,"https://media.newyorker.com/photos/5909500a1c7a8e33fb389de2/master/w_1600,c_limit/1975_05_19.jpg",https://www.newyorker.com/magazine/1975/05/19,covers/1975/1975-05-19.jpg,824799,ok
1975-05-26,1975,"The New Yorker May 26, 1975",,"https://media.newyorker.com/photos/5909500b1c7a8e33fb389de6/master/w_1600,c_limit/1975_05_26.jpg",https://www.newyorker.com/magazine/1975/05/26,covers/1975/1975-05-26.jpg,736381,ok
1975-06-02,1975,"The New Yorker June 2, 1975",,"https://media.newyorker.com/photos/5909500b2179605b11ad2ab0/master/w_1600,c_limit/1975_06_02.jpg",https://www.newyorker.com/magazine/1975/06/02,covers/1975/1975-06-02.jpg,555326,ok
1975-06-09,1975,"The New Yorker June 9, 1975",,"https://media.newyorker.com/photos/59095007019dfc3494e9d4b3/master/w_1600,c_limit/1975_06_09.jpg",https://www.newyorker.com/magazine/1975/06/09,covers/1975/1975-06-09.jpg,427294,ok
1975-06-16,1975,"The New Yorker June 16, 1975",,"https://media.newyorker.com/photos/59095008ebe912338a3722f6/master/w_1600,c_limit/1975_06_16.jpg",https://www.newyorker.com/magazine/1975/06/16,covers/1975/1975-06-16.jpg,633424,ok
1975-06-23,1975,"The New Yorker June 23, 1975",,"https://media.newyorker.com/photos/59095008ebe912338a3722f8/master/w_1600,c_limit/1975_06_23.jpg",https://www.newyorker.com/magazine/1975/06/23,covers/1975/1975-06-23.jpg,409953,ok
1975-06-30,1975,"The New Yorker June 30, 1975",,"https://media.newyorker.com/photos/59095009c14b3c606c103310/master/w_1600,c_limit/1975_06_30.jpg",https://www.newyorker.com/magazine/1975/06/30,covers/1975/1975-06-30.jpg,604865,ok
1975-07-07,1975,"The New Yorker July 7, 1975",,"https://media.newyorker.com/photos/5909500a6552fa0be682b7b3/master/w_1600,c_limit/1975_07_07.jpg",https://www.newyorker.com/magazine/1975/07/07,covers/1975/1975-07-07.jpg,512470,ok
1975-07-14,1975,"The New Yorker July 14, 1975",,"https://media.newyorker.com/photos/5909500b019dfc3494e9d4b9/master/w_1600,c_limit/1975_07_14.jpg",https://www.newyorker.com/magazine/1975/07/14,covers/1975/1975-07-14.jpg,678423,ok
1975-07-21,1975,"The New Yorker July 21, 1975",,"https://media.newyorker.com/photos/5909500bebe912338a3722fe/master/w_1600,c_limit/1975_07_21.jpg",https://www.newyorker.com/magazine/1975/07/21,covers/1975/1975-07-21.jpg,793275,ok
1975-07-28,1975,"The New Yorker July 28, 1975",,"https://media.newyorker.com/photos/5909500cebe912338a372300/master/w_1600,c_limit/1975_07_28.jpg",https://www.newyorker.com/magazine/1975/07/28,covers/1975/1975-07-28.jpg,458889,ok
1975-08-04,1975,"The New Yorker August 4, 1975",,"https://media.newyorker.com/photos/5909500d2179605b11ad2ab4/master/w_1600,c_limit/1975_08_04.jpg",https://www.newyorker.com/magazine/1975/08/04,covers/1975/1975-08-04.jpg,687892,ok
1975-08-11,1975,"The New Yorker August 11, 1975",,"https://media.newyorker.com/photos/5909500d019dfc3494e9d4bf/master/w_1600,c_limit/1975_08_11.jpg",https://www.newyorker.com/magazine/1975/08/11,covers/1975/1975-08-11.jpg,413187,ok
1975-08-18,1975,"The New Yorker August 18, 1975",,"https://media.newyorker.com/photos/590950096552fa0be682b7b1/master/w_1600,c_limit/1975_08_18.jpg",https://www.newyorker.com/magazine/1975/08/18,covers/1975/1975-08-18.jpg,699404,ok
1975-08-25,1975,"The New Yorker August 25, 1975",,"https://media.newyorker.com/photos/5909500aebe912338a3722fb/master/w_1600,c_limit/1975_08_25.jpg",https://www.newyorker.com/magazine/1975/08/25,covers/1975/1975-08-25.jpg,307260,ok
1975-09-01,1975,"The New Yorker September 1, 1975",,"https://media.newyorker.com/photos/5909500a1c7a8e33fb389de4/master/w_1600,c_limit/1975_09_01.jpg",https://www.newyorker.com/magazine/1975/09/01,covers/1975/1975-09-01.jpg,584590,ok
1975-09-08,1975,"The New Yorker September 8, 1975",,"https://media.newyorker.com/photos/5909500b1c7a8e33fb389de8/master/w_1600,c_limit/1975_09_08.jpg",https://www.newyorker.com/magazine/1975/09/08,covers/1975/1975-09-08.jpg,432757,ok
1975-09-15,1975,"The New Yorker September 15, 1975",,"https://media.newyorker.com/photos/5909500cc14b3c606c103313/master/w_1600,c_limit/1975_09_15.jpg",https://www.newyorker.com/magazine/1975/09/15,covers/1975/1975-09-15.jpg,309117,ok
1975-09-22,1975,"The New Yorker September 22, 1975",,"https://media.newyorker.com/photos/5909500d6552fa0be682b7b7/master/w_1600,c_limit/1975_09_22.jpg",https://www.newyorker.com/magazine/1975/09/22,covers/1975/1975-09-22.jpg,292054,ok
1975-09-29,1975,"The New Yorker September 29, 1975",,"https://media.newyorker.com/photos/5909500d6552fa0be682b7b9/master/w_1600,c_limit/1975_09_29.jpg",https://www.newyorker.com/magazine/1975/09/29,covers/1975/1975-09-29.jpg,691609,ok
1975-10-06,1975,"The New Yorker October 6, 1975",,"https://media.newyorker.com/photos/590980978b51cf59fc42469b/master/w_1600,c_limit/1975_10_06.jpg",https://www.newyorker.com/magazine/1975/10/06,covers/1975/1975-10-06.jpg,460435,ok
1975-10-13,1975,"The New Yorker October 13, 1975",,"https://media.newyorker.com/photos/5909503c2179605b11ad2ab9/master/w_1600,c_limit/1975_10_13.jpg",https://www.newyorker.com/magazine/1975/10/13,covers/1975/1975-10-13.jpg,448664,ok
1975-10-20,1975,"The New Yorker October 20, 1975",,"https://media.newyorker.com/photos/5909503debe912338a372306/master/w_1600,c_limit/1975_10_20.jpg",https://www.newyorker.com/magazine/1975/10/20,covers/1975/1975-10-20.jpg,380204,ok
1975-10-27,1975,"The New Yorker October 27, 1975",,"https://media.newyorker.com/photos/5909500aebe912338a3722fc/master/w_1600,c_limit/1975_10_27.jpg",https://www.newyorker.com/magazine/1975/10/27,covers/1975/1975-10-27.jpg,390053,ok
1975-11-03,1975,"The New Yorker November 3, 1975",,"https://media.newyorker.com/photos/5909500a019dfc3494e9d4b7/master/w_1600,c_limit/1975_11_03.jpg",https://www.newyorker.com/magazine/1975/11/03,covers/1975/1975-11-03.jpg,497112,ok
1975-11-10,1975,"The New Yorker November 10, 1975",,"https://media.newyorker.com/photos/5909500b019dfc3494e9d4bb/master/w_1600,c_limit/1975_11_10.jpg",https://www.newyorker.com/magazine/1975/11/10,covers/1975/1975-11-10.jpg,677862,ok
1975-11-17,1975,"The New Yorker November 17, 1975",,"https://media.newyorker.com/photos/5909500c6552fa0be682b7b5/master/w_1600,c_limit/1975_11_17.jpg",https://www.newyorker.com/magazine/1975/11/17,covers/1975/1975-11-17.jpg,552772,ok
1975-11-24,1975,"The New Yorker November 24, 1975",,"https://media.newyorker.com/photos/5909500c1c7a8e33fb389dec/master/w_1600,c_limit/1975_11_24.jpg",https://www.newyorker.com/magazine/1975/11/24,covers/1975/1975-11-24.jpg,514971,ok
1975-12-01,1975,"The New Yorker December 1, 1975",,"https://media.newyorker.com/photos/5909500d2179605b11ad2ab6/master/w_1600,c_limit/1975_12_01.jpg",https://www.newyorker.com/magazine/1975/12/01,covers/1975/1975-12-01.jpg,507706,ok
1975-12-08,1975,"The New Yorker December 8, 1975",,"https://media.newyorker.com/photos/59098097019dfc3494ea40fd/master/w_1600,c_limit/1975_12_08.jpg",https://www.newyorker.com/magazine/1975/12/08,covers/1975/1975-12-08.jpg,407206,ok
1975-12-15,1975,"The New Yorker December 15, 1975",,"https://media.newyorker.com/photos/5909503e2179605b11ad2ac3/master/w_1600,c_limit/1975_12_15.jpg",https://www.newyorker.com/magazine/1975/12/15,covers/1975/1975-12-15.jpg,457917,ok
1975-12-22,1975,"The New Yorker December 22, 1975",,"https://media.newyorker.com/photos/5909503f019dfc3494e9d4cb/master/w_1600,c_limit/1975_12_22.jpg",https://www.newyorker.com/magazine/1975/12/22,covers/1975/1975-12-22.jpg,214675,ok
1975-12-29,1975,"The New Yorker December 29, 1975",,"https://media.newyorker.com/photos/5909503febe912338a372310/master/w_1600,c_limit/1975_12_29.jpg",https://www.newyorker.com/magazine/1975/12/29,covers/1975/1975-12-29.jpg,410552,ok
1976-01-05,1976,"The New Yorker January 5, 1976",,"https://media.newyorker.com/photos/5909500b1c7a8e33fb389dea/master/w_1600,c_limit/1976_01_05.jpg",https://www.newyorker.com/magazine/1976/01/05,covers/1976/1976-01-05.jpg,182814,ok
1976-01-12,1976,"The New Yorker January 12, 1976",,"https://media.newyorker.com/photos/5909500cc14b3c606c103314/master/w_1600,c_limit/1976_01_12.jpg",https://www.newyorker.com/magazine/1976/01/12,covers/1976/1976-01-12.jpg,673711,ok
1976-01-19,1976,"The New Yorker January 19, 1976",,"https://media.newyorker.com/photos/5909500d2179605b11ad2ab3/master/w_1600,c_limit/1976_01_19.jpg",https://www.newyorker.com/magazine/1976/01/19,covers/1976/1976-01-19.jpg,322587,ok
1976-01-26,1976,"The New Yorker January 26, 1976",,"https://media.newyorker.com/photos/5909500d1c7a8e33fb389dee/master/w_1600,c_limit/1976_01_26.jpg",https://www.newyorker.com/magazine/1976/01/26,covers/1976/1976-01-26.jpg,715853,ok
1976-02-02,1976,"The New Yorker February 2, 1976",,"https://media.newyorker.com/photos/59098098fba4e90c8d8d9224/master/w_1600,c_limit/1976_02_02.jpg",https://www.newyorker.com/magazine/1976/02/02,covers/1976/1976-02-02.jpg,595580,ok
1976-02-09,1976,"The New Yorker February 9, 1976",,"https://media.newyorker.com/photos/59095040019dfc3494e9d4d1/master/w_1600,c_limit/1976_02_09.jpg",https://www.newyorker.com/magazine/1976/02/09,covers/1976/1976-02-09.jpg,719949,ok
1976-02-16,1976,"The New Yorker February 16, 1976",,"https://media.newyorker.com/photos/590950412179605b11ad2ad0/master/w_1600,c_limit/1976_02_16.jpg",https://www.newyorker.com/magazine/1976/02/16,covers/1976/1976-02-16.jpg,565240,ok
1976-02-23,1976,"The New Yorker February 23, 1976",,"https://media.newyorker.com/photos/590950421c7a8e33fb389e04/master/w_1600,c_limit/1976_02_23.jpg",https://www.newyorker.com/magazine/1976/02/23,covers/1976/1976-02-23.jpg,389899,ok
1976-03-01,1976,"The New Yorker March 1, 1976",,"https://media.newyorker.com/photos/59095042c14b3c606c103334/master/w_1600,c_limit/1976_03_01.jpg",https://www.newyorker.com/magazine/1976/03/01,covers/1976/1976-03-01.jpg,618577,ok
1976-03-08,1976,"The New Yorker March 8, 1976",,"https://media.newyorker.com/photos/590950432179605b11ad2adb/master/w_1600,c_limit/1976_03_08.jpg",https://www.newyorker.com/magazine/1976/03/08,covers/1976/1976-03-08.jpg,500018,ok
1976-03-15,1976,"The New Yorker March 15, 1976",,"https://media.newyorker.com/photos/5909500d019dfc3494e9d4be/master/w_1600,c_limit/1976_03_15.jpg",https://www.newyorker.com/magazine/1976/03/15,covers/1976/1976-03-15.jpg,491678,ok
1976-03-22,1976,"The New Yorker March 22, 1976",,"https://media.newyorker.com/photos/59098099c14b3c606c109e94/master/w_1600,c_limit/1976_03_22.jpg",https://www.newyorker.com/magazine/1976/03/22,covers/1976/1976-03-22.jpg,713484,ok
1976-03-29,1976,"The New Yorker March 29, 1976",,"https://media.newyorker.com/photos/590950441c7a8e33fb389e0e/master/w_1600,c_limit/1976_03_29.jpg",https://www.newyorker.com/magazine/1976/03/29,covers/1976/1976-03-29.jpg,591091,ok
1976-04-05,1976,"The New Yorker April 5, 1976",,"https://media.newyorker.com/photos/590950456552fa0be682b7d8/master/w_1600,c_limit/1976_04_05.jpg",https://www.newyorker.com/magazine/1976/04/05,covers/1976/1976-04-05.jpg,562724,ok
1976-04-12,1976,"The New Yorker April 12, 1976",,"https://media.newyorker.com/photos/590950462179605b11ad2ae8/master/w_1600,c_limit/1976_04_12.jpg",https://www.newyorker.com/magazine/1976/04/12,covers/1976/1976-04-12.jpg,514213,ok
1976-04-19,1976,"The New Yorker April 19, 1976",,"https://media.newyorker.com/photos/59095047ebe912338a372339/master/w_1600,c_limit/1976_04_19.jpg",https://www.newyorker.com/magazine/1976/04/19,covers/1976/1976-04-19.jpg,637504,ok
1976-04-26,1976,"The New Yorker April 26, 1976",,"https://media.newyorker.com/photos/59095048019dfc3494e9d4f7/master/w_1600,c_limit/1976_04_26.jpg",https://www.newyorker.com/magazine/1976/04/26,covers/1976/1976-04-26.jpg,255636,ok
1976-05-03,1976,"The New Yorker May 3, 1976",,"https://media.newyorker.com/photos/59095048ebe912338a372346/master/w_1600,c_limit/1976_05_03.jpg",https://www.newyorker.com/magazine/1976/05/03,covers/1976/1976-05-03.jpg,455033,ok
1976-05-10,1976,"The New Yorker May 10, 1976",,"https://media.newyorker.com/photos/590950491c7a8e33fb389e22/master/w_1600,c_limit/1976_05_10.jpg",https://www.newyorker.com/magazine/1976/05/10,covers/1976/1976-05-10.jpg,631166,ok
1976-05-17,1976,"The New Yorker May 17, 1976",,"https://media.newyorker.com/photos/5909504a6552fa0be682b7e9/master/w_1600,c_limit/1976_05_17.jpg",https://www.newyorker.com/magazine/1976/05/17,covers/1976/1976-05-17.jpg,554444,ok
1976-05-24,1976,"The New Yorker May 24, 1976",,"https://media.newyorker.com/photos/5909504b019dfc3494e9d503/master/w_1600,c_limit/1976_05_24.jpg",https://www.newyorker.com/magazine/1976/05/24,covers/1976/1976-05-24.jpg,294166,ok
1976-05-31,1976,"The New Yorker May 31, 1976",,"https://media.newyorker.com/photos/5909504bebe912338a37234e/master/w_1600,c_limit/1976_05_31.jpg",https://www.newyorker.com/magazine/1976/05/31,covers/1976/1976-05-31.jpg,408848,ok
1976-06-07,1976,"The New Yorker June 7, 1976",,"https://media.newyorker.com/photos/5909504c2179605b11ad2afd/master/w_1600,c_limit/1976_06_07.jpg",https://www.newyorker.com/magazine/1976/06/07,covers/1976/1976-06-07.jpg,456921,ok
1976-06-14,1976,"The New Yorker June 14, 1976",,"https://media.newyorker.com/photos/5909504d2179605b11ad2b02/master/w_1600,c_limit/1976_06_14.jpg",https://www.newyorker.com/magazine/1976/06/14,covers/1976/1976-06-14.jpg,371245,ok
1976-06-21,1976,"The New Yorker June 21, 1976",,"https://media.newyorker.com/photos/5909504e2179605b11ad2b05/master/w_1600,c_limit/1976_06_21.jpg",https://www.newyorker.com/magazine/1976/06/21,covers/1976/1976-06-21.jpg,757024,ok
1976-06-28,1976,"The New Yorker June 28, 1976",,"https://media.newyorker.com/photos/5909504f019dfc3494e9d51b/master/w_1600,c_limit/1976_06_28.jpg",https://www.newyorker.com/magazine/1976/06/28,covers/1976/1976-06-28.jpg,394865,ok
1976-07-05,1976,"The New Yorker July 5, 1976",,"https://media.newyorker.com/photos/5909504febe912338a37235a/master/w_1600,c_limit/1976_07_05.jpg",https://www.newyorker.com/magazine/1976/07/05,covers/1976/1976-07-05.jpg,436327,ok
1976-07-12,1976,"The New Yorker July 12, 1976",,"https://media.newyorker.com/photos/5909503e2179605b11ad2ac2/master/w_1600,c_limit/1976_07_12.jpg",https://www.newyorker.com/magazine/1976/07/12,covers/1976/1976-07-12.jpg,550233,ok
1976-07-19,1976,"The New Yorker July 19, 1976",,"https://media.newyorker.com/photos/5909503f1c7a8e33fb389df5/master/w_1600,c_limit/1976_07_19.jpg",https://www.newyorker.com/magazine/1976/07/19,covers/1976/1976-07-19.jpg,444720,ok
1976-07-26,1976,"The New Yorker July 26, 1976",,"https://media.newyorker.com/photos/5909503f019dfc3494e9d4cd/master/w_1600,c_limit/1976_07_26.jpg",https://www.newyorker.com/magazine/1976/07/26,covers/1976/1976-07-26.jpg,354729,ok
1976-08-02,1976,"The New Yorker August 2, 1976",,"https://media.newyorker.com/photos/590950401c7a8e33fb389dfe/master/w_1600,c_limit/1976_08_02.jpg",https://www.newyorker.com/magazine/1976/08/02,covers/1976/1976-08-02.jpg,404115,ok
1976-08-09,1976,"The New Yorker August 9, 1976",,"https://media.newyorker.com/photos/590950416552fa0be682b7c9/master/w_1600,c_limit/1976_08_09.jpg",https://www.newyorker.com/magazine/1976/08/09,covers/1976/1976-08-09.jpg,397691,ok
1976-08-16,1976,"The New Yorker August 16, 1976",,"https://media.newyorker.com/photos/59095041ebe912338a37231d/master/w_1600,c_limit/1976_08_16.jpg",https://www.newyorker.com/magazine/1976/08/16,covers/1976/1976-08-16.jpg,634534,ok
1976-08-23,1976,"The New Yorker August 23, 1976",,"https://media.newyorker.com/photos/59095042019dfc3494e9d4d8/master/w_1600,c_limit/1976_08_23.jpg",https://www.newyorker.com/magazine/1976/08/23,covers/1976/1976-08-23.jpg,287628,ok
1976-08-30,1976,"The New Yorker August 30, 1976",,"https://media.newyorker.com/photos/590950436552fa0be682b7cf/master/w_1600,c_limit/1976_08_30.jpg",https://www.newyorker.com/magazine/1976/08/30,covers/1976/1976-08-30.jpg,580880,ok
1976-09-06,1976,"The New Yorker September 6, 1976",,"https://media.newyorker.com/photos/590950431c7a8e33fb389e0a/master/w_1600,c_limit/1976_09_06.jpg",https://www.newyorker.com/magazine/1976/09/06,covers/1976/1976-09-06.jpg,247698,ok
1976-09-13,1976,"The New Yorker September 13, 1976",,"https://media.newyorker.com/photos/59095044019dfc3494e9d4e5/master/w_1600,c_limit/1976_09_13.jpg",https://www.newyorker.com/magazine/1976/09/13,covers/1976/1976-09-13.jpg,538715,ok
1976-09-20,1976,"The New Yorker September 20, 1976",,"https://media.newyorker.com/photos/590950452179605b11ad2ae5/master/w_1600,c_limit/1976_09_20.jpg",https://www.newyorker.com/magazine/1976/09/20,covers/1976/1976-09-20.jpg,307980,ok
1976-09-27,1976,"The New Yorker September 27, 1976",,"https://media.newyorker.com/photos/59095046ebe912338a372336/master/w_1600,c_limit/1976_09_27.jpg",https://www.newyorker.com/magazine/1976/09/27,covers/1976/1976-09-27.jpg,637824,ok
1976-10-04,1976,"The New Yorker October 4, 1976",,"https://media.newyorker.com/photos/59095047ebe912338a37233a/master/w_1600,c_limit/1976_10_04.jpg",https://www.newyorker.com/magazine/1976/10/04,covers/1976/1976-10-04.jpg,423707,ok
1976-10-11,1976,"The New Yorker October 11, 1976",,"https://media.newyorker.com/photos/590950482179605b11ad2aec/master/w_1600,c_limit/1976_10_11.jpg",https://www.newyorker.com/magazine/1976/10/11,covers/1976/1976-10-11.jpg,312306,ok
1976-10-18,1976,"The New Yorker October 18, 1976",,"https://media.newyorker.com/photos/590950491c7a8e33fb389e1e/master/w_1600,c_limit/1976_10_18.jpg",https://www.newyorker.com/magazine/1976/10/18,covers/1976/1976-10-18.jpg,584913,ok
1976-10-25,1976,"The New Yorker October 25, 1976",,"https://media.newyorker.com/photos/59095049019dfc3494e9d4fd/master/w_1600,c_limit/1976_10_25.jpg",https://www.newyorker.com/magazine/1976/10/25,covers/1976/1976-10-25.jpg,648735,ok
1976-11-01,1976,"The New Yorker November 1, 1976",,"https://media.newyorker.com/photos/5909504ac14b3c606c10334c/master/w_1600,c_limit/1976_11_01.jpg",https://www.newyorker.com/magazine/1976/11/01,covers/1976/1976-11-01.jpg,790546,ok
1976-11-08,1976,"The New Yorker November 8, 1976",,"https://media.newyorker.com/photos/5909504b6552fa0be682b7eb/master/w_1600,c_limit/1976_11_08.jpg",https://www.newyorker.com/magazine/1976/11/08,covers/1976/1976-11-08.jpg,422752,ok
1976-11-15,1976,"The New Yorker November 15, 1976",,"https://media.newyorker.com/photos/5909504b2179605b11ad2af8/master/w_1600,c_limit/1976_11_15.jpg",https://www.newyorker.com/magazine/1976/11/15,covers/1976/1976-11-15.jpg,704829,ok
1976-11-22,1976,"The New Yorker November 22, 1976",,"https://media.newyorker.com/photos/5909504c6552fa0be682b7ed/master/w_1600,c_limit/1976_11_22.jpg",https://www.newyorker.com/magazine/1976/11/22,covers/1976/1976-11-22.jpg,601931,ok
1976-11-29,1976,"The New Yorker November 29, 1976",,"https://media.newyorker.com/photos/5909504d019dfc3494e9d50f/master/w_1600,c_limit/1976_11_29.jpg",https://www.newyorker.com/magazine/1976/11/29,covers/1976/1976-11-29.jpg,387579,ok
1976-12-06,1976,"The New Yorker December 6, 1976",,"https://media.newyorker.com/photos/5909504d019dfc3494e9d513/master/w_1600,c_limit/1976_12_06.jpg",https://www.newyorker.com/magazine/1976/12/06,covers/1976/1976-12-06.jpg,480394,ok
1976-12-27,1976,"The New Yorker December 27, 1976",,"https://media.newyorker.com/photos/590950506552fa0be682b7fb/master/w_1600,c_limit/1976_12_27.jpg",https://www.newyorker.com/magazine/1976/12/27,covers/1976/1976-12-27.jpg,575406,ok
1977-02-14,1977,"The New Yorker February 14, 1977",,"https://media.newyorker.com/photos/59095041ebe912338a372318/master/w_1600,c_limit/1977_02_14.jpg",https://www.newyorker.com/magazine/1977/02/14,covers/1977/1977-02-14.jpg,176118,ok
1977-02-21,1977,"The New Yorker February 21, 1977",,"https://media.newyorker.com/photos/59095041c14b3c606c10332e/master/w_1600,c_limit/1977_02_21.jpg",https://www.newyorker.com/magazine/1977/02/21,covers/1977/1977-02-21.jpg,383764,ok
1977-02-28,1977,"The New Yorker February 28, 1977",,"https://media.newyorker.com/photos/59095042ebe912338a372320/master/w_1600,c_limit/1977_02_28.jpg",https://www.newyorker.com/magazine/1977/02/28,covers/1977/1977-02-28.jpg,695477,ok
1977-03-07,1977,"The New Yorker March 7, 1977",,"https://media.newyorker.com/photos/59095043ebe912338a372324/master/w_1600,c_limit/1977_03_07.jpg",https://www.newyorker.com/magazine/1977/03/07,covers/1977/1977-03-07.jpg,181292,ok
1977-03-14,1977,"The New Yorker March 14, 1977",,"https://media.newyorker.com/photos/590950432179605b11ad2adc/master/w_1600,c_limit/1977_03_14.jpg",https://www.newyorker.com/magazine/1977/03/14,covers/1977/1977-03-14.jpg,706681,ok
1977-03-21,1977,"The New Yorker March 21, 1977",,"https://media.newyorker.com/photos/590950446552fa0be682b7d5/master/w_1600,c_limit/1977_03_21.jpg",https://www.newyorker.com/magazine/1977/03/21,covers/1977/1977-03-21.jpg,310515,ok
1977-03-28,1977,"The New Yorker March 28, 1977",,"https://media.newyorker.com/photos/59095045ebe912338a372334/master/w_1600,c_limit/1977_03_28.jpg",https://www.newyorker.com/magazine/1977/03/28,covers/1977/1977-03-28.jpg,306289,ok
1977-04-04,1977,"The New Yorker April 4, 1977",,"https://media.newyorker.com/photos/590950461c7a8e33fb389e15/master/w_1600,c_limit/1977_04_04.jpg",https://www.newyorker.com/magazine/1977/04/04,covers/1977/1977-04-04.jpg,603162,ok
1977-04-11,1977,"The New Yorker April 11, 1977",,"https://media.newyorker.com/photos/590950476552fa0be682b7df/master/w_1600,c_limit/1977_04_11.jpg",https://www.newyorker.com/magazine/1977/04/11,covers/1977/1977-04-11.jpg,644908,ok
1977-04-18,1977,"The New Yorker April 18, 1977",,"https://media.newyorker.com/photos/59095048019dfc3494e9d4f5/master/w_1600,c_limit/1977_04_18.jpg",https://www.newyorker.com/magazine/1977/04/18,covers/1977/1977-04-18.jpg,1380031,ok
1977-04-25,1977,"The New Yorker April 25, 1977",,"https://media.newyorker.com/photos/590950482179605b11ad2aef/master/w_1600,c_limit/1977_04_25.jpg",https://www.newyorker.com/magazine/1977/04/25,covers/1977/1977-04-25.jpg,726590,ok
1977-05-02,1977,"The New Yorker May 2, 1977",,"https://media.newyorker.com/photos/59095049019dfc3494e9d4fc/master/w_1600,c_limit/1977_05_02.jpg",https://www.newyorker.com/magazine/1977/05/02,covers/1977/1977-05-02.jpg,316671,ok
1977-05-09,1977,"The New Yorker May 9, 1977",,"https://media.newyorker.com/photos/5909504a1c7a8e33fb389e26/master/w_1600,c_limit/1977_05_09.jpg",https://www.newyorker.com/magazine/1977/05/09,covers/1977/1977-05-09.jpg,482541,ok
1977-05-16,1977,"The New Yorker May 16, 1977",,"https://media.newyorker.com/photos/5909504ac14b3c606c103350/master/w_1600,c_limit/1977_05_16.jpg",https://www.newyorker.com/magazine/1977/05/16,covers/1977/1977-05-16.jpg,452383,ok
1977-05-23,1977,"The New Yorker May 23, 1977",,"https://media.newyorker.com/photos/5909504b1c7a8e33fb389e2f/master/w_1600,c_limit/1977_05_23.jpg",https://www.newyorker.com/magazine/1977/05/23,covers/1977/1977-05-23.jpg,590581,ok
1977-05-30,1977,"The New Yorker May 30, 1977",,"https://media.newyorker.com/photos/5909504cc14b3c606c103357/master/w_1600,c_limit/1977_05_30.jpg",https://www.newyorker.com/magazine/1977/05/30,covers/1977/1977-05-30.jpg,368732,ok
1977-06-06,1977,"The New Yorker June 6, 1977",,"https://media.newyorker.com/photos/5909504c019dfc3494e9d50d/master/w_1600,c_limit/1977_06_06.jpg",https://www.newyorker.com/magazine/1977/06/06,covers/1977/1977-06-06.jpg,681812,ok
1977-06-13,1977,"The New Yorker June 13, 1977",,"https://media.newyorker.com/photos/5909504d2179605b11ad2b01/master/w_1600,c_limit/1977_06_13.jpg",https://www.newyorker.com/magazine/1977/06/13,covers/1977/1977-06-13.jpg,450201,ok
1977-06-20,1977,"The New Yorker June 20, 1977",,"https://media.newyorker.com/photos/5909504e6552fa0be682b7f5/master/w_1600,c_limit/1977_06_20.jpg",https://www.newyorker.com/magazine/1977/06/20,covers/1977/1977-06-20.jpg,495815,ok
1977-06-27,1977,"The New Yorker June 27, 1977",,"https://media.newyorker.com/photos/5909503cc14b3c606c103316/master/w_1600,c_limit/1977_06_27.jpg",https://www.newyorker.com/magazine/1977/06/27,covers/1977/1977-06-27.jpg,614641,ok
1977-07-04,1977,"The New Yorker July 4, 1977",,"https://media.newyorker.com/photos/5909503debe912338a37230a/master/w_1600,c_limit/1977_07_04.jpg",https://www.newyorker.com/magazine/1977/07/04,covers/1977/1977-07-04.jpg,809928,ok
1977-07-11,1977,"The New Yorker July 11, 1977",,"https://media.newyorker.com/photos/5909503e019dfc3494e9d4c9/master/w_1600,c_limit/1977_07_11.jpg",https://www.newyorker.com/magazine/1977/07/11,covers/1977/1977-07-11.jpg,637016,ok
1977-07-18,1977,"The New Yorker July 18, 1977",,"https://media.newyorker.com/photos/5909503f2179605b11ad2ac8/master/w_1600,c_limit/1977_07_18.jpg",https://www.newyorker.com/magazine/1977/07/18,covers/1977/1977-07-18.jpg,354329,ok
1977-07-25,1977,"The New Yorker July 25, 1977",,"https://media.newyorker.com/photos/5909503fc14b3c606c103325/master/w_1600,c_limit/1977_07_25.jpg",https://www.newyorker.com/magazine/1977/07/25,covers/1977/1977-07-25.jpg,650023,ok
1977-08-01,1977,"The New Yorker August 1, 1977",,"https://media.newyorker.com/photos/59095040ebe912338a372313/master/w_1600,c_limit/1977_08_01.jpg",https://www.newyorker.com/magazine/1977/08/01,covers/1977/1977-08-01.jpg,535967,ok
1977-08-08,1977,"The New Yorker August 8, 1977",,"https://media.newyorker.com/photos/59095041c14b3c606c10332c/master/w_1600,c_limit/1977_08_08.jpg",https://www.newyorker.com/magazine/1977/08/08,covers/1977/1977-08-08.jpg,335446,ok
1977-08-15,1977,"The New Yorker August 15, 1977",,"https://media.newyorker.com/photos/590950412179605b11ad2ad4/master/w_1600,c_limit/1977_08_15.jpg",https://www.newyorker.com/magazine/1977/08/15,covers/1977/1977-08-15.jpg,307669,ok
1977-08-22,1977,"The New Yorker August 22, 1977",,"https://media.newyorker.com/photos/590950421c7a8e33fb389e08/master/w_1600,c_limit/1977_08_22.jpg",https://www.newyorker.com/magazine/1977/08/22,covers/1977/1977-08-22.jpg,469762,ok
1977-08-29,1977,"The New Yorker August 29, 1977",,"https://media.newyorker.com/photos/590950432179605b11ad2ad9/master/w_1600,c_limit/1977_08_29.jpg",https://www.newyorker.com/magazine/1977/08/29,covers/1977/1977-08-29.jpg,426769,ok
1977-09-05,1977,"The New Yorker September 5, 1977",,"https://media.newyorker.com/photos/590950446552fa0be682b7d3/master/w_1600,c_limit/1977_09_05.jpg",https://www.newyorker.com/magazine/1977/09/05,covers/1977/1977-09-05.jpg,728408,ok
1977-09-12,1977,"The New Yorker September 12, 1977",,"https://media.newyorker.com/photos/59095044019dfc3494e9d4e7/master/w_1600,c_limit/1977_09_12.jpg",https://www.newyorker.com/magazine/1977/09/12,covers/1977/1977-09-12.jpg,544549,ok
1977-09-19,1977,"The New Yorker September 19, 1977",,"https://media.newyorker.com/photos/590950452179605b11ad2ae4/master/w_1600,c_limit/1977_09_19.jpg",https://www.newyorker.com/magazine/1977/09/19,covers/1977/1977-09-19.jpg,534953,ok
1977-09-26,1977,"The New Yorker September 26, 1977",,"https://media.newyorker.com/photos/590950466552fa0be682b7dc/master/w_1600,c_limit/1977_09_26.jpg",https://www.newyorker.com/magazine/1977/09/26,covers/1977/1977-09-26.jpg,878950,ok
1977-10-03,1977,"The New Yorker October 3, 1977",,"https://media.newyorker.com/photos/59095047c14b3c606c10333e/master/w_1600,c_limit/1977_10_03.jpg",https://www.newyorker.com/magazine/1977/10/03,covers/1977/1977-10-03.jpg,544340,ok
1977-10-10,1977,"The New Yorker October 10, 1977",,"https://media.newyorker.com/photos/590950482179605b11ad2aeb/master/w_1600,c_limit/1977_10_10.jpg",https://www.newyorker.com/magazine/1977/10/10,covers/1977/1977-10-10.jpg,406857,ok
1977-10-17,1977,"The New Yorker October 17, 1977",,"https://media.newyorker.com/photos/59095048ebe912338a372344/master/w_1600,c_limit/1977_10_17.jpg",https://www.newyorker.com/magazine/1977/10/17,covers/1977/1977-10-17.jpg,618272,ok
1977-10-24,1977,"The New Yorker October 24, 1977",,"https://media.newyorker.com/photos/590950491c7a8e33fb389e21/master/w_1600,c_limit/1977_10_24.jpg",https://www.newyorker.com/magazine/1977/10/24,covers/1977/1977-10-24.jpg,526758,ok
1977-10-31,1977,"The New Yorker October 31, 1977",,"https://media.newyorker.com/photos/5909504a6552fa0be682b7e8/master/w_1600,c_limit/1977_10_31.jpg",https://www.newyorker.com/magazine/1977/10/31,covers/1977/1977-10-31.jpg,541795,ok
1977-11-07,1977,"The New Yorker November 7, 1977",,"https://media.newyorker.com/photos/5909504bebe912338a37234c/master/w_1600,c_limit/1977_11_07.jpg",https://www.newyorker.com/magazine/1977/11/07,covers/1977/1977-11-07.jpg,336158,ok
1977-11-14,1977,"The New Yorker November 14, 1977",,"https://media.newyorker.com/photos/5909504c019dfc3494e9d509/master/w_1600,c_limit/1977_11_14.jpg",https://www.newyorker.com/magazine/1977/11/14,covers/1977/1977-11-14.jpg,454030,ok
1977-11-21,1977,"The New Yorker November 21, 1977",,"https://media.newyorker.com/photos/5909504dc14b3c606c10335e/master/w_1600,c_limit/1977_11_21.jpg",https://www.newyorker.com/magazine/1977/11/21,covers/1977/1977-11-21.jpg,653504,ok
1977-11-28,1977,"The New Yorker November 28, 1977",,"https://media.newyorker.com/photos/5909504debe912338a372356/master/w_1600,c_limit/1977_11_28.jpg",https://www.newyorker.com/magazine/1977/11/28,covers/1977/1977-11-28.jpg,456152,ok
1977-12-05,1977,"The New Yorker December 5, 1977",,"https://media.newyorker.com/photos/5909504e2179605b11ad2b06/master/w_1600,c_limit/1977_12_05.jpg",https://www.newyorker.com/magazine/1977/12/05,covers/1977/1977-12-05.jpg,438264,ok
1977-12-12,1977,"The New Yorker December 12, 1977",,"https://media.newyorker.com/photos/5909504f6552fa0be682b7f9/master/w_1600,c_limit/1977_12_12.jpg",https://www.newyorker.com/magazine/1977/12/12,covers/1977/1977-12-12.jpg,778640,ok
1977-12-19,1977,"The New Yorker December 19, 1977",,"https://media.newyorker.com/photos/5909503debe912338a372303/master/w_1600,c_limit/1977_12_19.jpg",https://www.newyorker.com/magazine/1977/12/19,covers/1977/1977-12-19.jpg,546636,ok
1977-12-26,1977,"The New Yorker December 26, 1977",,"https://media.newyorker.com/photos/5909503e1c7a8e33fb389df2/master/w_1600,c_limit/1977_12_26.jpg",https://www.newyorker.com/magazine/1977/12/26,covers/1977/1977-12-26.jpg,735488,ok
1978-01-02,1978,"The New Yorker January 2, 1978",,"https://media.newyorker.com/photos/5909503e6552fa0be682b7bf/master/w_1600,c_limit/1978_01_02.jpg",https://www.newyorker.com/magazine/1978/01/02,covers/1978/1978-01-02.jpg,404333,ok
1978-01-09,1978,"The New Yorker January 9, 1978",,"https://media.newyorker.com/photos/5909503f6552fa0be682b7c4/master/w_1600,c_limit/1978_01_09.jpg",https://www.newyorker.com/magazine/1978/01/09,covers/1978/1978-01-09.jpg,510776,ok
1978-01-16,1978,"The New Yorker January 16, 1978",,"https://media.newyorker.com/photos/59095040019dfc3494e9d4cf/master/w_1600,c_limit/1978_01_16.jpg",https://www.newyorker.com/magazine/1978/01/16,covers/1978/1978-01-16.jpg,405183,ok
1978-01-23,1978,"The New Yorker January 23, 1978",,"https://media.newyorker.com/photos/590950411c7a8e33fb389e02/master/w_1600,c_limit/1978_01_23.jpg",https://www.newyorker.com/magazine/1978/01/23,covers/1978/1978-01-23.jpg,359541,ok
1978-01-30,1978,"The New Yorker January 30, 1978",,"https://media.newyorker.com/photos/59095041ebe912338a37231e/master/w_1600,c_limit/1978_01_30.jpg",https://www.newyorker.com/magazine/1978/01/30,covers/1978/1978-01-30.jpg,601375,ok
1978-02-06,1978,"The New Yorker February 6, 1978",,"https://media.newyorker.com/photos/590950421c7a8e33fb389e07/master/w_1600,c_limit/1978_02_06.jpg",https://www.newyorker.com/magazine/1978/02/06,covers/1978/1978-02-06.jpg,528375,ok
1978-02-13,1978,"The New Yorker February 13, 1978",,"https://media.newyorker.com/photos/59095043019dfc3494e9d4df/master/w_1600,c_limit/1978_02_13.jpg",https://www.newyorker.com/magazine/1978/02/13,covers/1978/1978-02-13.jpg,244362,ok
1978-02-20,1978,"The New Yorker February 20, 1978",,"https://media.newyorker.com/photos/59095044019dfc3494e9d4e1/master/w_1600,c_limit/1978_02_20.jpg",https://www.newyorker.com/magazine/1978/02/20,covers/1978/1978-02-20.jpg,379153,ok
1978-02-27,1978,"The New Yorker February 27, 1978",,"https://media.newyorker.com/photos/590950442179605b11ad2ae0/master/w_1600,c_limit/1978_02_27.jpg",https://www.newyorker.com/magazine/1978/02/27,covers/1978/1978-02-27.jpg,806844,ok
1978-03-06,1978,"The New Yorker March 6, 1978",,"https://media.newyorker.com/photos/590950451c7a8e33fb389e10/master/w_1600,c_limit/1978_03_06.jpg",https://www.newyorker.com/magazine/1978/03/06,covers/1978/1978-03-06.jpg,406822,ok
1978-03-13,1978,"The New Yorker March 13, 1978",,"https://media.newyorker.com/photos/590950466552fa0be682b7dd/master/w_1600,c_limit/1978_03_13.jpg",https://www.newyorker.com/magazine/1978/03/13,covers/1978/1978-03-13.jpg,552750,ok
1978-03-20,1978,"The New Yorker March 20, 1978",,"https://media.newyorker.com/photos/59095047019dfc3494e9d4f1/master/w_1600,c_limit/1978_03_20.jpg",https://www.newyorker.com/magazine/1978/03/20,covers/1978/1978-03-20.jpg,348172,ok
1978-03-27,1978,"The New Yorker March 27, 1978",,"https://media.newyorker.com/photos/590950471c7a8e33fb389e1c/master/w_1600,c_limit/1978_03_27.jpg",https://www.newyorker.com/magazine/1978/03/27,covers/1978/1978-03-27.jpg,367991,ok
1978-04-03,1978,"The New Yorker April 3, 1978",,"https://media.newyorker.com/photos/590950486552fa0be682b7e1/master/w_1600,c_limit/1978_04_03.jpg",https://www.newyorker.com/magazine/1978/04/03,covers/1978/1978-04-03.jpg,578238,ok
1978-04-10,1978,"The New Yorker April 10, 1978",,"https://media.newyorker.com/photos/590950496552fa0be682b7e3/master/w_1600,c_limit/1978_04_10.jpg",https://www.newyorker.com/magazine/1978/04/10,covers/1978/1978-04-10.jpg,367745,ok
1978-04-17,1978,"The New Yorker April 17, 1978",,"https://media.newyorker.com/photos/5909504aebe912338a37234a/master/w_1600,c_limit/1978_04_17.jpg",https://www.newyorker.com/magazine/1978/04/17,covers/1978/1978-04-17.jpg,745864,ok
1978-04-24,1978,"The New Yorker April 24, 1978",,"https://media.newyorker.com/photos/5909504ac14b3c606c10334e/master/w_1600,c_limit/1978_04_24.jpg",https://www.newyorker.com/magazine/1978/04/24,covers/1978/1978-04-24.jpg,388774,ok
1978-05-01,1978,"The New Yorker May 1, 1978",,"https://media.newyorker.com/photos/5909504b1c7a8e33fb389e2e/master/w_1600,c_limit/1978_05_01.jpg",https://www.newyorker.com/magazine/1978/05/01,covers/1978/1978-05-01.jpg,206725,ok
1978-05-08,1978,"The New Yorker May 8, 1978",,"https://media.newyorker.com/photos/5909504cebe912338a372350/master/w_1600,c_limit/1978_05_08.jpg",https://www.newyorker.com/magazine/1978/05/08,covers/1978/1978-05-08.jpg,499407,ok
1978-05-15,1978,"The New Yorker May 15, 1978",,"https://media.newyorker.com/photos/5909504cebe912338a372353/master/w_1600,c_limit/1978_05_15.jpg",https://www.newyorker.com/magazine/1978/05/15,covers/1978/1978-05-15.jpg,366479,ok
1978-05-22,1978,"The New Yorker May 22, 1978",,"https://media.newyorker.com/photos/5909504d6552fa0be682b7f3/master/w_1600,c_limit/1978_05_22.jpg",https://www.newyorker.com/magazine/1978/05/22,covers/1978/1978-05-22.jpg,313511,ok
1978-05-29,1978,"The New Yorker May 29, 1978",,"https://media.newyorker.com/photos/5909504e019dfc3494e9d517/master/w_1600,c_limit/1978_05_29.jpg",https://www.newyorker.com/magazine/1978/05/29,covers/1978/1978-05-29.jpg,289298,ok
1978-06-05,1978,"The New Yorker June 5, 1978",,"https://media.newyorker.com/photos/5909504fc14b3c606c103366/master/w_1600,c_limit/1978_06_05.jpg",https://www.newyorker.com/magazine/1978/06/05,covers/1978/1978-06-05.jpg,713173,ok
1978-06-12,1978,"The New Yorker June 12, 1978",,"https://media.newyorker.com/photos/5909503d019dfc3494e9d4c3/master/w_1600,c_limit/1978_06_12.jpg",https://www.newyorker.com/magazine/1978/06/12,covers/1978/1978-06-12.jpg,499738,ok
1978-06-19,1978,"The New Yorker June 19, 1978",,"https://media.newyorker.com/photos/5909503d019dfc3494e9d4c5/master/w_1600,c_limit/1978_06_19.jpg",https://www.newyorker.com/magazine/1978/06/19,covers/1978/1978-06-19.jpg,451966,ok
1978-06-26,1978,"The New Yorker June 26, 1978",,"https://media.newyorker.com/photos/5909503ec14b3c606c103320/master/w_1600,c_limit/1978_06_26.jpg",https://www.newyorker.com/magazine/1978/06/26,covers/1978/1978-06-26.jpg,366925,ok
1978-07-03,1978,"The New Yorker July 3, 1978",,"https://media.newyorker.com/photos/5909503fc14b3c606c103322/master/w_1600,c_limit/1978_07_03.jpg",https://www.newyorker.com/magazine/1978/07/03,covers/1978/1978-07-03.jpg,421286,ok
1978-07-10,1978,"The New Yorker July 10, 1978",,"https://media.newyorker.com/photos/590950406552fa0be682b7c7/master/w_1600,c_limit/1978_07_10.jpg",https://www.newyorker.com/magazine/1978/07/10,covers/1978/1978-07-10.jpg,721914,ok
1978-07-17,1978,"The New Yorker July 17, 1978",,"https://media.newyorker.com/photos/590950401c7a8e33fb389e00/master/w_1600,c_limit/1978_07_17.jpg",https://www.newyorker.com/magazine/1978/07/17,covers/1978/1978-07-17.jpg,559939,ok
1978-07-24,1978,"The New Yorker July 24, 1978",,"https://media.newyorker.com/photos/59095041ebe912338a37231a/master/w_1600,c_limit/1978_07_24.jpg",https://www.newyorker.com/magazine/1978/07/24,covers/1978/1978-07-24.jpg,320389,ok
1978-07-31,1978,"The New Yorker July 31, 1978",,"https://media.newyorker.com/photos/59095042c14b3c606c103332/master/w_1600,c_limit/1978_07_31.jpg",https://www.newyorker.com/magazine/1978/07/31,covers/1978/1978-07-31.jpg,245710,ok
1978-08-07,1978,"The New Yorker August 7, 1978",,"https://media.newyorker.com/photos/59095042ebe912338a372322/master/w_1600,c_limit/1978_08_07.jpg",https://www.newyorker.com/magazine/1978/08/07,covers/1978/1978-08-07.jpg,437802,ok
1978-08-14,1978,"The New Yorker August 14, 1978",,"https://media.newyorker.com/photos/590950436552fa0be682b7d1/master/w_1600,c_limit/1978_08_14.jpg",https://www.newyorker.com/magazine/1978/08/14,covers/1978/1978-08-14.jpg,431269,ok
1978-08-21,1978,"The New Yorker August 21, 1978",,"https://media.newyorker.com/photos/59095044019dfc3494e9d4e3/master/w_1600,c_limit/1978_08_21.jpg",https://www.newyorker.com/magazine/1978/08/21,covers/1978/1978-08-21.jpg,495836,ok
1978-08-28,1978,"The New Yorker August 28, 1978",,"https://media.newyorker.com/photos/59095044ebe912338a372330/master/w_1600,c_limit/1978_08_28.jpg",https://www.newyorker.com/magazine/1978/08/28,covers/1978/1978-08-28.jpg,319304,ok
1978-09-04,1978,"The New Yorker September 4, 1978",,"https://media.newyorker.com/photos/590950456552fa0be682b7d9/master/w_1600,c_limit/1978_09_04.jpg",https://www.newyorker.com/magazine/1978/09/04,covers/1978/1978-09-04.jpg,581398,ok
1978-09-11,1978,"The New Yorker September 11, 1978",,"https://media.newyorker.com/photos/590950461c7a8e33fb389e16/master/w_1600,c_limit/1978_09_11.jpg",https://www.newyorker.com/magazine/1978/09/11,covers/1978/1978-09-11.jpg,471492,ok
1978-09-18,1978,"The New Yorker September 18, 1978",,"https://media.newyorker.com/photos/590950471c7a8e33fb389e1a/master/w_1600,c_limit/1978_09_18.jpg",https://www.newyorker.com/magazine/1978/09/18,covers/1978/1978-09-18.jpg,449109,ok
1978-09-25,1978,"The New Yorker September 25, 1978",,"https://media.newyorker.com/photos/59095048c14b3c606c103342/master/w_1600,c_limit/1978_09_25.jpg",https://www.newyorker.com/magazine/1978/09/25,covers/1978/1978-09-25.jpg,363101,ok
1978-10-02,1978,"The New Yorker October 2, 1978",,"https://media.newyorker.com/photos/590950492179605b11ad2af0/master/w_1600,c_limit/1978_10_02.jpg",https://www.newyorker.com/magazine/1978/10/02,covers/1978/1978-10-02.jpg,713761,ok
1978-10-09,1978,"The New Yorker October 9, 1978",,"https://media.newyorker.com/photos/59095049c14b3c606c103348/master/w_1600,c_limit/1978_10_09.jpg",https://www.newyorker.com/magazine/1978/10/09,covers/1978/1978-10-09.jpg,380251,ok
1978-10-16,1978,"The New Yorker October 16, 1978",,"https://media.newyorker.com/photos/5909504a1c7a8e33fb389e28/master/w_1600,c_limit/1978_10_16.jpg",https://www.newyorker.com/magazine/1978/10/16,covers/1978/1978-10-16.jpg,589339,ok
1978-10-23,1978,"The New Yorker October 23, 1978",,"https://media.newyorker.com/photos/5909504bc14b3c606c103353/master/w_1600,c_limit/1978_10_23.jpg",https://www.newyorker.com/magazine/1978/10/23,covers/1978/1978-10-23.jpg,531046,ok
1978-10-30,1978,"The New Yorker October 30, 1978",,"https://media.newyorker.com/photos/5909504b019dfc3494e9d508/master/w_1600,c_limit/1978_10_30.jpg",https://www.newyorker.com/magazine/1978/10/30,covers/1978/1978-10-30.jpg,568635,ok
1978-11-06,1978,"The New Yorker November 6, 1978",,"https://media.newyorker.com/photos/5909504c019dfc3494e9d50b/master/w_1600,c_limit/1978_11_06.jpg",https://www.newyorker.com/magazine/1978/11/06,covers/1978/1978-11-06.jpg,522508,ok
1978-11-13,1978,"The New Yorker November 13, 1978",,"https://media.newyorker.com/photos/5909504d019dfc3494e9d511/master/w_1600,c_limit/1978_11_13.jpg",https://www.newyorker.com/magazine/1978/11/13,covers/1978/1978-11-13.jpg,482249,ok
1978-11-20,1978,"The New Yorker November 20, 1978",,"https://media.newyorker.com/photos/5909504d1c7a8e33fb389e38/master/w_1600,c_limit/1978_11_20.jpg",https://www.newyorker.com/magazine/1978/11/20,covers/1978/1978-11-20.jpg,370602,ok
1978-11-27,1978,"The New Yorker November 27, 1978",,"https://media.newyorker.com/photos/5909504e6552fa0be682b7f7/master/w_1600,c_limit/1978_11_27.jpg",https://www.newyorker.com/magazine/1978/11/27,covers/1978/1978-11-27.jpg,629077,ok
1978-12-04,1978,"The New Yorker December 4, 1978",,"https://media.newyorker.com/photos/5909503debe912338a372304/master/w_1600,c_limit/1978_12_04.jpg",https://www.newyorker.com/magazine/1978/12/04,covers/1978/1978-12-04.jpg,574983,ok
1978-12-11,1978,"The New Yorker December 11, 1978",,"https://media.newyorker.com/photos/5909503dc14b3c606c10331c/master/w_1600,c_limit/1978_12_11.jpg",https://www.newyorker.com/magazine/1978/12/11,covers/1978/1978-12-11.jpg,221929,ok
1978-12-18,1978,"The New Yorker December 18, 1978",,"https://media.newyorker.com/photos/5909503e2179605b11ad2ac4/master/w_1600,c_limit/1978_12_18.jpg",https://www.newyorker.com/magazine/1978/12/18,covers/1978/1978-12-18.jpg,659142,ok
1978-12-25,1978,"The New Yorker December 25, 1978",,"https://media.newyorker.com/photos/5909503f6552fa0be682b7c5/master/w_1600,c_limit/1978_12_25.jpg",https://www.newyorker.com/magazine/1978/12/25,covers/1978/1978-12-25.jpg,527498,ok
1979-01-01,1979,"The New Yorker January 1, 1979",,"https://media.newyorker.com/photos/590950401c7a8e33fb389dfd/master/w_1600,c_limit/1979_01_01.jpg",https://www.newyorker.com/magazine/1979/01/01,covers/1979/1979-01-01.jpg,696569,ok
1979-01-08,1979,"The New Yorker January 8, 1979",,"https://media.newyorker.com/photos/59095041019dfc3494e9d4d3/master/w_1600,c_limit/1979_01_08.jpg",https://www.newyorker.com/magazine/1979/01/08,covers/1979/1979-01-08.jpg,431329,ok
1979-01-15,1979,"The New Yorker January 15, 1979",,"https://media.newyorker.com/photos/590950412179605b11ad2ad3/master/w_1600,c_limit/1979_01_15.jpg",https://www.newyorker.com/magazine/1979/01/15,covers/1979/1979-01-15.jpg,516063,ok
1979-01-22,1979,"The New Yorker January 22, 1979",,"https://media.newyorker.com/photos/59095042019dfc3494e9d4da/master/w_1600,c_limit/1979_01_22.jpg",https://www.newyorker.com/magazine/1979/01/22,covers/1979/1979-01-22.jpg,718958,ok
1979-01-29,1979,"The New Yorker January 29, 1979",,"https://media.newyorker.com/photos/59095043019dfc3494e9d4de/master/w_1600,c_limit/1979_01_29.jpg",https://www.newyorker.com/magazine/1979/01/29,covers/1979/1979-01-29.jpg,514187,ok
1979-02-05,1979,"The New Yorker February 5, 1979",,"https://media.newyorker.com/photos/59095044ebe912338a37232c/master/w_1600,c_limit/1979_02_05.jpg",https://www.newyorker.com/magazine/1979/02/05,covers/1979/1979-02-05.jpg,599979,ok
1979-02-12,1979,"The New Yorker February 12, 1979",,"https://media.newyorker.com/photos/59095045c14b3c606c10333a/master/w_1600,c_limit/1979_02_12.jpg",https://www.newyorker.com/magazine/1979/02/12,covers/1979/1979-02-12.jpg,538634,ok
1979-02-19,1979,"The New Yorker February 19, 1979",,"https://media.newyorker.com/photos/590950461c7a8e33fb389e12/master/w_1600,c_limit/1979_02_19.jpg",https://www.newyorker.com/magazine/1979/02/19,covers/1979/1979-02-19.jpg,384690,ok
1979-02-26,1979,"The New Yorker February 26, 1979",,"https://media.newyorker.com/photos/59095047019dfc3494e9d4ef/master/w_1600,c_limit/1979_02_26.jpg",https://www.newyorker.com/magazine/1979/02/26,covers/1979/1979-02-26.jpg,516242,ok
1979-03-05,1979,"The New Yorker March 5, 1979",,"https://media.newyorker.com/photos/59095048019dfc3494e9d4f6/master/w_1600,c_limit/1979_03_05.jpg",https://www.newyorker.com/magazine/1979/03/05,covers/1979/1979-03-05.jpg,492847,ok
1979-03-12,1979,"The New Yorker March 12, 1979",,"https://media.newyorker.com/photos/59095049019dfc3494e9d4fa/master/w_1600,c_limit/1979_03_12.jpg",https://www.newyorker.com/magazine/1979/03/12,covers/1979/1979-03-12.jpg,703214,ok
1979-03-19,1979,"The New Yorker March 19, 1979",,"https://media.newyorker.com/photos/5909504ac14b3c606c10334a/master/w_1600,c_limit/1979_03_19.jpg",https://www.newyorker.com/magazine/1979/03/19,covers/1979/1979-03-19.jpg,465079,ok
1979-03-26,1979,"The New Yorker March 26, 1979",,"https://media.newyorker.com/photos/5909504a2179605b11ad2af4/master/w_1600,c_limit/1979_03_26.jpg",https://www.newyorker.com/magazine/1979/03/26,covers/1979/1979-03-26.jpg,582176,ok
1979-04-02,1979,"The New Yorker April 2, 1979",,"https://media.newyorker.com/photos/5909504b1c7a8e33fb389e30/master/w_1600,c_limit/1979_04_02.jpg",https://www.newyorker.com/magazine/1979/04/02,covers/1979/1979-04-02.jpg,666087,ok
1979-04-09,1979,"The New Yorker April 9, 1979",,"https://media.newyorker.com/photos/5909504cc14b3c606c10335a/master/w_1600,c_limit/1979_04_09.jpg",https://www.newyorker.com/magazine/1979/04/09,covers/1979/1979-04-09.jpg,532502,ok
1979-04-16,1979,"The New Yorker April 16, 1979",,"https://media.newyorker.com/photos/5909504c2179605b11ad2afe/master/w_1600,c_limit/1979_04_16.jpg",https://www.newyorker.com/magazine/1979/04/16,covers/1979/1979-04-16.jpg,381866,ok
1979-04-23,1979,"The New Yorker April 23, 1979",,"https://media.newyorker.com/photos/5909504dc14b3c606c103360/master/w_1600,c_limit/1979_04_23.jpg",https://www.newyorker.com/magazine/1979/04/23,covers/1979/1979-04-23.jpg,450411,ok
1979-04-30,1979,"The New Yorker April 30, 1979",,"https://media.newyorker.com/photos/5909504e019dfc3494e9d519/master/w_1600,c_limit/1979_04_30.jpg",https://www.newyorker.com/magazine/1979/04/30,covers/1979/1979-04-30.jpg,460676,ok
1979-05-07,1979,"The New Yorker May 7, 1979",,"https://media.newyorker.com/photos/5909504f019dfc3494e9d51d/master/w_1600,c_limit/1979_05_07.jpg",https://www.newyorker.com/magazine/1979/05/07,covers/1979/1979-05-07.jpg,646928,ok
1979-05-14,1979,"The New Yorker May 14, 1979",,"https://media.newyorker.com/photos/590950501c7a8e33fb389e3e/master/w_1600,c_limit/1979_05_14.jpg",https://www.newyorker.com/magazine/1979/05/14,covers/1979/1979-05-14.jpg,323707,ok
1979-05-21,1979,"The New Yorker May 21, 1979",,"https://media.newyorker.com/photos/59095050ebe912338a37235e/master/w_1600,c_limit/1979_05_21.jpg",https://www.newyorker.com/magazine/1979/05/21,covers/1979/1979-05-21.jpg,555380,ok
1979-05-28,1979,"The New Yorker May 28, 1979",,"https://media.newyorker.com/photos/5909503cc14b3c606c103319/master/w_1600,c_limit/1979_05_28.jpg",https://www.newyorker.com/magazine/1979/05/28,covers/1979/1979-05-28.jpg,581492,ok
1979-06-04,1979,"The New Yorker June 4, 1979",,"https://media.newyorker.com/photos/5909503d6552fa0be682b7bb/master/w_1600,c_limit/1979_06_04.jpg",https://www.newyorker.com/magazine/1979/06/04,covers/1979/1979-06-04.jpg,671578,ok
1979-06-11,1979,"The New Yorker June 11, 1979",,"https://media.newyorker.com/photos/5909503ec14b3c606c10331e/master/w_1600,c_limit/1979_06_11.jpg",https://www.newyorker.com/magazine/1979/06/11,covers/1979/1979-06-11.jpg,440855,ok
1979-06-18,1979,"The New Yorker June 18, 1979",,"https://media.newyorker.com/photos/5909503f6552fa0be682b7c1/master/w_1600,c_limit/1979_06_18.jpg",https://www.newyorker.com/magazine/1979/06/18,covers/1979/1979-06-18.jpg,448907,ok
1979-06-25,1979,"The New Yorker June 25, 1979",,"https://media.newyorker.com/photos/5909503f1c7a8e33fb389dfa/master/w_1600,c_limit/1979_06_25.jpg",https://www.newyorker.com/magazine/1979/06/25,covers/1979/1979-06-25.jpg,593166,ok
1979-07-02,1979,"The New Yorker July 2, 1979",,"https://media.newyorker.com/photos/59095040ebe912338a372316/master/w_1600,c_limit/1979_07_02.jpg",https://www.newyorker.com/magazine/1979/07/02,covers/1979/1979-07-02.jpg,553903,ok
1979-07-09,1979,"The New Yorker July 9, 1979",,"https://media.newyorker.com/photos/590950416552fa0be682b7cb/master/w_1600,c_limit/1979_07_09.jpg",https://www.newyorker.com/magazine/1979/07/09,covers/1979/1979-07-09.jpg,339681,ok
1979-07-16,1979,"The New Yorker July 16, 1979",,"https://media.newyorker.com/photos/59095041c14b3c606c103330/master/w_1600,c_limit/1979_07_16.jpg",https://www.newyorker.com/magazine/1979/07/16,covers/1979/1979-07-16.jpg,468856,ok
1979-07-23,1979,"The New Yorker July 23, 1979",,"https://media.newyorker.com/photos/590950422179605b11ad2ad6/master/w_1600,c_limit/1979_07_23.jpg",https://www.newyorker.com/magazine/1979/07/23,covers/1979/1979-07-23.jpg,463489,ok
1979-07-30,1979,"The New Yorker July 30, 1979",,"https://media.newyorker.com/photos/59095043ebe912338a372327/master/w_1600,c_limit/1979_07_30.jpg",https://www.newyorker.com/magazine/1979/07/30,covers/1979/1979-07-30.jpg,510240,ok
1979-08-06,1979,"The New Yorker August 6, 1979",,"https://media.newyorker.com/photos/59095044ebe912338a37232d/master/w_1600,c_limit/1979_08_06.jpg",https://www.newyorker.com/magazine/1979/08/06,covers/1979/1979-08-06.jpg,600846,ok
1979-08-13,1979,"The New Yorker August 13, 1979",,"https://media.newyorker.com/photos/590950442179605b11ad2ade/master/w_1600,c_limit/1979_08_13.jpg",https://www.newyorker.com/magazine/1979/08/13,covers/1979/1979-08-13.jpg,415443,ok
1979-08-20,1979,"The New Yorker August 20, 1979",,"https://media.newyorker.com/photos/590950452179605b11ad2ae6/master/w_1600,c_limit/1979_08_20.jpg",https://www.newyorker.com/magazine/1979/08/20,covers/1979/1979-08-20.jpg,513516,ok
1979-08-27,1979,"The New Yorker August 27, 1979",,"https://media.newyorker.com/photos/59095046019dfc3494e9d4eb/master/w_1600,c_limit/1979_08_27.jpg",https://www.newyorker.com/magazine/1979/08/27,covers/1979/1979-08-27.jpg,652167,ok
1979-09-03,1979,"The New Yorker September 3, 1979",,"https://media.newyorker.com/photos/59095047ebe912338a37233c/master/w_1600,c_limit/1979_09_03.jpg",https://www.newyorker.com/magazine/1979/09/03,covers/1979/1979-09-03.jpg,563541,ok
1979-09-10,1979,"The New Yorker September 10, 1979",,"https://media.newyorker.com/photos/59095048c14b3c606c103341/master/w_1600,c_limit/1979_09_10.jpg",https://www.newyorker.com/magazine/1979/09/10,covers/1979/1979-09-10.jpg,747482,ok
1979-09-17,1979,"The New Yorker September 17, 1979",,"https://media.newyorker.com/photos/59095048ebe912338a372345/master/w_1600,c_limit/1979_09_17.jpg",https://www.newyorker.com/magazine/1979/09/17,covers/1979/1979-09-17.jpg,378563,ok
1979-09-24,1979,"The New Yorker September 24, 1979",,"https://media.newyorker.com/photos/59095049ebe912338a372348/master/w_1600,c_limit/1979_09_24.jpg",https://www.newyorker.com/magazine/1979/09/24,covers/1979/1979-09-24.jpg,266507,ok
1979-10-01,1979,"The New Yorker October 1, 1979",,"https://media.newyorker.com/photos/5909504a019dfc3494e9d4ff/master/w_1600,c_limit/1979_10_01.jpg",https://www.newyorker.com/magazine/1979/10/01,covers/1979/1979-10-01.jpg,723224,ok
1979-10-08,1979,"The New Yorker October 8, 1979",,"https://media.newyorker.com/photos/5909504b1c7a8e33fb389e2a/master/w_1600,c_limit/1979_10_08.jpg",https://www.newyorker.com/magazine/1979/10/08,covers/1979/1979-10-08.jpg,717953,ok
1979-10-15,1979,"The New Yorker October 15, 1979",,"https://media.newyorker.com/photos/5909504b019dfc3494e9d505/master/w_1600,c_limit/1979_10_15.jpg",https://www.newyorker.com/magazine/1979/10/15,covers/1979/1979-10-15.jpg,406278,ok
1979-10-22,1979,"The New Yorker October 22, 1979",,"https://media.newyorker.com/photos/5909504c2179605b11ad2afa/master/w_1600,c_limit/1979_10_22.jpg",https://www.newyorker.com/magazine/1979/10/22,covers/1979/1979-10-22.jpg,265897,ok
1979-10-29,1979,"The New Yorker October 29, 1979",,"https://media.newyorker.com/photos/5909504d6552fa0be682b7ef/master/w_1600,c_limit/1979_10_29.jpg",https://www.newyorker.com/magazine/1979/10/29,covers/1979/1979-10-29.jpg,674192,ok
1979-11-05,1979,"The New Yorker November 5, 1979",,"https://media.newyorker.com/photos/5909504d1c7a8e33fb389e36/master/w_1600,c_limit/1979_11_05.jpg",https://www.newyorker.com/magazine/1979/11/05,covers/1979/1979-11-05.jpg,471212,ok
1979-11-12,1979,"The New Yorker November 12, 1979",,"https://media.newyorker.com/photos/5909504e1c7a8e33fb389e3a/master/w_1600,c_limit/1979_11_12.jpg",https://www.newyorker.com/magazine/1979/11/12,covers/1979/1979-11-12.jpg,616019,ok
1979-11-19,1979,"The New Yorker November 19, 1979",,"https://media.newyorker.com/photos/5909503c019dfc3494e9d4c2/master/w_1600,c_limit/1979_11_19.jpg",https://www.newyorker.com/magazine/1979/11/19,covers/1979/1979-11-19.jpg,447806,ok
1979-11-26,1979,"The New Yorker November 26, 1979",,"https://media.newyorker.com/photos/5909503d2179605b11ad2abf/master/w_1600,c_limit/1979_11_26.jpg",https://www.newyorker.com/magazine/1979/11/26,covers/1979/1979-11-26.jpg,360432,ok
1979-12-03,1979,"The New Yorker December 3, 1979",,"https://media.newyorker.com/photos/5909503eebe912338a37230c/master/w_1600,c_limit/1979_12_03.jpg",https://www.newyorker.com/magazine/1979/12/03,covers/1979/1979-12-03.jpg,681171,ok
1979-12-10,1979,"The New Yorker December 10, 1979",,"https://media.newyorker.com/photos/5909503eebe912338a37230e/master/w_1600,c_limit/1979_12_10.jpg",https://www.newyorker.com/magazine/1979/12/10,covers/1979/1979-12-10.jpg,346190,ok
1979-12-17,1979,"The New Yorker December 17, 1979",,"https://media.newyorker.com/photos/5909503f1c7a8e33fb389df9/master/w_1600,c_limit/1979_12_17.jpg",https://www.newyorker.com/magazine/1979/12/17,covers/1979/1979-12-17.jpg,507031,ok
1979-12-24,1979,"The New Yorker December 24, 1979",,"https://media.newyorker.com/photos/59095040c14b3c606c10332a/master/w_1600,c_limit/1979_12_24.jpg",https://www.newyorker.com/magazine/1979/12/24,covers/1979/1979-12-24.jpg,451834,ok
1979-12-31,1979,"The New Yorker December 31, 1979",,"https://media.newyorker.com/photos/590950412179605b11ad2acf/master/w_1600,c_limit/1979_12_31.jpg",https://www.newyorker.com/magazine/1979/12/31,covers/1979/1979-12-31.jpg,855608,ok
1980-01-07,1980,"The New Yorker January 7, 1980",,"https://media.newyorker.com/photos/590950426552fa0be682b7cd/master/w_1600,c_limit/1980_01_07.jpg",https://www.newyorker.com/magazine/1980/01/07,covers/1980/1980-01-07.jpg,251106,ok
1980-01-14,1980,"The New Yorker January 14, 1980",,"https://media.newyorker.com/photos/59095043c14b3c606c103336/master/w_1600,c_limit/1980_01_14.jpg",https://www.newyorker.com/magazine/1980/01/14,covers/1980/1980-01-14.jpg,538976,ok
1980-01-21,1980,"The New Yorker January 21, 1980",,"https://media.newyorker.com/photos/590950441c7a8e33fb389e0c/master/w_1600,c_limit/1980_01_21.jpg",https://www.newyorker.com/magazine/1980/01/21,covers/1980/1980-01-21.jpg,738720,ok
1980-01-28,1980,"The New Yorker January 28, 1980",,"https://media.newyorker.com/photos/59095045c14b3c606c103339/master/w_1600,c_limit/1980_01_28.jpg",https://www.newyorker.com/magazine/1980/01/28,covers/1980/1980-01-28.jpg,1000066,ok
1980-02-04,1980,"The New Yorker February 4, 1980",,"https://media.newyorker.com/photos/59095046c14b3c606c10333c/master/w_1600,c_limit/1980_02_04.jpg",https://www.newyorker.com/magazine/1980/02/04,covers/1980/1980-02-04.jpg,549741,ok
1980-02-11,1980,"The New Yorker February 11, 1980",,"https://media.newyorker.com/photos/59095047019dfc3494e9d4ee/master/w_1600,c_limit/1980_02_11.jpg",https://www.newyorker.com/magazine/1980/02/11,covers/1980/1980-02-11.jpg,515795,ok
1980-02-18,1980,"The New Yorker February 18, 1980",,"https://media.newyorker.com/photos/59095048ebe912338a372340/master/w_1600,c_limit/1980_02_18.jpg",https://www.newyorker.com/magazine/1980/02/18,covers/1980/1980-02-18.jpg,281862,ok
1980-02-25,1980,"The New Yorker February 25, 1980",,"https://media.newyorker.com/photos/59095049c14b3c606c103346/master/w_1600,c_limit/1980_02_25.jpg",https://www.newyorker.com/magazine/1980/02/25,covers/1980/1980-02-25.jpg,338850,ok
1980-03-03,1980,"The New Yorker March 3, 1980",,"https://media.newyorker.com/photos/590950491c7a8e33fb389e24/master/w_1600,c_limit/1980_03_03.jpg",https://www.newyorker.com/magazine/1980/03/03,covers/1980/1980-03-03.jpg,556493,ok
1980-03-10,1980,"The New Yorker March 10, 1980",,"https://media.newyorker.com/photos/5909504a2179605b11ad2af3/master/w_1600,c_limit/1980_03_10.jpg",https://www.newyorker.com/magazine/1980/03/10,covers/1980/1980-03-10.jpg,439370,ok
1980-03-17,1980,"The New Yorker March 17, 1980",,"https://media.newyorker.com/photos/5909504bc14b3c606c103354/master/w_1600,c_limit/1980_03_17.jpg",https://www.newyorker.com/magazine/1980/03/17,covers/1980/1980-03-17.jpg,662603,ok
1980-03-24,1980,"The New Yorker March 24, 1980",,"https://media.newyorker.com/photos/5909504cc14b3c606c103358/master/w_1600,c_limit/1980_03_24.jpg",https://www.newyorker.com/magazine/1980/03/24,covers/1980/1980-03-24.jpg,545744,ok
1980-03-31,1980,"The New Yorker March 31, 1980",,"https://media.newyorker.com/photos/5909504cc14b3c606c10335d/master/w_1600,c_limit/1980_03_31.jpg",https://www.newyorker.com/magazine/1980/03/31,covers/1980/1980-03-31.jpg,642021,ok
1980-04-07,1980,"The New Yorker April 7, 1980",,"https://media.newyorker.com/photos/5909504d1c7a8e33fb389e34/master/w_1600,c_limit/1980_04_07.jpg",https://www.newyorker.com/magazine/1980/04/07,covers/1980/1980-04-07.jpg,426811,ok
1980-04-14,1980,"The New Yorker April 14, 1980",,"https://media.newyorker.com/photos/5909504eebe912338a372358/master/w_1600,c_limit/1980_04_14.jpg",https://www.newyorker.com/magazine/1980/04/14,covers/1980/1980-04-14.jpg,836474,ok
1980-04-21,1980,"The New Yorker April 21, 1980",,"https://media.newyorker.com/photos/5909504f1c7a8e33fb389e3c/master/w_1600,c_limit/1980_04_21.jpg",https://www.newyorker.com/magazine/1980/04/21,covers/1980/1980-04-21.jpg,741122,ok
1980-04-28,1980,"The New Yorker April 28, 1980",,"https://media.newyorker.com/photos/59095050ebe912338a37235c/master/w_1600,c_limit/1980_04_28.jpg",https://www.newyorker.com/magazine/1980/04/28,covers/1980/1980-04-28.jpg,414049,ok
1980-05-05,1980,"The New Yorker May 5, 1980",,"https://media.newyorker.com/photos/59095050c14b3c606c10336c/master/w_1600,c_limit/1980_05_05.jpg",https://www.newyorker.com/magazine/1980/05/05,covers/1980/1980-05-05.jpg,675781,ok
1980-05-12,1980,"The New Yorker May 12, 1980",,"https://media.newyorker.com/photos/5909503c2179605b11ad2abb/master/w_1600,c_limit/1980_05_12.jpg",https://www.newyorker.com/magazine/1980/05/12,covers/1980/1980-05-12.jpg,225988,ok
1980-05-19,1980,"The New Yorker May 19, 1980",,"https://media.newyorker.com/photos/5909503d2179605b11ad2abe/master/w_1600,c_limit/1980_05_19.jpg",https://www.newyorker.com/magazine/1980/05/19,covers/1980/1980-05-19.jpg,675837,ok
1980-05-26,1980,"The New Yorker May 26, 1980",,"https://media.newyorker.com/photos/5909503e6552fa0be682b7bd/master/w_1600,c_limit/1980_05_26.jpg",https://www.newyorker.com/magazine/1980/05/26,covers/1980/1980-05-26.jpg,374487,ok
1980-06-02,1980,"The New Yorker June 2, 1980",,"https://media.newyorker.com/photos/5909503e2179605b11ad2ac6/master/w_1600,c_limit/1980_06_02.jpg",https://www.newyorker.com/magazine/1980/06/02,covers/1980/1980-06-02.jpg,633303,ok
1980-06-09,1980,"The New Yorker June 9, 1980",,"https://media.newyorker.com/photos/5909503fc14b3c606c103326/master/w_1600,c_limit/1980_06_09.jpg",https://www.newyorker.com/magazine/1980/06/09,covers/1980/1980-06-09.jpg,410031,ok
1980-06-16,1980,"The New Yorker June 16, 1980",,"https://media.newyorker.com/photos/59095040ebe912338a372315/master/w_1600,c_limit/1980_06_16.jpg",https://www.newyorker.com/magazine/1980/06/16,covers/1980/1980-06-16.jpg,410092,ok
1980-06-23,1980,"The New Yorker June 23, 1980",,"https://media.newyorker.com/photos/590950412179605b11ad2ace/master/w_1600,c_limit/1980_06_23.jpg",https://www.newyorker.com/magazine/1980/06/23,covers/1980/1980-06-23.jpg,754606,ok
1980-06-30,1980,"The New Yorker June 30, 1980",,"https://media.newyorker.com/photos/59095041019dfc3494e9d4d5/master/w_1600,c_limit/1980_06_30.jpg",https://www.newyorker.com/magazine/1980/06/30,covers/1980/1980-06-30.jpg,332940,ok
1980-07-07,1980,"The New Yorker July 7, 1980",,"https://media.newyorker.com/photos/59095042019dfc3494e9d4db/master/w_1600,c_limit/1980_07_07.jpg",https://www.newyorker.com/magazine/1980/07/07,covers/1980/1980-07-07.jpg,751133,ok
1980-07-14,1980,"The New Yorker July 14, 1980",,"https://media.newyorker.com/photos/59095043ebe912338a372328/master/w_1600,c_limit/1980_07_14.jpg",https://www.newyorker.com/magazine/1980/07/14,covers/1980/1980-07-14.jpg,347790,ok
1980-07-21,1980,"The New Yorker July 21, 1980",,"https://media.newyorker.com/photos/59095044ebe912338a37232e/master/w_1600,c_limit/1980_07_21.jpg",https://www.newyorker.com/magazine/1980/07/21,covers/1980/1980-07-21.jpg,629193,ok
1980-07-28,1980,"The New Yorker July 28, 1980",,"https://media.newyorker.com/photos/59095045ebe912338a372333/master/w_1600,c_limit/1980_07_28.jpg",https://www.newyorker.com/magazine/1980/07/28,covers/1980/1980-07-28.jpg,737521,ok
1980-08-04,1980,"The New Yorker August 4, 1980",,"https://media.newyorker.com/photos/59095046019dfc3494e9d4e9/master/w_1600,c_limit/1980_08_04.jpg",https://www.newyorker.com/magazine/1980/08/04,covers/1980/1980-08-04.jpg,483079,ok
1980-08-11,1980,"The New Yorker August 11, 1980",,"https://media.newyorker.com/photos/590950471c7a8e33fb389e18/master/w_1600,c_limit/1980_08_11.jpg",https://www.newyorker.com/magazine/1980/08/11,covers/1980/1980-08-11.jpg,370235,ok
1980-08-18,1980,"The New Yorker August 18, 1980",,"https://media.newyorker.com/photos/59095048ebe912338a37233f/master/w_1600,c_limit/1980_08_18.jpg",https://www.newyorker.com/magazine/1980/08/18,covers/1980/1980-08-18.jpg,439527,ok
1980-08-25,1980,"The New Yorker August 25, 1980",,"https://media.newyorker.com/photos/59095049c14b3c606c103345/master/w_1600,c_limit/1980_08_25.jpg",https://www.newyorker.com/magazine/1980/08/25,covers/1980/1980-08-25.jpg,622301,ok
1980-09-01,1980,"The New Yorker September 1, 1980",,"https://media.newyorker.com/photos/590950496552fa0be682b7e5/master/w_1600,c_limit/1980_09_01.jpg",https://www.newyorker.com/magazine/1980/09/01,covers/1980/1980-09-01.jpg,653207,ok
1980-09-08,1980,"The New Yorker September 8, 1980",,"https://media.newyorker.com/photos/5909504a019dfc3494e9d501/master/w_1600,c_limit/1980_09_08.jpg",https://www.newyorker.com/magazine/1980/09/08,covers/1980/1980-09-08.jpg,247419,ok
1980-09-15,1980,"The New Yorker September 15, 1980",,"https://media.newyorker.com/photos/5909504b2179605b11ad2af6/master/w_1600,c_limit/1980_09_15.jpg",https://www.newyorker.com/magazine/1980/09/15,covers/1980/1980-09-15.jpg,759028,ok
1980-09-22,1980,"The New Yorker September 22, 1980",,"https://media.newyorker.com/photos/5909504c1c7a8e33fb389e32/master/w_1600,c_limit/1980_09_22.jpg",https://www.newyorker.com/magazine/1980/09/22,covers/1980/1980-09-22.jpg,286935,ok
1980-09-29,1980,"The New Yorker September 29, 1980",,"https://media.newyorker.com/photos/5909504cebe912338a372354/master/w_1600,c_limit/1980_09_29.jpg",https://www.newyorker.com/magazine/1980/09/29,covers/1980/1980-09-29.jpg,485178,ok
1980-10-06,1980,"The New Yorker October 6, 1980",,"https://media.newyorker.com/photos/5909504d6552fa0be682b7f2/master/w_1600,c_limit/1980_10_06.jpg",https://www.newyorker.com/magazine/1980/10/06,covers/1980/1980-10-06.jpg,297884,ok
1980-10-13,1980,"The New Yorker October 13, 1980",,"https://media.newyorker.com/photos/5909504e019dfc3494e9d518/master/w_1600,c_limit/1980_10_13.jpg",https://www.newyorker.com/magazine/1980/10/13,covers/1980/1980-10-13.jpg,594612,ok
1980-10-20,1980,"The New Yorker October 20, 1980",,"https://media.newyorker.com/photos/5909504fc14b3c606c103365/master/w_1600,c_limit/1980_10_20.jpg",https://www.newyorker.com/magazine/1980/10/20,covers/1980/1980-10-20.jpg,367831,ok
1980-10-27,1980,"The New Yorker October 27, 1980",,"https://media.newyorker.com/photos/5909504f2179605b11ad2b0a/master/w_1600,c_limit/1980_10_27.jpg",https://www.newyorker.com/magazine/1980/10/27,covers/1980/1980-10-27.jpg,325294,ok
1980-11-03,1980,"The New Yorker November 3, 1980",,"https://media.newyorker.com/photos/5909504fc14b3c606c103368/master/w_1600,c_limit/1980_11_03.jpg",https://www.newyorker.com/magazine/1980/11/03,covers/1980/1980-11-03.jpg,257026,ok
1980-11-10,1980,"The New Yorker November 10, 1980",,"https://media.newyorker.com/photos/59095050c14b3c606c10336a/master/w_1600,c_limit/1980_11_10.jpg",https://www.newyorker.com/magazine/1980/11/10,covers/1980/1980-11-10.jpg,675596,ok
1980-11-17,1980,"The New Yorker November 17, 1980",,"https://media.newyorker.com/photos/59095051c14b3c606c10336e/master/w_1600,c_limit/1980_11_17.jpg",https://www.newyorker.com/magazine/1980/11/17,covers/1980/1980-11-17.jpg,439196,ok
1980-11-24,1980,"The New Yorker November 24, 1980",,"https://media.newyorker.com/photos/590950522179605b11ad2b10/master/w_1600,c_limit/1980_11_24.jpg",https://www.newyorker.com/magazine/1980/11/24,covers/1980/1980-11-24.jpg,501026,ok
1980-12-01,1980,"The New Yorker December 1, 1980",,"https://media.newyorker.com/photos/590950522179605b11ad2b12/master/w_1600,c_limit/1980_12_01.jpg",https://www.newyorker.com/magazine/1980/12/01,covers/1980/1980-12-01.jpg,246596,ok
1980-12-08,1980,"The New Yorker December 8, 1980",,"https://media.newyorker.com/photos/590950536552fa0be682b805/master/w_1600,c_limit/1980_12_08.jpg",https://www.newyorker.com/magazine/1980/12/08,covers/1980/1980-12-08.jpg,336831,ok
1980-12-15,1980,"The New Yorker December 15, 1980",,"https://media.newyorker.com/photos/59095054ebe912338a37236b/master/w_1600,c_limit/1980_12_15.jpg",https://www.newyorker.com/magazine/1980/12/15,covers/1980/1980-12-15.jpg,387945,ok
1980-12-22,1980,"The New Yorker December 22, 1980",,"https://media.newyorker.com/photos/59095054c14b3c606c10337e/master/w_1600,c_limit/1980_12_22.jpg",https://www.newyorker.com/magazine/1980/12/22,covers/1980/1980-12-22.jpg,426939,ok
1980-12-29,1980,"The New Yorker December 29, 1980",,"https://media.newyorker.com/photos/590950552179605b11ad2b22/master/w_1600,c_limit/1980_12_29.jpg",https://www.newyorker.com/magazine/1980/12/29,covers/1980/1980-12-29.jpg,441322,ok
1981-01-05,1981,"The New Yorker January 5, 1981",,"https://media.newyorker.com/photos/590950562179605b11ad2b28/master/w_1600,c_limit/1981_01_05.jpg",https://www.newyorker.com/magazine/1981/01/05,covers/1981/1981-01-05.jpg,405589,ok
1981-01-12,1981,"The New Yorker January 12, 1981",,"https://media.newyorker.com/photos/59095057c14b3c606c103382/master/w_1600,c_limit/1981_01_12.jpg",https://www.newyorker.com/magazine/1981/01/12,covers/1981/1981-01-12.jpg,598849,ok
1981-01-19,1981,"The New Yorker January 19, 1981",,"https://media.newyorker.com/photos/59095058c14b3c606c103386/master/w_1600,c_limit/1981_01_19.jpg",https://www.newyorker.com/magazine/1981/01/19,covers/1981/1981-01-19.jpg,328834,ok
1981-01-26,1981,"The New Yorker January 26, 1981",,"https://media.newyorker.com/photos/59095059c14b3c606c10338a/master/w_1600,c_limit/1981_01_26.jpg",https://www.newyorker.com/magazine/1981/01/26,covers/1981/1981-01-26.jpg,313167,ok
1981-02-02,1981,"The New Yorker February 2, 1981",,"https://media.newyorker.com/photos/59095059c14b3c606c10338c/master/w_1600,c_limit/1981_02_02.jpg",https://www.newyorker.com/magazine/1981/02/02,covers/1981/1981-02-02.jpg,643896,ok
1981-02-09,1981,"The New Yorker February 9, 1981",,"https://media.newyorker.com/photos/5909505aebe912338a37238b/master/w_1600,c_limit/1981_02_09.jpg",https://www.newyorker.com/magazine/1981/02/09,covers/1981/1981-02-09.jpg,453735,ok
1981-02-16,1981,"The New Yorker February 16, 1981",,"https://media.newyorker.com/photos/5909505b1c7a8e33fb389e6f/master/w_1600,c_limit/1981_02_16.jpg",https://www.newyorker.com/magazine/1981/02/16,covers/1981/1981-02-16.jpg,559692,ok
1981-02-23,1981,"The New Yorker February 23, 1981",,"https://media.newyorker.com/photos/5909505b2179605b11ad2b3e/master/w_1600,c_limit/1981_02_23.jpg",https://www.newyorker.com/magazine/1981/02/23,covers/1981/1981-02-23.jpg,287857,ok
1981-03-02,1981,"The New Yorker March 2, 1981",,"https://media.newyorker.com/photos/5909505cebe912338a372390/master/w_1600,c_limit/1981_03_02.jpg",https://www.newyorker.com/magazine/1981/03/02,covers/1981/1981-03-02.jpg,347893,ok
1981-03-09,1981,"The New Yorker March 9, 1981",,"https://media.newyorker.com/photos/5909505d1c7a8e33fb389e7c/master/w_1600,c_limit/1981_03_09.jpg",https://www.newyorker.com/magazine/1981/03/09,covers/1981/1981-03-09.jpg,402039,ok
1981-03-16,1981,"The New Yorker March 16, 1981",,"https://media.newyorker.com/photos/5909505e6552fa0be682b839/master/w_1600,c_limit/1981_03_16.jpg",https://www.newyorker.com/magazine/1981/03/16,covers/1981/1981-03-16.jpg,339222,ok
1981-03-23,1981,"The New Yorker March 23, 1981",,"https://media.newyorker.com/photos/5909505e6552fa0be682b83d/master/w_1600,c_limit/1981_03_23.jpg",https://www.newyorker.com/magazine/1981/03/23,covers/1981/1981-03-23.jpg,251420,ok
1981-03-30,1981,"The New Yorker March 30, 1981",,"https://media.newyorker.com/photos/5909505febe912338a372398/master/w_1600,c_limit/1981_03_30.jpg",https://www.newyorker.com/magazine/1981/03/30,covers/1981/1981-03-30.jpg,536438,ok
1981-04-06,1981,"The New Yorker April 6, 1981",,"https://media.newyorker.com/photos/590950601c7a8e33fb389e87/master/w_1600,c_limit/1981_04_06.jpg",https://www.newyorker.com/magazine/1981/04/06,covers/1981/1981-04-06.jpg,615612,ok
1981-04-13,1981,"The New Yorker April 13, 1981",,"https://media.newyorker.com/photos/590950601c7a8e33fb389e8a/master/w_1600,c_limit/1981_04_13.jpg",https://www.newyorker.com/magazine/1981/04/13,covers/1981/1981-04-13.jpg,446032,ok
1981-04-20,1981,"The New Yorker April 20, 1981",,"https://media.newyorker.com/photos/590950611c7a8e33fb389e8e/master/w_1600,c_limit/1981_04_20.jpg",https://www.newyorker.com/magazine/1981/04/20,covers/1981/1981-04-20.jpg,238039,ok
1981-04-27,1981,"The New Yorker April 27, 1981",,"https://media.newyorker.com/photos/59095050019dfc3494e9d51f/master/w_1600,c_limit/1981_04_27.jpg",https://www.newyorker.com/magazine/1981/04/27,covers/1981/1981-04-27.jpg,556455,ok
1981-05-04,1981,"The New Yorker May 4, 1981",,"https://media.newyorker.com/photos/590950511c7a8e33fb389e42/master/w_1600,c_limit/1981_05_04.jpg",https://www.newyorker.com/magazine/1981/05/04,covers/1981/1981-05-04.jpg,175452,ok
1981-05-11,1981,"The New Yorker May 11, 1981",,"https://media.newyorker.com/photos/59095051c14b3c606c103371/master/w_1600,c_limit/1981_05_11.jpg",https://www.newyorker.com/magazine/1981/05/11,covers/1981/1981-05-11.jpg,471340,ok
1981-05-18,1981,"The New Yorker May 18, 1981",,"https://media.newyorker.com/photos/59095052c14b3c606c103374/master/w_1600,c_limit/1981_05_18.jpg",https://www.newyorker.com/magazine/1981/05/18,covers/1981/1981-05-18.jpg,199713,ok
1981-05-25,1981,"The New Yorker May 25, 1981",,"https://media.newyorker.com/photos/590950531c7a8e33fb389e49/master/w_1600,c_limit/1981_05_25.jpg",https://www.newyorker.com/magazine/1981/05/25,covers/1981/1981-05-25.jpg,576311,ok
1981-06-01,1981,"The New Yorker June 1, 1981",,"https://media.newyorker.com/photos/590950546552fa0be682b808/master/w_1600,c_limit/1981_06_01.jpg",https://www.newyorker.com/magazine/1981/06/01,covers/1981/1981-06-01.jpg,419683,ok
1981-06-08,1981,"The New Yorker June 8, 1981",,"https://media.newyorker.com/photos/590950541c7a8e33fb389e50/master/w_1600,c_limit/1981_06_08.jpg",https://www.newyorker.com/magazine/1981/06/08,covers/1981/1981-06-08.jpg,440563,ok
1981-06-15,1981,"The New Yorker June 15, 1981",,"https://media.newyorker.com/photos/59095055c14b3c606c103380/master/w_1600,c_limit/1981_06_15.jpg",https://www.newyorker.com/magazine/1981/06/15,covers/1981/1981-06-15.jpg,481218,ok
1981-06-22,1981,"The New Yorker June 22, 1981",,"https://media.newyorker.com/photos/59095056ebe912338a372374/master/w_1600,c_limit/1981_06_22.jpg",https://www.newyorker.com/magazine/1981/06/22,covers/1981/1981-06-22.jpg,480547,ok
1981-06-29,1981,"The New Yorker June 29, 1981",,"https://media.newyorker.com/photos/59095056019dfc3494e9d53b/master/w_1600,c_limit/1981_06_29.jpg",https://www.newyorker.com/magazine/1981/06/29,covers/1981/1981-06-29.jpg,633519,ok
1981-07-06,1981,"The New Yorker July 6, 1981",,"https://media.newyorker.com/photos/59095057ebe912338a37237b/master/w_1600,c_limit/1981_07_06.jpg",https://www.newyorker.com/magazine/1981/07/06,covers/1981/1981-07-06.jpg,433245,ok
1981-07-13,1981,"The New Yorker July 13, 1981",,"https://media.newyorker.com/photos/590950582179605b11ad2b30/master/w_1600,c_limit/1981_07_13.jpg",https://www.newyorker.com/magazine/1981/07/13,covers/1981/1981-07-13.jpg,462114,ok
1981-07-20,1981,"The New Yorker July 20, 1981",,"https://media.newyorker.com/photos/59095059ebe912338a372381/master/w_1600,c_limit/1981_07_20.jpg",https://www.newyorker.com/magazine/1981/07/20,covers/1981/1981-07-20.jpg,175479,ok
1981-07-27,1981,"The New Yorker July 27, 1981",,"https://media.newyorker.com/photos/5909505aebe912338a372386/master/w_1600,c_limit/1981_07_27.jpg",https://www.newyorker.com/magazine/1981/07/27,covers/1981/1981-07-27.jpg,859820,ok
1981-08-03,1981,"The New Yorker August 3, 1981",,"https://media.newyorker.com/photos/5909505a019dfc3494e9d549/master/w_1600,c_limit/1981_08_03.jpg",https://www.newyorker.com/magazine/1981/08/03,covers/1981/1981-08-03.jpg,312913,ok
1981-08-10,1981,"The New Yorker August 10, 1981",,"https://media.newyorker.com/photos/5909505b6552fa0be682b82f/master/w_1600,c_limit/1981_08_10.jpg",https://www.newyorker.com/magazine/1981/08/10,covers/1981/1981-08-10.jpg,334785,ok
1981-08-17,1981,"The New Yorker August 17, 1981",,"https://media.newyorker.com/photos/5909505cc14b3c606c103397/master/w_1600,c_limit/1981_08_17.jpg",https://www.newyorker.com/magazine/1981/08/17,covers/1981/1981-08-17.jpg,533687,ok
1981-08-24,1981,"The New Yorker August 24, 1981",,"https://media.newyorker.com/photos/5909505d019dfc3494e9d552/master/w_1600,c_limit/1981_08_24.jpg",https://www.newyorker.com/magazine/1981/08/24,covers/1981/1981-08-24.jpg,372869,ok
1981-08-31,1981,"The New Yorker August 31, 1981",,"https://media.newyorker.com/photos/5909505d1c7a8e33fb389e7f/master/w_1600,c_limit/1981_08_31.jpg",https://www.newyorker.com/magazine/1981/08/31,covers/1981/1981-08-31.jpg,422185,ok
1981-09-07,1981,"The New Yorker September 7, 1981",,"https://media.newyorker.com/photos/5909505e2179605b11ad2b48/master/w_1600,c_limit/1981_09_07.jpg",https://www.newyorker.com/magazine/1981/09/07,covers/1981/1981-09-07.jpg,262143,ok
1981-09-14,1981,"The New Yorker September 14, 1981",,"https://media.newyorker.com/photos/5909505f2179605b11ad2b4d/master/w_1600,c_limit/1981_09_14.jpg",https://www.newyorker.com/magazine/1981/09/14,covers/1981/1981-09-14.jpg,202863,ok
1981-09-21,1981,"The New Yorker September 21, 1981",,"https://media.newyorker.com/photos/5909505febe912338a37239a/master/w_1600,c_limit/1981_09_21.jpg",https://www.newyorker.com/magazine/1981/09/21,covers/1981/1981-09-21.jpg,464386,ok
1981-09-28,1981,"The New Yorker September 28, 1981",,"https://media.newyorker.com/photos/59095060019dfc3494e9d561/master/w_1600,c_limit/1981_09_28.jpg",https://www.newyorker.com/magazine/1981/09/28,covers/1981/1981-09-28.jpg,504728,ok
1981-10-05,1981,"The New Yorker October 5, 1981",,"https://media.newyorker.com/photos/590950612179605b11ad2b54/master/w_1600,c_limit/1981_10_05.jpg",https://www.newyorker.com/magazine/1981/10/05,covers/1981/1981-10-05.jpg,545070,ok
1981-10-12,1981,"The New Yorker October 12, 1981",,"https://media.newyorker.com/photos/590950621c7a8e33fb389e92/master/w_1600,c_limit/1981_10_12.jpg",https://www.newyorker.com/magazine/1981/10/12,covers/1981/1981-10-12.jpg,476946,ok
1981-10-19,1981,"The New Yorker October 19, 1981",,"https://media.newyorker.com/photos/590950501c7a8e33fb389e40/master/w_1600,c_limit/1981_10_19.jpg",https://www.newyorker.com/magazine/1981/10/19,covers/1981/1981-10-19.jpg,688795,ok
1981-10-26,1981,"The New Yorker October 26, 1981",,"https://media.newyorker.com/photos/590950512179605b11ad2b0d/master/w_1600,c_limit/1981_10_26.jpg",https://www.newyorker.com/magazine/1981/10/26,covers/1981/1981-10-26.jpg,247459,ok
1981-11-02,1981,"The New Yorker November 2, 1981",,"https://media.newyorker.com/photos/590950516552fa0be682b7fd/master/w_1600,c_limit/1981_11_02.jpg",https://www.newyorker.com/magazine/1981/11/02,covers/1981/1981-11-02.jpg,378432,ok
1981-11-09,1981,"The New Yorker November 9, 1981",,"https://media.newyorker.com/photos/59095052019dfc3494e9d524/master/w_1600,c_limit/1981_11_09.jpg",https://www.newyorker.com/magazine/1981/11/09,covers/1981/1981-11-09.jpg,579436,ok
1981-11-16,1981,"The New Yorker November 16, 1981",,"https://media.newyorker.com/photos/590950532179605b11ad2b15/master/w_1600,c_limit/1981_11_16.jpg",https://www.newyorker.com/magazine/1981/11/16,covers/1981/1981-11-16.jpg,438509,ok
1981-11-23,1981,"The New Yorker November 23, 1981",,"https://media.newyorker.com/photos/590950542179605b11ad2b1a/master/w_1600,c_limit/1981_11_23.jpg",https://www.newyorker.com/magazine/1981/11/23,covers/1981/1981-11-23.jpg,818949,ok
1981-11-30,1981,"The New Yorker November 30, 1981",,"https://media.newyorker.com/photos/59095054019dfc3494e9d534/master/w_1600,c_limit/1981_11_30.jpg",https://www.newyorker.com/magazine/1981/11/30,covers/1981/1981-11-30.jpg,524863,ok
1981-12-07,1981,"The New Yorker December 7, 1981",,"https://media.newyorker.com/photos/59095055019dfc3494e9d536/master/w_1600,c_limit/1981_12_07.jpg",https://www.newyorker.com/magazine/1981/12/07,covers/1981/1981-12-07.jpg,641364,ok
1981-12-14,1981,"The New Yorker December 14, 1981",,"https://media.newyorker.com/photos/590950562179605b11ad2b2a/master/w_1600,c_limit/1981_12_14.jpg",https://www.newyorker.com/magazine/1981/12/14,covers/1981/1981-12-14.jpg,161279,ok
1981-12-21,1981,"The New Yorker December 21, 1981",,"https://media.newyorker.com/photos/59095057019dfc3494e9d53d/master/w_1600,c_limit/1981_12_21.jpg",https://www.newyorker.com/magazine/1981/12/21,covers/1981/1981-12-21.jpg,422215,ok
1981-12-28,1981,"The New Yorker December 28, 1981",,"https://media.newyorker.com/photos/59095057019dfc3494e9d53f/master/w_1600,c_limit/1981_12_28.jpg",https://www.newyorker.com/magazine/1981/12/28,covers/1981/1981-12-28.jpg,537713,ok
1982-01-04,1982,"The New Yorker January 4, 1982",,"https://media.newyorker.com/photos/59095058019dfc3494e9d543/master/w_1600,c_limit/1982_01_04.jpg",https://www.newyorker.com/magazine/1982/01/04,covers/1982/1982-01-04.jpg,573356,ok
1982-01-11,1982,"The New Yorker January 11, 1982",,"https://media.newyorker.com/photos/590950596552fa0be682b827/master/w_1600,c_limit/1982_01_11.jpg",https://www.newyorker.com/magazine/1982/01/11,covers/1982/1982-01-11.jpg,461702,ok
1982-01-18,1982,"The New Yorker January 18, 1982",,"https://media.newyorker.com/photos/5909505a2179605b11ad2b36/master/w_1600,c_limit/1982_01_18.jpg",https://www.newyorker.com/magazine/1982/01/18,covers/1982/1982-01-18.jpg,610839,ok
1982-01-25,1982,"The New Yorker January 25, 1982",,"https://media.newyorker.com/photos/5909505bc14b3c606c103390/master/w_1600,c_limit/1982_01_25.jpg",https://www.newyorker.com/magazine/1982/01/25,covers/1982/1982-01-25.jpg,723672,ok
1982-02-01,1982,"The New Yorker February 1, 1982",,"https://media.newyorker.com/photos/5909505bebe912338a37238e/master/w_1600,c_limit/1982_02_01.jpg",https://www.newyorker.com/magazine/1982/02/01,covers/1982/1982-02-01.jpg,587856,ok
1982-02-08,1982,"The New Yorker February 8, 1982",,"https://media.newyorker.com/photos/5909505c1c7a8e33fb389e76/master/w_1600,c_limit/1982_02_08.jpg",https://www.newyorker.com/magazine/1982/02/08,covers/1982/1982-02-08.jpg,195687,ok
1982-02-15,1982,"The New Yorker February 15, 1982",,"https://media.newyorker.com/photos/5909505d1c7a8e33fb389e7b/master/w_1600,c_limit/1982_02_15.jpg",https://www.newyorker.com/magazine/1982/02/15,covers/1982/1982-02-15.jpg,328975,ok
1982-02-22,1982,"The New Yorker February 22, 1982",,"https://media.newyorker.com/photos/5909505ec14b3c606c1033a0/master/w_1600,c_limit/1982_02_22.jpg",https://www.newyorker.com/magazine/1982/02/22,covers/1982/1982-02-22.jpg,327349,ok
1982-03-01,1982,"The New Yorker March 1, 1982",,"https://media.newyorker.com/photos/5909505e019dfc3494e9d55b/master/w_1600,c_limit/1982_03_01.jpg",https://www.newyorker.com/magazine/1982/03/01,covers/1982/1982-03-01.jpg,646673,ok
1982-03-08,1982,"The New Yorker March 8, 1982",,"https://media.newyorker.com/photos/5909505f6552fa0be682b83f/master/w_1600,c_limit/1982_03_08.jpg",https://www.newyorker.com/magazine/1982/03/08,covers/1982/1982-03-08.jpg,307047,ok
1982-03-15,1982,"The New Yorker March 15, 1982",,"https://media.newyorker.com/photos/590950606552fa0be682b843/master/w_1600,c_limit/1982_03_15.jpg",https://www.newyorker.com/magazine/1982/03/15,covers/1982/1982-03-15.jpg,543299,ok
1982-03-22,1982,"The New Yorker March 22, 1982",,"https://media.newyorker.com/photos/59095061ebe912338a37239e/master/w_1600,c_limit/1982_03_22.jpg",https://www.newyorker.com/magazine/1982/03/22,covers/1982/1982-03-22.jpg,406363,ok
1982-03-29,1982,"The New Yorker March 29, 1982",,"https://media.newyorker.com/photos/59095062019dfc3494e9d565/master/w_1600,c_limit/1982_03_29.jpg",https://www.newyorker.com/magazine/1982/03/29,covers/1982/1982-03-29.jpg,434719,ok
1982-04-05,1982,"The New Yorker April 5, 1982",,"https://media.newyorker.com/photos/59095062019dfc3494e9d569/master/w_1600,c_limit/1982_04_05.jpg",https://www.newyorker.com/magazine/1982/04/05,covers/1982/1982-04-05.jpg,359990,ok
1982-04-12,1982,"The New Yorker April 12, 1982",,"https://media.newyorker.com/photos/59095051019dfc3494e9d521/master/w_1600,c_limit/1982_04_12.jpg",https://www.newyorker.com/magazine/1982/04/12,covers/1982/1982-04-12.jpg,158543,ok
1982-04-19,1982,"The New Yorker April 19, 1982",,"https://media.newyorker.com/photos/59095051ebe912338a372361/master/w_1600,c_limit/1982_04_19.jpg",https://www.newyorker.com/magazine/1982/04/19,covers/1982/1982-04-19.jpg,497356,ok
1982-04-26,1982,"The New Yorker April 26, 1982",,"https://media.newyorker.com/photos/59095052ebe912338a372365/master/w_1600,c_limit/1982_04_26.jpg",https://www.newyorker.com/magazine/1982/04/26,covers/1982/1982-04-26.jpg,254814,ok
1982-05-03,1982,"The New Yorker May 3, 1982",,"https://media.newyorker.com/photos/590950532179605b11ad2b16/master/w_1600,c_limit/1982_05_03.jpg",https://www.newyorker.com/magazine/1982/05/03,covers/1982/1982-05-03.jpg,452480,ok
1982-05-10,1982,"The New Yorker May 10, 1982",,"https://media.newyorker.com/photos/59095053019dfc3494e9d52d/master/w_1600,c_limit/1982_05_10.jpg",https://www.newyorker.com/magazine/1982/05/10,covers/1982/1982-05-10.jpg,312218,ok
1982-05-17,1982,"The New Yorker May 17, 1982",,"https://media.newyorker.com/photos/590950541c7a8e33fb389e4e/master/w_1600,c_limit/1982_05_17.jpg",https://www.newyorker.com/magazine/1982/05/17,covers/1982/1982-05-17.jpg,552333,ok
1982-05-24,1982,"The New Yorker May 24, 1982",,"https://media.newyorker.com/photos/590950552179605b11ad2b20/master/w_1600,c_limit/1982_05_24.jpg",https://www.newyorker.com/magazine/1982/05/24,covers/1982/1982-05-24.jpg,539099,ok
1982-05-31,1982,"The New Yorker May 31, 1982",,"https://media.newyorker.com/photos/590950566552fa0be682b812/master/w_1600,c_limit/1982_05_31.jpg",https://www.newyorker.com/magazine/1982/05/31,covers/1982/1982-05-31.jpg,533353,ok
1982-06-07,1982,"The New Yorker June 7, 1982",,"https://media.newyorker.com/photos/590950566552fa0be682b816/master/w_1600,c_limit/1982_06_07.jpg",https://www.newyorker.com/magazine/1982/06/07,covers/1982/1982-06-07.jpg,659535,ok
1982-06-14,1982,"The New Yorker June 14, 1982",,"https://media.newyorker.com/photos/590950571c7a8e33fb389e5a/master/w_1600,c_limit/1982_06_14.jpg",https://www.newyorker.com/magazine/1982/06/14,covers/1982/1982-06-14.jpg,305425,ok
1982-06-21,1982,"The New Yorker June 21, 1982",,"https://media.newyorker.com/photos/590950571c7a8e33fb389e5e/master/w_1600,c_limit/1982_06_21.jpg",https://www.newyorker.com/magazine/1982/06/21,covers/1982/1982-06-21.jpg,333585,ok
1982-06-28,1982,"The New Yorker June 28, 1982",,"https://media.newyorker.com/photos/59095058ebe912338a37237e/master/w_1600,c_limit/1982_06_28.jpg",https://www.newyorker.com/magazine/1982/06/28,covers/1982/1982-06-28.jpg,256327,ok
1982-07-05,1982,"The New Yorker July 5, 1982",,"https://media.newyorker.com/photos/590950591c7a8e33fb389e62/master/w_1600,c_limit/1982_07_05.jpg",https://www.newyorker.com/magazine/1982/07/05,covers/1982/1982-07-05.jpg,346586,ok
1982-07-12,1982,"The New Yorker July 12, 1982",,"https://media.newyorker.com/photos/590950591c7a8e33fb389e66/master/w_1600,c_limit/1982_07_12.jpg",https://www.newyorker.com/magazine/1982/07/12,covers/1982/1982-07-12.jpg,457222,ok
1982-07-19,1982,"The New Yorker July 19, 1982",,"https://media.newyorker.com/photos/5909505a1c7a8e33fb389e6c/master/w_1600,c_limit/1982_07_19.jpg",https://www.newyorker.com/magazine/1982/07/19,covers/1982/1982-07-19.jpg,444304,ok
1982-07-26,1982,"The New Yorker July 26, 1982",,"https://media.newyorker.com/photos/5909505bc14b3c606c103394/master/w_1600,c_limit/1982_07_26.jpg",https://www.newyorker.com/magazine/1982/07/26,covers/1982/1982-07-26.jpg,293724,ok
1982-08-02,1982,"The New Yorker August 2, 1982",,"https://media.newyorker.com/photos/5909505cc14b3c606c103398/master/w_1600,c_limit/1982_08_02.jpg",https://www.newyorker.com/magazine/1982/08/02,covers/1982/1982-08-02.jpg,230425,ok
1982-08-09,1982,"The New Yorker August 9, 1982",,"https://media.newyorker.com/photos/5909505dc14b3c606c10339c/master/w_1600,c_limit/1982_08_09.jpg",https://www.newyorker.com/magazine/1982/08/09,covers/1982/1982-08-09.jpg,434264,ok
1982-08-16,1982,"The New Yorker August 16, 1982",,"https://media.newyorker.com/photos/5909505debe912338a372394/master/w_1600,c_limit/1982_08_16.jpg",https://www.newyorker.com/magazine/1982/08/16,covers/1982/1982-08-16.jpg,462513,ok
1982-08-23,1982,"The New Yorker August 23, 1982",,"https://media.newyorker.com/photos/5909505e2179605b11ad2b47/master/w_1600,c_limit/1982_08_23.jpg",https://www.newyorker.com/magazine/1982/08/23,covers/1982/1982-08-23.jpg,187115,ok
1982-08-30,1982,"The New Yorker August 30, 1982",,"https://media.newyorker.com/photos/5909505f2179605b11ad2b4c/master/w_1600,c_limit/1982_08_30.jpg",https://www.newyorker.com/magazine/1982/08/30,covers/1982/1982-08-30.jpg,528082,ok
1982-09-06,1982,"The New Yorker September 6, 1982",,"https://media.newyorker.com/photos/5909505f019dfc3494e9d55f/master/w_1600,c_limit/1982_09_06.jpg",https://www.newyorker.com/magazine/1982/09/06,covers/1982/1982-09-06.jpg,197940,ok
1982-09-13,1982,"The New Yorker September 13, 1982",,"https://media.newyorker.com/photos/590950602179605b11ad2b50/master/w_1600,c_limit/1982_09_13.jpg",https://www.newyorker.com/magazine/1982/09/13,covers/1982/1982-09-13.jpg,794020,ok
1982-09-20,1982,"The New Yorker September 20, 1982",,"https://media.newyorker.com/photos/59095061c14b3c606c1033b6/master/w_1600,c_limit/1982_09_20.jpg",https://www.newyorker.com/magazine/1982/09/20,covers/1982/1982-09-20.jpg,143781,ok
1982-09-27,1982,"The New Yorker September 27, 1982",,"https://media.newyorker.com/photos/59095062ebe912338a3723a2/master/w_1600,c_limit/1982_09_27.jpg",https://www.newyorker.com/magazine/1982/09/27,covers/1982/1982-09-27.jpg,545196,ok
1982-10-04,1982,"The New Yorker October 4, 1982",,"https://media.newyorker.com/photos/590950512179605b11ad2b0e/master/w_1600,c_limit/1982_10_04.jpg",https://www.newyorker.com/magazine/1982/10/04,covers/1982/1982-10-04.jpg,388687,ok
1982-10-11,1982,"The New Yorker October 11, 1982",,"https://media.newyorker.com/photos/59095051ebe912338a372362/master/w_1600,c_limit/1982_10_11.jpg",https://www.newyorker.com/magazine/1982/10/11,covers/1982/1982-10-11.jpg,312222,ok
1982-10-18,1982,"The New Yorker October 18, 1982",,"https://media.newyorker.com/photos/59095052019dfc3494e9d526/master/w_1600,c_limit/1982_10_18.jpg",https://www.newyorker.com/magazine/1982/10/18,covers/1982/1982-10-18.jpg,401007,ok
1982-10-25,1982,"The New Yorker October 25, 1982",,"https://media.newyorker.com/photos/59095053ebe912338a372368/master/w_1600,c_limit/1982_10_25.jpg",https://www.newyorker.com/magazine/1982/10/25,covers/1982/1982-10-25.jpg,558122,ok
1982-11-01,1982,"The New Yorker November 1, 1982",,"https://media.newyorker.com/photos/590950541c7a8e33fb389e4c/master/w_1600,c_limit/1982_11_01.jpg",https://www.newyorker.com/magazine/1982/11/01,covers/1982/1982-11-01.jpg,413875,ok
1982-11-08,1982,"The New Yorker November 8, 1982",,"https://media.newyorker.com/photos/59095054019dfc3494e9d532/master/w_1600,c_limit/1982_11_08.jpg",https://www.newyorker.com/magazine/1982/11/08,covers/1982/1982-11-08.jpg,393182,ok
1982-11-15,1982,"The New Yorker November 15, 1982",,"https://media.newyorker.com/photos/590950556552fa0be682b80c/master/w_1600,c_limit/1982_11_15.jpg",https://www.newyorker.com/magazine/1982/11/15,covers/1982/1982-11-15.jpg,644712,ok
1982-11-22,1982,"The New Yorker November 22, 1982",,"https://media.newyorker.com/photos/590950562179605b11ad2b25/master/w_1600,c_limit/1982_11_22.jpg",https://www.newyorker.com/magazine/1982/11/22,covers/1982/1982-11-22.jpg,447993,ok
1982-11-29,1982,"The New Yorker November 29, 1982",,"https://media.newyorker.com/photos/590950561c7a8e33fb389e56/master/w_1600,c_limit/1982_11_29.jpg",https://www.newyorker.com/magazine/1982/11/29,covers/1982/1982-11-29.jpg,266700,ok
1982-12-06,1982,"The New Yorker December 6, 1982",,"https://media.newyorker.com/photos/590950576552fa0be682b81a/master/w_1600,c_limit/1982_12_06.jpg",https://www.newyorker.com/magazine/1982/12/06,covers/1982/1982-12-06.jpg,362889,ok
1982-12-13,1982,"The New Yorker December 13, 1982",,"https://media.newyorker.com/photos/590950576552fa0be682b81d/master/w_1600,c_limit/1982_12_13.jpg",https://www.newyorker.com/magazine/1982/12/13,covers/1982/1982-12-13.jpg,529740,ok
1982-12-20,1982,"The New Yorker December 20, 1982",,"https://media.newyorker.com/photos/59095058c14b3c606c103388/master/w_1600,c_limit/1982_12_20.jpg",https://www.newyorker.com/magazine/1982/12/20,covers/1982/1982-12-20.jpg,157763,ok
1982-12-27,1982,"The New Yorker December 27, 1982",,"https://media.newyorker.com/photos/59095059ebe912338a372382/master/w_1600,c_limit/1982_12_27.jpg",https://www.newyorker.com/magazine/1982/12/27,covers/1982/1982-12-27.jpg,408015,ok
1983-01-03,1983,"The New Yorker January 3, 1983",,"https://media.newyorker.com/photos/590950591c7a8e33fb389e64/master/w_1600,c_limit/1983_01_03.jpg",https://www.newyorker.com/magazine/1983/01/03,covers/1983/1983-01-03.jpg,238924,ok
1983-01-10,1983,"The New Yorker January 10, 1983",,"https://media.newyorker.com/photos/5909505a2179605b11ad2b38/master/w_1600,c_limit/1983_01_10.jpg",https://www.newyorker.com/magazine/1983/01/10,covers/1983/1983-01-10.jpg,405258,ok
1983-01-17,1983,"The New Yorker January 17, 1983",,"https://media.newyorker.com/photos/5909505bc14b3c606c103393/master/w_1600,c_limit/1983_01_17.jpg",https://www.newyorker.com/magazine/1983/01/17,covers/1983/1983-01-17.jpg,407220,ok
1983-01-24,1983,"The New Yorker January 24, 1983",,"https://media.newyorker.com/photos/5909505c1c7a8e33fb389e75/master/w_1600,c_limit/1983_01_24.jpg",https://www.newyorker.com/magazine/1983/01/24,covers/1983/1983-01-24.jpg,295580,ok
1983-01-31,1983,"The New Yorker January 31, 1983",,"https://media.newyorker.com/photos/5909505d6552fa0be682b837/master/w_1600,c_limit/1983_01_31.jpg",https://www.newyorker.com/magazine/1983/01/31,covers/1983/1983-01-31.jpg,576079,ok
1983-02-07,1983,"The New Yorker February 7, 1983",,"https://media.newyorker.com/photos/5909505e1c7a8e33fb389e82/master/w_1600,c_limit/1983_02_07.jpg",https://www.newyorker.com/magazine/1983/02/07,covers/1983/1983-02-07.jpg,401142,ok
1983-02-14,1983,"The New Yorker February 14, 1983",,"https://media.newyorker.com/photos/5909505f019dfc3494e9d55d/master/w_1600,c_limit/1983_02_14.jpg",https://www.newyorker.com/magazine/1983/02/14,covers/1983/1983-02-14.jpg,315319,ok
1983-02-21,1983,"The New Yorker February 21, 1983",,"https://media.newyorker.com/photos/59095060c14b3c606c1033ab/master/w_1600,c_limit/1983_02_21.jpg",https://www.newyorker.com/magazine/1983/02/21,covers/1983/1983-02-21.jpg,353996,ok
1983-02-28,1983,"The New Yorker February 28, 1983",,"https://media.newyorker.com/photos/590950606552fa0be682b845/master/w_1600,c_limit/1983_02_28.jpg",https://www.newyorker.com/magazine/1983/02/28,covers/1983/1983-02-28.jpg,273845,ok
1983-03-07,1983,"The New Yorker March 7, 1983",,"https://media.newyorker.com/photos/590950611c7a8e33fb389e90/master/w_1600,c_limit/1983_03_07.jpg",https://www.newyorker.com/magazine/1983/03/07,covers/1983/1983-03-07.jpg,471969,ok
1983-03-14,1983,"The New Yorker March 14, 1983",,"https://media.newyorker.com/photos/590950622179605b11ad2b58/master/w_1600,c_limit/1983_03_14.jpg",https://www.newyorker.com/magazine/1983/03/14,covers/1983/1983-03-14.jpg,622097,ok
1983-03-21,1983,"The New Yorker March 21, 1983",,"https://media.newyorker.com/photos/590950636552fa0be682b84d/master/w_1600,c_limit/1983_03_21.jpg",https://www.newyorker.com/magazine/1983/03/21,covers/1983/1983-03-21.jpg,826658,ok
1983-03-28,1983,"The New Yorker March 28, 1983",,"https://media.newyorker.com/photos/590950511c7a8e33fb389e44/master/w_1600,c_limit/1983_03_28.jpg",https://www.newyorker.com/magazine/1983/03/28,covers/1983/1983-03-28.jpg,366089,ok
1983-04-04,1983,"The New Yorker April 4, 1983",,"https://media.newyorker.com/photos/590950521c7a8e33fb389e46/master/w_1600,c_limit/1983_04_04.jpg",https://www.newyorker.com/magazine/1983/04/04,covers/1983/1983-04-04.jpg,381518,ok
1983-04-11,1983,"The New Yorker April 11, 1983",,"https://media.newyorker.com/photos/590950526552fa0be682b803/master/w_1600,c_limit/1983_04_11.jpg",https://www.newyorker.com/magazine/1983/04/11,covers/1983/1983-04-11.jpg,284260,ok
1983-04-18,1983,"The New Yorker April 18, 1983",,"https://media.newyorker.com/photos/590950532179605b11ad2b18/master/w_1600,c_limit/1983_04_18.jpg",https://www.newyorker.com/magazine/1983/04/18,covers/1983/1983-04-18.jpg,413598,ok
1983-04-25,1983,"The New Yorker April 25, 1983",,"https://media.newyorker.com/photos/59095054c14b3c606c10337a/master/w_1600,c_limit/1983_04_25.jpg",https://www.newyorker.com/magazine/1983/04/25,covers/1983/1983-04-25.jpg,280204,ok
1983-05-02,1983,"The New Yorker May 2, 1983",,"https://media.newyorker.com/photos/590950542179605b11ad2b1e/master/w_1600,c_limit/1983_05_02.jpg",https://www.newyorker.com/magazine/1983/05/02,covers/1983/1983-05-02.jpg,608765,ok
1983-05-09,1983,"The New Yorker May 9, 1983",,"https://media.newyorker.com/photos/590950556552fa0be682b80e/master/w_1600,c_limit/1983_05_09.jpg",https://www.newyorker.com/magazine/1983/05/09,covers/1983/1983-05-09.jpg,546030,ok
1983-05-16,1983,"The New Yorker May 16, 1983",,"https://media.newyorker.com/photos/590950561c7a8e33fb389e54/master/w_1600,c_limit/1983_05_16.jpg",https://www.newyorker.com/magazine/1983/05/16,covers/1983/1983-05-16.jpg,558042,ok
1983-05-23,1983,"The New Yorker May 23, 1983",,"https://media.newyorker.com/photos/590950561c7a8e33fb389e58/master/w_1600,c_limit/1983_05_23.jpg",https://www.newyorker.com/magazine/1983/05/23,covers/1983/1983-05-23.jpg,409576,ok
1983-05-30,1983,"The New Yorker May 30, 1983",,"https://media.newyorker.com/photos/590950571c7a8e33fb389e5c/master/w_1600,c_limit/1983_05_30.jpg",https://www.newyorker.com/magazine/1983/05/30,covers/1983/1983-05-30.jpg,569375,ok
1983-06-06,1983,"The New Yorker June 6, 1983",,"https://media.newyorker.com/photos/59095058c14b3c606c103385/master/w_1600,c_limit/1983_06_06.jpg",https://www.newyorker.com/magazine/1983/06/06,covers/1983/1983-06-06.jpg,252466,ok
1983-06-13,1983,"The New Yorker June 13, 1983",,"https://media.newyorker.com/photos/590950586552fa0be682b825/master/w_1600,c_limit/1983_06_13.jpg",https://www.newyorker.com/magazine/1983/06/13,covers/1983/1983-06-13.jpg,497721,ok
1983-06-20,1983,"The New Yorker June 20, 1983",,"https://media.newyorker.com/photos/59095059ebe912338a372385/master/w_1600,c_limit/1983_06_20.jpg",https://www.newyorker.com/magazine/1983/06/20,covers/1983/1983-06-20.jpg,577626,ok
1983-06-27,1983,"The New Yorker June 27, 1983",,"https://media.newyorker.com/photos/5909505a1c7a8e33fb389e6b/master/w_1600,c_limit/1983_06_27.jpg",https://www.newyorker.com/magazine/1983/06/27,covers/1983/1983-06-27.jpg,395632,ok
1983-07-04,1983,"The New Yorker July 4, 1983",,"https://media.newyorker.com/photos/5909505b2179605b11ad2b3c/master/w_1600,c_limit/1983_07_04.jpg",https://www.newyorker.com/magazine/1983/07/04,covers/1983/1983-07-04.jpg,491541,ok
1983-07-11,1983,"The New Yorker July 11, 1983",,"https://media.newyorker.com/photos/5909505c019dfc3494e9d54f/master/w_1600,c_limit/1983_07_11.jpg",https://www.newyorker.com/magazine/1983/07/11,covers/1983/1983-07-11.jpg,544203,ok
1983-07-18,1983,"The New Yorker July 18, 1983",,"https://media.newyorker.com/photos/5909505d1c7a8e33fb389e79/master/w_1600,c_limit/1983_07_18.jpg",https://www.newyorker.com/magazine/1983/07/18,covers/1983/1983-07-18.jpg,706490,ok
1983-07-25,1983,"The New Yorker July 25, 1983",,"https://media.newyorker.com/photos/5909505d1c7a8e33fb389e80/master/w_1600,c_limit/1983_07_25.jpg",https://www.newyorker.com/magazine/1983/07/25,covers/1983/1983-07-25.jpg,368311,ok
1983-08-01,1983,"The New Yorker August 1, 1983",,"https://media.newyorker.com/photos/5909505ec14b3c606c1033a4/master/w_1600,c_limit/1983_08_01.jpg",https://www.newyorker.com/magazine/1983/08/01,covers/1983/1983-08-01.jpg,629996,ok
1983-08-08,1983,"The New Yorker August 8, 1983",,"https://media.newyorker.com/photos/5909505f6552fa0be682b841/master/w_1600,c_limit/1983_08_08.jpg",https://www.newyorker.com/magazine/1983/08/08,covers/1983/1983-08-08.jpg,590021,ok
1983-08-15,1983,"The New Yorker August 15, 1983",,"https://media.newyorker.com/photos/59095060c14b3c606c1033af/master/w_1600,c_limit/1983_08_15.jpg",https://www.newyorker.com/magazine/1983/08/15,covers/1983/1983-08-15.jpg,364189,ok
1983-08-22,1983,"The New Yorker August 22, 1983",,"https://media.newyorker.com/photos/59095061019dfc3494e9d563/master/w_1600,c_limit/1983_08_22.jpg",https://www.newyorker.com/magazine/1983/08/22,covers/1983/1983-08-22.jpg,442309,ok
1983-08-29,1983,"The New Yorker August 29, 1983",,"https://media.newyorker.com/photos/59095062c14b3c606c1033b8/master/w_1600,c_limit/1983_08_29.jpg",https://www.newyorker.com/magazine/1983/08/29,covers/1983/1983-08-29.jpg,527386,ok
1983-09-05,1983,"The New Yorker September 5, 1983",,"https://media.newyorker.com/photos/590950622179605b11ad2b5b/master/w_1600,c_limit/1983_09_05.jpg",https://www.newyorker.com/magazine/1983/09/05,covers/1983/1983-09-05.jpg,644767,ok
1983-09-12,1983,"The New Yorker September 12, 1983",,"https://media.newyorker.com/photos/59095063ebe912338a3723a6/master/w_1600,c_limit/1983_09_12.jpg",https://www.newyorker.com/magazine/1983/09/12,covers/1983/1983-09-12.jpg,342416,ok
1983-09-19,1983,"The New Yorker September 19, 1983",,"https://media.newyorker.com/photos/59095051c14b3c606c103372/master/w_1600,c_limit/1983_09_19.jpg",https://www.newyorker.com/magazine/1983/09/19,covers/1983/1983-09-19.jpg,518277,ok
1983-09-26,1983,"The New Yorker September 26, 1983",,"https://media.newyorker.com/photos/59095052019dfc3494e9d527/master/w_1600,c_limit/1983_09_26.jpg",https://www.newyorker.com/magazine/1983/09/26,covers/1983/1983-09-26.jpg,965146,ok
1983-10-03,1983,"The New Yorker October 3, 1983",,"https://media.newyorker.com/photos/59095053019dfc3494e9d52b/master/w_1600,c_limit/1983_10_03.jpg",https://www.newyorker.com/magazine/1983/10/03,covers/1983/1983-10-03.jpg,459273,ok
1983-10-10,1983,"The New Yorker October 10, 1983",,"https://media.newyorker.com/photos/59095054ebe912338a37236c/master/w_1600,c_limit/1983_10_10.jpg",https://www.newyorker.com/magazine/1983/10/10,covers/1983/1983-10-10.jpg,499862,ok
1983-10-17,1983,"The New Yorker October 17, 1983",,"https://media.newyorker.com/photos/59095055019dfc3494e9d537/master/w_1600,c_limit/1983_10_17.jpg",https://www.newyorker.com/magazine/1983/10/17,covers/1983/1983-10-17.jpg,430365,ok
1983-10-24,1983,"The New Yorker October 24, 1983",,"https://media.newyorker.com/photos/59095056019dfc3494e9d539/master/w_1600,c_limit/1983_10_24.jpg",https://www.newyorker.com/magazine/1983/10/24,covers/1983/1983-10-24.jpg,239447,ok
1983-10-31,1983,"The New Yorker October 31, 1983",,"https://media.newyorker.com/photos/590950572179605b11ad2b2c/master/w_1600,c_limit/1983_10_31.jpg",https://www.newyorker.com/magazine/1983/10/31,covers/1983/1983-10-31.jpg,580299,ok
1983-11-07,1983,"The New Yorker November 7, 1983",,"https://media.newyorker.com/photos/590950586552fa0be682b81f/master/w_1600,c_limit/1983_11_07.jpg",https://www.newyorker.com/magazine/1983/11/07,covers/1983/1983-11-07.jpg,287970,ok
1983-11-14,1983,"The New Yorker November 14, 1983",,"https://media.newyorker.com/photos/590950586552fa0be682b823/master/w_1600,c_limit/1983_11_14.jpg",https://www.newyorker.com/magazine/1983/11/14,covers/1983/1983-11-14.jpg,504073,ok
1983-11-21,1983,"The New Yorker November 21, 1983",,"https://media.newyorker.com/photos/59095059019dfc3494e9d546/master/w_1600,c_limit/1983_11_21.jpg",https://www.newyorker.com/magazine/1983/11/21,covers/1983/1983-11-21.jpg,288248,ok
1983-11-28,1983,"The New Yorker November 28, 1983",,"https://media.newyorker.com/photos/5909505ac14b3c606c10338e/master/w_1600,c_limit/1983_11_28.jpg",https://www.newyorker.com/magazine/1983/11/28,covers/1983/1983-11-28.jpg,611169,ok
1983-12-05,1983,"The New Yorker December 5, 1983",,"https://media.newyorker.com/photos/5909505a2179605b11ad2b3a/master/w_1600,c_limit/1983_12_05.jpg",https://www.newyorker.com/magazine/1983/12/05,covers/1983/1983-12-05.jpg,436838,ok
1983-12-12,1983,"The New Yorker December 12, 1983",,"https://media.newyorker.com/photos/5909505b6552fa0be682b831/master/w_1600,c_limit/1983_12_12.jpg",https://www.newyorker.com/magazine/1983/12/12,covers/1983/1983-12-12.jpg,457441,ok
1983-12-19,1983,"The New Yorker December 19, 1983",,"https://media.newyorker.com/photos/5909505c2179605b11ad2b42/master/w_1600,c_limit/1983_12_19.jpg",https://www.newyorker.com/magazine/1983/12/19,covers/1983/1983-12-19.jpg,402628,ok
1983-12-26,1983,"The New Yorker December 26, 1983",,"https://media.newyorker.com/photos/5909505d019dfc3494e9d553/master/w_1600,c_limit/1983_12_26.jpg",https://www.newyorker.com/magazine/1983/12/26,covers/1983/1983-12-26.jpg,341526,ok
1984-01-02,1984,"The New Yorker January 2, 1984",,"https://media.newyorker.com/photos/5909505dc14b3c606c10339e/master/w_1600,c_limit/1984_01_02.jpg",https://www.newyorker.com/magazine/1984/01/02,covers/1984/1984-01-02.jpg,228988,ok
1984-01-09,1984,"The New Yorker January 9, 1984",,"https://media.newyorker.com/photos/5909505eebe912338a372396/master/w_1600,c_limit/1984_01_09.jpg",https://www.newyorker.com/magazine/1984/01/09,covers/1984/1984-01-09.jpg,679227,ok
1984-01-16,1984,"The New Yorker January 16, 1984",,"https://media.newyorker.com/photos/5909505fc14b3c606c1033a8/master/w_1600,c_limit/1984_01_16.jpg",https://www.newyorker.com/magazine/1984/01/16,covers/1984/1984-01-16.jpg,741063,ok
1984-01-23,1984,"The New Yorker January 23, 1984",,"https://media.newyorker.com/photos/59095060c14b3c606c1033b0/master/w_1600,c_limit/1984_01_23.jpg",https://www.newyorker.com/magazine/1984/01/23,covers/1984/1984-01-23.jpg,415929,ok
1984-01-30,1984,"The New Yorker January 30, 1984",,"https://media.newyorker.com/photos/590950612179605b11ad2b56/master/w_1600,c_limit/1984_01_30.jpg",https://www.newyorker.com/magazine/1984/01/30,covers/1984/1984-01-30.jpg,485293,ok
1984-02-06,1984,"The New Yorker February 6, 1984",,"https://media.newyorker.com/photos/590950626552fa0be682b84a/master/w_1600,c_limit/1984_02_06.jpg",https://www.newyorker.com/magazine/1984/02/06,covers/1984/1984-02-06.jpg,721537,ok
1984-02-13,1984,"The New Yorker February 13, 1984",,"https://media.newyorker.com/photos/59095063c14b3c606c1033ba/master/w_1600,c_limit/1984_02_13.jpg",https://www.newyorker.com/magazine/1984/02/13,covers/1984/1984-02-13.jpg,483497,ok
1984-02-20,1984,"The New Yorker February 20, 1984",,"https://media.newyorker.com/photos/59095064019dfc3494e9d56b/master/w_1600,c_limit/1984_02_20.jpg",https://www.newyorker.com/magazine/1984/02/20,covers/1984/1984-02-20.jpg,299745,ok
1984-02-27,1984,"The New Yorker February 27, 1984",,"https://media.newyorker.com/photos/59095064ebe912338a3723a9/master/w_1600,c_limit/1984_02_27.jpg",https://www.newyorker.com/magazine/1984/02/27,covers/1984/1984-02-27.jpg,250890,ok
1984-03-05,1984,"The New Yorker March 5, 1984",,"https://media.newyorker.com/photos/590950656552fa0be682b857/master/w_1600,c_limit/1984_03_05.jpg",https://www.newyorker.com/magazine/1984/03/05,covers/1984/1984-03-05.jpg,468295,ok
1984-03-12,1984,"The New Yorker March 12, 1984",,"https://media.newyorker.com/photos/590950526552fa0be682b800/master/w_1600,c_limit/1984_03_12.jpg",https://www.newyorker.com/magazine/1984/03/12,covers/1984/1984-03-12.jpg,528644,ok
1984-03-19,1984,"The New Yorker March 19, 1984",,"https://media.newyorker.com/photos/59095053c14b3c606c103376/master/w_1600,c_limit/1984_03_19.jpg",https://www.newyorker.com/magazine/1984/03/19,covers/1984/1984-03-19.jpg,360496,ok
1984-03-26,1984,"The New Yorker March 26, 1984",,"https://media.newyorker.com/photos/59095054019dfc3494e9d52f/master/w_1600,c_limit/1984_03_26.jpg",https://www.newyorker.com/magazine/1984/03/26,covers/1984/1984-03-26.jpg,388795,ok
1984-04-02,1984,"The New Yorker April 2, 1984",,"https://media.newyorker.com/photos/59095054ebe912338a37236e/master/w_1600,c_limit/1984_04_02.jpg",https://www.newyorker.com/magazine/1984/04/02,covers/1984/1984-04-02.jpg,353060,ok
1984-04-09,1984,"The New Yorker April 9, 1984",,"https://media.newyorker.com/photos/590950551c7a8e33fb389e52/master/w_1600,c_limit/1984_04_09.jpg",https://www.newyorker.com/magazine/1984/04/09,covers/1984/1984-04-09.jpg,423588,ok
1984-04-16,1984,"The New Yorker April 16, 1984",,"https://media.newyorker.com/photos/590950562179605b11ad2b27/master/w_1600,c_limit/1984_04_16.jpg",https://www.newyorker.com/magazine/1984/04/16,covers/1984/1984-04-16.jpg,427335,ok
1984-04-23,1984,"The New Yorker April 23, 1984",,"https://media.newyorker.com/photos/59095057ebe912338a372377/master/w_1600,c_limit/1984_04_23.jpg",https://www.newyorker.com/magazine/1984/04/23,covers/1984/1984-04-23.jpg,456334,ok
1984-04-30,1984,"The New Yorker April 30, 1984",,"https://media.newyorker.com/photos/590950572179605b11ad2b2e/master/w_1600,c_limit/1984_04_30.jpg",https://www.newyorker.com/magazine/1984/04/30,covers/1984/1984-04-30.jpg,507357,ok
1984-05-07,1984,"The New Yorker May 7, 1984",,"https://media.newyorker.com/photos/590950586552fa0be682b822/master/w_1600,c_limit/1984_05_07.jpg",https://www.newyorker.com/magazine/1984/05/07,covers/1984/1984-05-07.jpg,392339,ok
1984-05-14,1984,"The New Yorker May 14, 1984",,"https://media.newyorker.com/photos/59095059019dfc3494e9d547/master/w_1600,c_limit/1984_05_14.jpg",https://www.newyorker.com/magazine/1984/05/14,covers/1984/1984-05-14.jpg,611391,ok
1984-05-21,1984,"The New Yorker May 21, 1984",,"https://media.newyorker.com/photos/5909505aebe912338a372388/master/w_1600,c_limit/1984_05_21.jpg",https://www.newyorker.com/magazine/1984/05/21,covers/1984/1984-05-21.jpg,654802,ok
1984-05-28,1984,"The New Yorker May 28, 1984",,"https://media.newyorker.com/photos/5909505aebe912338a37238c/master/w_1600,c_limit/1984_05_28.jpg",https://www.newyorker.com/magazine/1984/05/28,covers/1984/1984-05-28.jpg,427657,ok
1984-06-04,1984,"The New Yorker June 4, 1984",,"https://media.newyorker.com/photos/5909505b019dfc3494e9d54d/master/w_1600,c_limit/1984_06_04.jpg",https://www.newyorker.com/magazine/1984/06/04,covers/1984/1984-06-04.jpg,553845,ok
1984-06-11,1984,"The New Yorker June 11, 1984",,"https://media.newyorker.com/photos/5909505c1c7a8e33fb389e73/master/w_1600,c_limit/1984_06_11.jpg",https://www.newyorker.com/magazine/1984/06/11,covers/1984/1984-06-11.jpg,439421,ok
1984-06-18,1984,"The New Yorker June 18, 1984",,"https://media.newyorker.com/photos/5909505c6552fa0be682b835/master/w_1600,c_limit/1984_06_18.jpg",https://www.newyorker.com/magazine/1984/06/18,covers/1984/1984-06-18.jpg,326475,ok
1984-06-25,1984,"The New Yorker June 25, 1984",,"https://media.newyorker.com/photos/5909505d2179605b11ad2b44/master/w_1600,c_limit/1984_06_25.jpg",https://www.newyorker.com/magazine/1984/06/25,covers/1984/1984-06-25.jpg,614581,ok
1984-07-02,1984,"The New Yorker July 2, 1984",,"https://media.newyorker.com/photos/5909505e019dfc3494e9d559/master/w_1600,c_limit/1984_07_02.jpg",https://www.newyorker.com/magazine/1984/07/02,covers/1984/1984-07-02.jpg,514685,ok
1984-07-09,1984,"The New Yorker July 9, 1984",,"https://media.newyorker.com/photos/5909505f1c7a8e33fb389e84/master/w_1600,c_limit/1984_07_09.jpg",https://www.newyorker.com/magazine/1984/07/09,covers/1984/1984-07-09.jpg,785078,ok
1984-07-16,1984,"The New Yorker July 16, 1984",,"https://media.newyorker.com/photos/59095060ebe912338a37239c/master/w_1600,c_limit/1984_07_16.jpg",https://www.newyorker.com/magazine/1984/07/16,covers/1984/1984-07-16.jpg,562735,ok
1984-07-23,1984,"The New Yorker July 23, 1984",,"https://media.newyorker.com/photos/590950602179605b11ad2b52/master/w_1600,c_limit/1984_07_23.jpg",https://www.newyorker.com/magazine/1984/07/23,covers/1984/1984-07-23.jpg,320949,ok
1984-07-30,1984,"The New Yorker July 30, 1984",,"https://media.newyorker.com/photos/590950616552fa0be682b847/master/w_1600,c_limit/1984_07_30.jpg",https://www.newyorker.com/magazine/1984/07/30,covers/1984/1984-07-30.jpg,581300,ok
1984-08-06,1984,"The New Yorker August 6, 1984",,"https://media.newyorker.com/photos/590950626552fa0be682b84b/master/w_1600,c_limit/1984_08_06.jpg",https://www.newyorker.com/magazine/1984/08/06,covers/1984/1984-08-06.jpg,503348,ok
1984-08-13,1984,"The New Yorker August 13, 1984",,"https://media.newyorker.com/photos/590950631c7a8e33fb389e97/master/w_1600,c_limit/1984_08_13.jpg",https://www.newyorker.com/magazine/1984/08/13,covers/1984/1984-08-13.jpg,610143,ok
1984-08-20,1984,"The New Yorker August 20, 1984",,"https://media.newyorker.com/photos/59095064c14b3c606c1033bf/master/w_1600,c_limit/1984_08_20.jpg",https://www.newyorker.com/magazine/1984/08/20,covers/1984/1984-08-20.jpg,285235,ok
1984-08-27,1984,"The New Yorker August 27, 1984",,"https://media.newyorker.com/photos/590950642179605b11ad2b62/master/w_1600,c_limit/1984_08_27.jpg",https://www.newyorker.com/magazine/1984/08/27,covers/1984/1984-08-27.jpg,476000,ok
1984-09-03,1984,"The New Yorker September 3, 1984",,"https://media.newyorker.com/photos/590950526552fa0be682b801/master/w_1600,c_limit/1984_09_03.jpg",https://www.newyorker.com/magazine/1984/09/03,covers/1984/1984-09-03.jpg,411542,ok
1984-09-10,1984,"The New Yorker September 10, 1984",,"https://media.newyorker.com/photos/59095053019dfc3494e9d52a/master/w_1600,c_limit/1984_09_10.jpg",https://www.newyorker.com/magazine/1984/09/10,covers/1984/1984-09-10.jpg,246569,ok
1984-09-17,1984,"The New Yorker September 17, 1984",,"https://media.newyorker.com/photos/590950546552fa0be682b809/master/w_1600,c_limit/1984_09_17.jpg",https://www.newyorker.com/magazine/1984/09/17,covers/1984/1984-09-17.jpg,504743,ok
1984-09-24,1984,"The New Yorker September 24, 1984",,"https://media.newyorker.com/photos/590950542179605b11ad2b1d/master/w_1600,c_limit/1984_09_24.jpg",https://www.newyorker.com/magazine/1984/09/24,covers/1984/1984-09-24.jpg,669625,ok
1984-10-01,1984,"The New Yorker October 1, 1984",,"https://media.newyorker.com/photos/590950556552fa0be682b80f/master/w_1600,c_limit/1984_10_01.jpg",https://www.newyorker.com/magazine/1984/10/01,covers/1984/1984-10-01.jpg,339301,ok
1984-10-08,1984,"The New Yorker October 8, 1984",,"https://media.newyorker.com/photos/59095056ebe912338a372373/master/w_1600,c_limit/1984_10_08.jpg",https://www.newyorker.com/magazine/1984/10/08,covers/1984/1984-10-08.jpg,420300,ok
1984-10-15,1984,"The New Yorker October 15, 1984",,"https://media.newyorker.com/photos/59095057ebe912338a372378/master/w_1600,c_limit/1984_10_15.jpg",https://www.newyorker.com/magazine/1984/10/15,covers/1984/1984-10-15.jpg,404722,ok
1984-10-22,1984,"The New Yorker October 22, 1984",,"https://media.newyorker.com/photos/59095057ebe912338a37237c/master/w_1600,c_limit/1984_10_22.jpg",https://www.newyorker.com/magazine/1984/10/22,covers/1984/1984-10-22.jpg,525211,ok
1984-10-29,1984,"The New Yorker October 29, 1984",,"https://media.newyorker.com/photos/590950581c7a8e33fb389e60/master/w_1600,c_limit/1984_10_29.jpg",https://www.newyorker.com/magazine/1984/10/29,covers/1984/1984-10-29.jpg,346187,ok
1984-11-05,1984,"The New Yorker November 5, 1984",,"https://media.newyorker.com/photos/590950592179605b11ad2b34/master/w_1600,c_limit/1984_11_05.jpg",https://www.newyorker.com/magazine/1984/11/05,covers/1984/1984-11-05.jpg,596015,ok
1984-11-12,1984,"The New Yorker November 12, 1984",,"https://media.newyorker.com/photos/590950596552fa0be682b82b/master/w_1600,c_limit/1984_11_12.jpg",https://www.newyorker.com/magazine/1984/11/12,covers/1984/1984-11-12.jpg,529599,ok
1984-11-19,1984,"The New Yorker November 19, 1984",,"https://media.newyorker.com/photos/5909505a1c7a8e33fb389e68/master/w_1600,c_limit/1984_11_19.jpg",https://www.newyorker.com/magazine/1984/11/19,covers/1984/1984-11-19.jpg,499274,ok
1984-11-26,1984,"The New Yorker November 26, 1984",,"https://media.newyorker.com/photos/5909505b1c7a8e33fb389e70/master/w_1600,c_limit/1984_11_26.jpg",https://www.newyorker.com/magazine/1984/11/26,covers/1984/1984-11-26.jpg,634716,ok
1984-12-03,1984,"The New Yorker December 3, 1984",,"https://media.newyorker.com/photos/5909505c2179605b11ad2b41/master/w_1600,c_limit/1984_12_03.jpg",https://www.newyorker.com/magazine/1984/12/03,covers/1984/1984-12-03.jpg,400228,ok
1984-12-10,1984,"The New Yorker December 10, 1984",,"https://media.newyorker.com/photos/5909505debe912338a372392/master/w_1600,c_limit/1984_12_10.jpg",https://www.newyorker.com/magazine/1984/12/10,covers/1984/1984-12-10.jpg,356379,ok
1984-12-17,1984,"The New Yorker December 17, 1984",,"https://media.newyorker.com/photos/5909505d019dfc3494e9d557/master/w_1600,c_limit/1984_12_17.jpg",https://www.newyorker.com/magazine/1984/12/17,covers/1984/1984-12-17.jpg,581327,ok
1984-12-24,1984,"The New Yorker December 24, 1984",,"https://media.newyorker.com/photos/5909505e6552fa0be682b83b/master/w_1600,c_limit/1984_12_24.jpg",https://www.newyorker.com/magazine/1984/12/24,covers/1984/1984-12-24.jpg,244000,ok
1984-12-31,1984,"The New Yorker December 31, 1984",,"https://media.newyorker.com/photos/5909505f2179605b11ad2b4e/master/w_1600,c_limit/1984_12_31.jpg",https://www.newyorker.com/magazine/1984/12/31,covers/1984/1984-12-31.jpg,305643,ok
1985-01-07,1985,"The New Yorker January 7, 1985",,"https://media.newyorker.com/photos/59095060c14b3c606c1033ac/master/w_1600,c_limit/1985_01_07.jpg",https://www.newyorker.com/magazine/1985/01/07,covers/1985/1985-01-07.jpg,402205,ok
1985-01-14,1985,"The New Yorker January 14, 1985",,"https://media.newyorker.com/photos/59095060c14b3c606c1033b2/master/w_1600,c_limit/1985_01_14.jpg",https://www.newyorker.com/magazine/1985/01/14,covers/1985/1985-01-14.jpg,500767,ok
1985-01-21,1985,"The New Yorker January 21, 1985",,"https://media.newyorker.com/photos/590950611c7a8e33fb389e8f/master/w_1600,c_limit/1985_01_21.jpg",https://www.newyorker.com/magazine/1985/01/21,covers/1985/1985-01-21.jpg,610126,ok
1985-01-28,1985,"The New Yorker January 28, 1985",,"https://media.newyorker.com/photos/59095062019dfc3494e9d567/master/w_1600,c_limit/1985_01_28.jpg",https://www.newyorker.com/magazine/1985/01/28,covers/1985/1985-01-28.jpg,644054,ok
1985-02-04,1985,"The New Yorker February 4, 1985",,"https://media.newyorker.com/photos/590950632179605b11ad2b5c/master/w_1600,c_limit/1985_02_04.jpg",https://www.newyorker.com/magazine/1985/02/04,covers/1985/1985-02-04.jpg,235968,ok
1985-02-11,1985,"The New Yorker February 11, 1985",,"https://media.newyorker.com/photos/590950632179605b11ad2b5e/master/w_1600,c_limit/1985_02_11.jpg",https://www.newyorker.com/magazine/1985/02/11,covers/1985/1985-02-11.jpg,515566,ok
1985-02-18,1985,"The New Yorker February 18, 1985",,"https://media.newyorker.com/photos/590950641c7a8e33fb389e9c/master/w_1600,c_limit/1985_02_18.jpg",https://www.newyorker.com/magazine/1985/02/18,covers/1985/1985-02-18.jpg,402338,ok
1985-02-25,1985,"The New Yorker February 25, 1985",,"https://media.newyorker.com/photos/59095052ebe912338a372366/master/w_1600,c_limit/1985_02_25.jpg",https://www.newyorker.com/magazine/1985/02/25,covers/1985/1985-02-25.jpg,332800,ok
1985-03-04,1985,"The New Yorker March 4, 1985",,"https://media.newyorker.com/photos/590950531c7a8e33fb389e4a/master/w_1600,c_limit/1985_03_04.jpg",https://www.newyorker.com/magazine/1985/03/04,covers/1985/1985-03-04.jpg,486575,ok
1985-03-11,1985,"The New Yorker March 11, 1985",,"https://media.newyorker.com/photos/59095053c14b3c606c103378/master/w_1600,c_limit/1985_03_11.jpg",https://www.newyorker.com/magazine/1985/03/11,covers/1985/1985-03-11.jpg,605870,ok
1985-03-18,1985,"The New Yorker March 18, 1985",,"https://media.newyorker.com/photos/59095054c14b3c606c10337c/master/w_1600,c_limit/1985_03_18.jpg",https://www.newyorker.com/magazine/1985/03/18,covers/1985/1985-03-18.jpg,383202,ok
1985-03-25,1985,"The New Yorker March 25, 1985",,"https://media.newyorker.com/photos/59095055ebe912338a372370/master/w_1600,c_limit/1985_03_25.jpg",https://www.newyorker.com/magazine/1985/03/25,covers/1985/1985-03-25.jpg,333986,ok
1985-04-01,1985,"The New Yorker April 1, 1985",,"https://media.newyorker.com/photos/590950566552fa0be682b813/master/w_1600,c_limit/1985_04_01.jpg",https://www.newyorker.com/magazine/1985/04/01,covers/1985/1985-04-01.jpg,595439,ok
1985-04-08,1985,"The New Yorker April 8, 1985",,"https://media.newyorker.com/photos/590950566552fa0be682b817/master/w_1600,c_limit/1985_04_08.jpg",https://www.newyorker.com/magazine/1985/04/08,covers/1985/1985-04-08.jpg,368652,ok
1985-04-15,1985,"The New Yorker April 15, 1985",,"https://media.newyorker.com/photos/590950576552fa0be682b81b/master/w_1600,c_limit/1985_04_15.jpg",https://www.newyorker.com/magazine/1985/04/15,covers/1985/1985-04-15.jpg,540149,ok
1985-04-22,1985,"The New Yorker April 22, 1985",,"https://media.newyorker.com/photos/59095058019dfc3494e9d541/master/w_1600,c_limit/1985_04_22.jpg",https://www.newyorker.com/magazine/1985/04/22,covers/1985/1985-04-22.jpg,458208,ok
1985-04-29,1985,"The New Yorker April 29, 1985",,"https://media.newyorker.com/photos/590950592179605b11ad2b33/master/w_1600,c_limit/1985_04_29.jpg",https://www.newyorker.com/magazine/1985/04/29,covers/1985/1985-04-29.jpg,508944,ok
1985-05-06,1985,"The New Yorker May 6, 1985",,"https://media.newyorker.com/photos/590950596552fa0be682b82a/master/w_1600,c_limit/1985_05_06.jpg",https://www.newyorker.com/magazine/1985/05/06,covers/1985/1985-05-06.jpg,359148,ok
1985-05-13,1985,"The New Yorker May 13, 1985",,"https://media.newyorker.com/photos/5909505a6552fa0be682b82d/master/w_1600,c_limit/1985_05_13.jpg",https://www.newyorker.com/magazine/1985/05/13,covers/1985/1985-05-13.jpg,356627,ok
1985-05-20,1985,"The New Yorker May 20, 1985",,"https://media.newyorker.com/photos/5909505b019dfc3494e9d54b/master/w_1600,c_limit/1985_05_20.jpg",https://www.newyorker.com/magazine/1985/05/20,covers/1985/1985-05-20.jpg,437396,ok
1985-05-27,1985,"The New Yorker May 27, 1985",,"https://media.newyorker.com/photos/5909505c6552fa0be682b833/master/w_1600,c_limit/1985_05_27.jpg",https://www.newyorker.com/magazine/1985/05/27,covers/1985/1985-05-27.jpg,332944,ok
1985-06-03,1985,"The New Yorker June 3, 1985",,"https://media.newyorker.com/photos/5909505cc14b3c606c10339a/master/w_1600,c_limit/1985_06_03.jpg",https://www.newyorker.com/magazine/1985/06/03,covers/1985/1985-06-03.jpg,245279,ok
1985-06-10,1985,"The New Yorker June 10, 1985",,"https://media.newyorker.com/photos/5909505d019dfc3494e9d556/master/w_1600,c_limit/1985_06_10.jpg",https://www.newyorker.com/magazine/1985/06/10,covers/1985/1985-06-10.jpg,997298,ok
1985-06-17,1985,"The New Yorker June 17, 1985",,"https://media.newyorker.com/photos/5909505ec14b3c606c1033a3/master/w_1600,c_limit/1985_06_17.jpg",https://www.newyorker.com/magazine/1985/06/17,covers/1985/1985-06-17.jpg,554329,ok
1985-06-24,1985,"The New Yorker June 24, 1985",,"https://media.newyorker.com/photos/5909505fc14b3c606c1033a7/master/w_1600,c_limit/1985_06_24.jpg",https://www.newyorker.com/magazine/1985/06/24,covers/1985/1985-06-24.jpg,560507,ok
1985-07-01,1985,"The New Yorker July 1, 1985",,"https://media.newyorker.com/photos/590950601c7a8e33fb389e88/master/w_1600,c_limit/1985_07_01.jpg",https://www.newyorker.com/magazine/1985/07/01,covers/1985/1985-07-01.jpg,296167,ok
1985-07-08,1985,"The New Yorker July 8, 1985",,"https://media.newyorker.com/photos/59095061c14b3c606c1033b4/master/w_1600,c_limit/1985_07_08.jpg",https://www.newyorker.com/magazine/1985/07/08,covers/1985/1985-07-08.jpg,217307,ok
1985-07-15,1985,"The New Yorker July 15, 1985",,"https://media.newyorker.com/photos/59095061ebe912338a3723a0/master/w_1600,c_limit/1985_07_15.jpg",https://www.newyorker.com/magazine/1985/07/15,covers/1985/1985-07-15.jpg,466844,ok
1985-07-22,1985,"The New Yorker July 22, 1985",,"https://media.newyorker.com/photos/590950621c7a8e33fb389e94/master/w_1600,c_limit/1985_07_22.jpg",https://www.newyorker.com/magazine/1985/07/22,covers/1985/1985-07-22.jpg,764013,ok
1985-07-29,1985,"The New Yorker July 29, 1985",,"https://media.newyorker.com/photos/59095063ebe912338a3723a4/master/w_1600,c_limit/1985_07_29.jpg",https://www.newyorker.com/magazine/1985/07/29,covers/1985/1985-07-29.jpg,430711,ok
1985-08-05,1985,"The New Yorker August 5, 1985",,"https://media.newyorker.com/photos/59095064c14b3c606c1033be/master/w_1600,c_limit/1985_08_05.jpg",https://www.newyorker.com/magazine/1985/08/05,covers/1985/1985-08-05.jpg,262663,ok
1985-08-12,1985,"The New Yorker August 12, 1985",,"https://media.newyorker.com/photos/590950641c7a8e33fb389e9e/master/w_1600,c_limit/1985_08_12.jpg",https://www.newyorker.com/magazine/1985/08/12,covers/1985/1985-08-12.jpg,585856,ok
1985-08-19,1985,"The New Yorker August 19, 1985",,"https://media.newyorker.com/photos/590950631c7a8e33fb389e98/master/w_1600,c_limit/1985_08_19.jpg",https://www.newyorker.com/magazine/1985/08/19,covers/1985/1985-08-19.jpg,469262,ok
1985-08-26,1985,"The New Yorker August 26, 1985",,"https://media.newyorker.com/photos/59095065c14b3c606c1033c2/master/w_1600,c_limit/1985_08_26.jpg",https://www.newyorker.com/magazine/1985/08/26,covers/1985/1985-08-26.jpg,527606,ok
1985-09-02,1985,"The New Yorker September 2, 1985",,"https://media.newyorker.com/photos/590950652179605b11ad2b64/master/w_1600,c_limit/1985_09_02.jpg",https://www.newyorker.com/magazine/1985/09/02,covers/1985/1985-09-02.jpg,259262,ok
1985-09-09,1985,"The New Yorker September 9, 1985",,"https://media.newyorker.com/photos/590950666552fa0be682b85b/master/w_1600,c_limit/1985_09_09.jpg",https://www.newyorker.com/magazine/1985/09/09,covers/1985/1985-09-09.jpg,472510,ok
1985-09-16,1985,"The New Yorker September 16, 1985",,"https://media.newyorker.com/photos/59095067ebe912338a3723b2/master/w_1600,c_limit/1985_09_16.jpg",https://www.newyorker.com/magazine/1985/09/16,covers/1985/1985-09-16.jpg,513042,ok
1985-09-23,1985,"The New Yorker September 23, 1985",,"https://media.newyorker.com/photos/59095067c14b3c606c1033ce/master/w_1600,c_limit/1985_09_23.jpg",https://www.newyorker.com/magazine/1985/09/23,covers/1985/1985-09-23.jpg,446445,ok
1985-09-30,1985,"The New Yorker September 30, 1985",,"https://media.newyorker.com/photos/590950696552fa0be682b86b/master/w_1600,c_limit/1985_09_30.jpg",https://www.newyorker.com/magazine/1985/09/30,covers/1985/1985-09-30.jpg,662105,ok
1985-10-07,1985,"The New Yorker October 7, 1985",,"https://media.newyorker.com/photos/590950696552fa0be682b86f/master/w_1600,c_limit/1985_10_07.jpg",https://www.newyorker.com/magazine/1985/10/07,covers/1985/1985-10-07.jpg,328443,ok
1985-10-14,1985,"The New Yorker October 14, 1985",,"https://media.newyorker.com/photos/5909506ac14b3c606c1033d8/master/w_1600,c_limit/1985_10_14.jpg",https://www.newyorker.com/magazine/1985/10/14,covers/1985/1985-10-14.jpg,668996,ok
1985-10-21,1985,"The New Yorker October 21, 1985",,"https://media.newyorker.com/photos/5909506b2179605b11ad2b77/master/w_1600,c_limit/1985_10_21.jpg",https://www.newyorker.com/magazine/1985/10/21,covers/1985/1985-10-21.jpg,621871,ok
1985-10-28,1985,"The New Yorker October 28, 1985",,"https://media.newyorker.com/photos/5909506c2179605b11ad2b7d/master/w_1600,c_limit/1985_10_28.jpg",https://www.newyorker.com/magazine/1985/10/28,covers/1985/1985-10-28.jpg,419893,ok
1985-11-04,1985,"The New Yorker November 4, 1985",,"https://media.newyorker.com/photos/5909506dc14b3c606c1033e3/master/w_1600,c_limit/1985_11_04.jpg",https://www.newyorker.com/magazine/1985/11/04,covers/1985/1985-11-04.jpg,750452,ok
1985-11-11,1985,"The New Yorker November 11, 1985",,"https://media.newyorker.com/photos/5909506d6552fa0be682b885/master/w_1600,c_limit/1985_11_11.jpg",https://www.newyorker.com/magazine/1985/11/11,covers/1985/1985-11-11.jpg,538356,ok
1985-11-18,1985,"The New Yorker November 18, 1985",,"https://media.newyorker.com/photos/5909506e6552fa0be682b889/master/w_1600,c_limit/1985_11_18.jpg",https://www.newyorker.com/magazine/1985/11/18,covers/1985/1985-11-18.jpg,349177,ok
1985-11-25,1985,"The New Yorker November 25, 1985",,"https://media.newyorker.com/photos/5909506febe912338a3723d6/master/w_1600,c_limit/1985_11_25.jpg",https://www.newyorker.com/magazine/1985/11/25,covers/1985/1985-11-25.jpg,776461,ok
1985-12-02,1985,"The New Yorker December 2, 1985",,"https://media.newyorker.com/photos/59095070ebe912338a3723d8/master/w_1600,c_limit/1985_12_02.jpg",https://www.newyorker.com/magazine/1985/12/02,covers/1985/1985-12-02.jpg,544013,ok
1985-12-09,1985,"The New Yorker December 9, 1985",,"https://media.newyorker.com/photos/590950716552fa0be682b894/master/w_1600,c_limit/1985_12_09.jpg",https://www.newyorker.com/magazine/1985/12/09,covers/1985/1985-12-09.jpg,410998,ok
1985-12-16,1985,"The New Yorker December 16, 1985",,"https://media.newyorker.com/photos/59095072ebe912338a3723dc/master/w_1600,c_limit/1985_12_16.jpg",https://www.newyorker.com/magazine/1985/12/16,covers/1985/1985-12-16.jpg,267119,ok
1985-12-23,1985,"The New Yorker December 23, 1985",,"https://media.newyorker.com/photos/590950726552fa0be682b8a1/master/w_1600,c_limit/1985_12_23.jpg",https://www.newyorker.com/magazine/1985/12/23,covers/1985/1985-12-23.jpg,277430,ok
1985-12-30,1985,"The New Yorker December 30, 1985",,"https://media.newyorker.com/photos/590950732179605b11ad2ba2/master/w_1600,c_limit/1985_12_30.jpg",https://www.newyorker.com/magazine/1985/12/30,covers/1985/1985-12-30.jpg,545053,ok
1986-01-06,1986,"The New Yorker January 6, 1986",,"https://media.newyorker.com/photos/59095074019dfc3494e9d5a8/master/w_1600,c_limit/1986_01_06.jpg",https://www.newyorker.com/magazine/1986/01/06,covers/1986/1986-01-06.jpg,490392,ok
1986-01-13,1986,"The New Yorker January 13, 1986",,"https://media.newyorker.com/photos/59095075019dfc3494e9d5af/master/w_1600,c_limit/1986_01_13.jpg",https://www.newyorker.com/magazine/1986/01/13,covers/1986/1986-01-13.jpg,823974,ok
1986-01-20,1986,"The New Yorker January 20, 1986",,"https://media.newyorker.com/photos/59095076c14b3c606c103410/master/w_1600,c_limit/1986_01_20.jpg",https://www.newyorker.com/magazine/1986/01/20,covers/1986/1986-01-20.jpg,513806,ok
1986-01-27,1986,"The New Yorker January 27, 1986",,"https://media.newyorker.com/photos/590950771c7a8e33fb389ee9/master/w_1600,c_limit/1986_01_27.jpg",https://www.newyorker.com/magazine/1986/01/27,covers/1986/1986-01-27.jpg,401197,ok
1986-02-03,1986,"The New Yorker February 3, 1986",,"https://media.newyorker.com/photos/590950776552fa0be682b8b3/master/w_1600,c_limit/1986_02_03.jpg",https://www.newyorker.com/magazine/1986/02/03,covers/1986/1986-02-03.jpg,514350,ok
1986-02-10,1986,"The New Yorker February 10, 1986",,"https://media.newyorker.com/photos/590950636552fa0be682b84f/master/w_1600,c_limit/1986_02_10.jpg",https://www.newyorker.com/magazine/1986/02/10,covers/1986/1986-02-10.jpg,506085,ok
1986-02-17,1986,"The New Yorker February 17, 1986",,"https://media.newyorker.com/photos/590950642179605b11ad2b60/master/w_1600,c_limit/1986_02_17.jpg",https://www.newyorker.com/magazine/1986/02/17,covers/1986/1986-02-17.jpg,279060,ok
1986-02-24,1986,"The New Yorker February 24, 1986",,"https://media.newyorker.com/photos/59095065c14b3c606c1033c1/master/w_1600,c_limit/1986_02_24.jpg",https://www.newyorker.com/magazine/1986/02/24,covers/1986/1986-02-24.jpg,350850,ok
1986-03-03,1986,"The New Yorker March 3, 1986",,"https://media.newyorker.com/photos/59095065c14b3c606c1033c4/master/w_1600,c_limit/1986_03_03.jpg",https://www.newyorker.com/magazine/1986/03/03,covers/1986/1986-03-03.jpg,465811,ok
1986-03-10,1986,"The New Yorker March 10, 1986",,"https://media.newyorker.com/photos/59095066c14b3c606c1033c6/master/w_1600,c_limit/1986_03_10.jpg",https://www.newyorker.com/magazine/1986/03/10,covers/1986/1986-03-10.jpg,516891,ok
1986-03-17,1986,"The New Yorker March 17, 1986",,"https://media.newyorker.com/photos/590950672179605b11ad2b6b/master/w_1600,c_limit/1986_03_17.jpg",https://www.newyorker.com/magazine/1986/03/17,covers/1986/1986-03-17.jpg,420249,ok
1986-03-24,1986,"The New Yorker March 24, 1986",,"https://media.newyorker.com/photos/590950676552fa0be682b862/master/w_1600,c_limit/1986_03_24.jpg",https://www.newyorker.com/magazine/1986/03/24,covers/1986/1986-03-24.jpg,338379,ok
1986-03-31,1986,"The New Yorker March 31, 1986",,"https://media.newyorker.com/photos/590950686552fa0be682b868/master/w_1600,c_limit/1986_03_31.jpg",https://www.newyorker.com/magazine/1986/03/31,covers/1986/1986-03-31.jpg,517164,ok
1986-04-07,1986,"The New Yorker April 7, 1986",,"https://media.newyorker.com/photos/59095069ebe912338a3723be/master/w_1600,c_limit/1986_04_07.jpg",https://www.newyorker.com/magazine/1986/04/07,covers/1986/1986-04-07.jpg,521159,ok
1986-04-14,1986,"The New Yorker April 14, 1986",,"https://media.newyorker.com/photos/5909506a2179605b11ad2b74/master/w_1600,c_limit/1986_04_14.jpg",https://www.newyorker.com/magazine/1986/04/14,covers/1986/1986-04-14.jpg,628323,ok
1986-04-21,1986,"The New Yorker April 21, 1986",,"https://media.newyorker.com/photos/5909506b1c7a8e33fb389eb2/master/w_1600,c_limit/1986_04_21.jpg",https://www.newyorker.com/magazine/1986/04/21,covers/1986/1986-04-21.jpg,519231,ok
1986-04-28,1986,"The New Yorker April 28, 1986",,"https://media.newyorker.com/photos/5909506c1c7a8e33fb389eb8/master/w_1600,c_limit/1986_04_28.jpg",https://www.newyorker.com/magazine/1986/04/28,covers/1986/1986-04-28.jpg,507191,ok
1986-05-05,1986,"The New Yorker May 5, 1986",,"https://media.newyorker.com/photos/5909506d1c7a8e33fb389ebc/master/w_1600,c_limit/1986_05_05.jpg",https://www.newyorker.com/magazine/1986/05/05,covers/1986/1986-05-05.jpg,510722,ok
1986-05-12,1986,"The New Yorker May 12, 1986",,"https://media.newyorker.com/photos/5909506debe912338a3723d0/master/w_1600,c_limit/1986_05_12.jpg",https://www.newyorker.com/magazine/1986/05/12,covers/1986/1986-05-12.jpg,303713,ok
1986-05-19,1986,"The New Yorker May 19, 1986",,"https://media.newyorker.com/photos/5909506e019dfc3494e9d58d/master/w_1600,c_limit/1986_05_19.jpg",https://www.newyorker.com/magazine/1986/05/19,covers/1986/1986-05-19.jpg,377511,ok
1986-05-26,1986,"The New Yorker May 26, 1986",,"https://media.newyorker.com/photos/5909506f1c7a8e33fb389ec7/master/w_1600,c_limit/1986_05_26.jpg",https://www.newyorker.com/magazine/1986/05/26,covers/1986/1986-05-26.jpg,314195,ok
1986-06-02,1986,"The New Yorker June 2, 1986",,"https://media.newyorker.com/photos/5909506fc14b3c606c1033ec/master/w_1600,c_limit/1986_06_02.jpg",https://www.newyorker.com/magazine/1986/06/02,covers/1986/1986-06-02.jpg,442110,ok
1986-06-09,1986,"The New Yorker June 9, 1986",,"https://media.newyorker.com/photos/59095070019dfc3494e9d596/master/w_1600,c_limit/1986_06_09.jpg",https://www.newyorker.com/magazine/1986/06/09,covers/1986/1986-06-09.jpg,371648,ok
1986-06-16,1986,"The New Yorker June 16, 1986",,"https://media.newyorker.com/photos/59095071c14b3c606c1033f7/master/w_1600,c_limit/1986_06_16.jpg",https://www.newyorker.com/magazine/1986/06/16,covers/1986/1986-06-16.jpg,386565,ok
1986-06-23,1986,"The New Yorker June 23, 1986",,"https://media.newyorker.com/photos/590950716552fa0be682b897/master/w_1600,c_limit/1986_06_23.jpg",https://www.newyorker.com/magazine/1986/06/23,covers/1986/1986-06-23.jpg,122908,ok
1986-06-30,1986,"The New Yorker June 30, 1986",,"https://media.newyorker.com/photos/59095072ebe912338a3723de/master/w_1600,c_limit/1986_06_30.jpg",https://www.newyorker.com/magazine/1986/06/30,covers/1986/1986-06-30.jpg,302730,ok
1986-07-07,1986,"The New Yorker July 7, 1986",,"https://media.newyorker.com/photos/590950736552fa0be682b8a3/master/w_1600,c_limit/1986_07_07.jpg",https://www.newyorker.com/magazine/1986/07/07,covers/1986/1986-07-07.jpg,137275,ok
1986-07-14,1986,"The New Yorker July 14, 1986",,"https://media.newyorker.com/photos/590950731c7a8e33fb389eda/master/w_1600,c_limit/1986_07_14.jpg",https://www.newyorker.com/magazine/1986/07/14,covers/1986/1986-07-14.jpg,386778,ok
1986-07-21,1986,"The New Yorker July 21, 1986",,"https://media.newyorker.com/photos/590950742179605b11ad2ba6/master/w_1600,c_limit/1986_07_21.jpg",https://www.newyorker.com/magazine/1986/07/21,covers/1986/1986-07-21.jpg,301741,ok
1986-07-28,1986,"The New Yorker July 28, 1986",,"https://media.newyorker.com/photos/59095075019dfc3494e9d5ae/master/w_1600,c_limit/1986_07_28.jpg",https://www.newyorker.com/magazine/1986/07/28,covers/1986/1986-07-28.jpg,411456,ok
1986-08-04,1986,"The New Yorker August 4, 1986",,"https://media.newyorker.com/photos/590950641c7a8e33fb389e9a/master/w_1600,c_limit/1986_08_04.jpg",https://www.newyorker.com/magazine/1986/08/04,covers/1986/1986-08-04.jpg,453293,ok
1986-08-11,1986,"The New Yorker August 11, 1986",,"https://media.newyorker.com/photos/590950646552fa0be682b851/master/w_1600,c_limit/1986_08_11.jpg",https://www.newyorker.com/magazine/1986/08/11,covers/1986/1986-08-11.jpg,337785,ok
1986-08-18,1986,"The New Yorker August 18, 1986",,"https://media.newyorker.com/photos/590950656552fa0be682b855/master/w_1600,c_limit/1986_08_18.jpg",https://www.newyorker.com/magazine/1986/08/18,covers/1986/1986-08-18.jpg,317706,ok
1986-08-25,1986,"The New Yorker August 25, 1986",,"https://media.newyorker.com/photos/590950666552fa0be682b859/master/w_1600,c_limit/1986_08_25.jpg",https://www.newyorker.com/magazine/1986/08/25,covers/1986/1986-08-25.jpg,473437,ok
1986-09-01,1986,"The New Yorker September 1, 1986",,"https://media.newyorker.com/photos/59095067019dfc3494e9d573/master/w_1600,c_limit/1986_09_01.jpg",https://www.newyorker.com/magazine/1986/09/01,covers/1986/1986-09-01.jpg,332853,ok
1986-09-08,1986,"The New Yorker September 8, 1986",,"https://media.newyorker.com/photos/59095067c14b3c606c1033cc/master/w_1600,c_limit/1986_09_08.jpg",https://www.newyorker.com/magazine/1986/09/08,covers/1986/1986-09-08.jpg,424497,ok
1986-09-15,1986,"The New Yorker September 15, 1986",,"https://media.newyorker.com/photos/590950681c7a8e33fb389ea9/master/w_1600,c_limit/1986_09_15.jpg",https://www.newyorker.com/magazine/1986/09/15,covers/1986/1986-09-15.jpg,242915,ok
1986-09-22,1986,"The New Yorker September 22, 1986",,"https://media.newyorker.com/photos/59095069ebe912338a3723bb/master/w_1600,c_limit/1986_09_22.jpg",https://www.newyorker.com/magazine/1986/09/22,covers/1986/1986-09-22.jpg,294806,ok
1986-09-29,1986,"The New Yorker September 29, 1986",,"https://media.newyorker.com/photos/590950696552fa0be682b871/master/w_1600,c_limit/1986_09_29.jpg",https://www.newyorker.com/magazine/1986/09/29,covers/1986/1986-09-29.jpg,582242,ok
1986-10-06,1986,"The New Yorker October 6, 1986",,"https://media.newyorker.com/photos/5909506a6552fa0be682b873/master/w_1600,c_limit/1986_10_06.jpg",https://www.newyorker.com/magazine/1986/10/06,covers/1986/1986-10-06.jpg,585377,ok
1986-10-13,1986,"The New Yorker October 13, 1986",,"https://media.newyorker.com/photos/5909506b2179605b11ad2b78/master/w_1600,c_limit/1986_10_13.jpg",https://www.newyorker.com/magazine/1986/10/13,covers/1986/1986-10-13.jpg,944851,ok
1986-10-20,1986,"The New Yorker October 20, 1986",,"https://media.newyorker.com/photos/5909506c2179605b11ad2b7e/master/w_1600,c_limit/1986_10_20.jpg",https://www.newyorker.com/magazine/1986/10/20,covers/1986/1986-10-20.jpg,325259,ok
1986-10-27,1986,"The New Yorker October 27, 1986",,"https://media.newyorker.com/photos/5909506d2179605b11ad2b85/master/w_1600,c_limit/1986_10_27.jpg",https://www.newyorker.com/magazine/1986/10/27,covers/1986/1986-10-27.jpg,567956,ok
1986-11-03,1986,"The New Yorker November 3, 1986",,"https://media.newyorker.com/photos/5909506d2179605b11ad2b8a/master/w_1600,c_limit/1986_11_03.jpg",https://www.newyorker.com/magazine/1986/11/03,covers/1986/1986-11-03.jpg,700652,ok
1986-11-10,1986,"The New Yorker November 10, 1986",,"https://media.newyorker.com/photos/5909506e1c7a8e33fb389ec4/master/w_1600,c_limit/1986_11_10.jpg",https://www.newyorker.com/magazine/1986/11/10,covers/1986/1986-11-10.jpg,386508,ok
1986-11-17,1986,"The New Yorker November 17, 1986",,"https://media.newyorker.com/photos/5909506febe912338a3723d4/master/w_1600,c_limit/1986_11_17.jpg",https://www.newyorker.com/magazine/1986/11/17,covers/1986/1986-11-17.jpg,324459,ok
1986-11-24,1986,"The New Yorker November 24, 1986",,"https://media.newyorker.com/photos/5909506f6552fa0be682b88d/master/w_1600,c_limit/1986_11_24.jpg",https://www.newyorker.com/magazine/1986/11/24,covers/1986/1986-11-24.jpg,210484,ok
1986-12-01,1986,"The New Yorker December 1, 1986",,"https://media.newyorker.com/photos/590950712179605b11ad2b96/master/w_1600,c_limit/1986_12_01.jpg",https://www.newyorker.com/magazine/1986/12/01,covers/1986/1986-12-01.jpg,574335,ok
1986-12-08,1986,"The New Yorker December 8, 1986",,"https://media.newyorker.com/photos/59095071c14b3c606c1033fa/master/w_1600,c_limit/1986_12_08.jpg",https://www.newyorker.com/magazine/1986/12/08,covers/1986/1986-12-08.jpg,308168,ok
1986-12-15,1986,"The New Yorker December 15, 1986",,"https://media.newyorker.com/photos/59095072c14b3c606c1033fe/master/w_1600,c_limit/1986_12_15.jpg",https://www.newyorker.com/magazine/1986/12/15,covers/1986/1986-12-15.jpg,191710,ok
1986-12-22,1986,"The New Yorker December 22, 1986",,"https://media.newyorker.com/photos/59095072c14b3c606c103400/master/w_1600,c_limit/1986_12_22.jpg",https://www.newyorker.com/magazine/1986/12/22,covers/1986/1986-12-22.jpg,412015,ok
1986-12-29,1986,"The New Yorker December 29, 1986",,"https://media.newyorker.com/photos/590950732179605b11ad2ba1/master/w_1600,c_limit/1986_12_29.jpg",https://www.newyorker.com/magazine/1986/12/29,covers/1986/1986-12-29.jpg,520090,ok
1987-01-05,1987,"The New Yorker January 5, 1987",,"https://media.newyorker.com/photos/590950746552fa0be682b8a7/master/w_1600,c_limit/1987_01_05.jpg",https://www.newyorker.com/magazine/1987/01/05,covers/1987/1987-01-05.jpg,631151,ok
1987-01-12,1987,"The New Yorker January 12, 1987",,"https://media.newyorker.com/photos/59095075019dfc3494e9d5ac/master/w_1600,c_limit/1987_01_12.jpg",https://www.newyorker.com/magazine/1987/01/12,covers/1987/1987-01-12.jpg,281304,ok
1987-01-19,1987,"The New Yorker January 19, 1987",,"https://media.newyorker.com/photos/590950752179605b11ad2bac/master/w_1600,c_limit/1987_01_19.jpg",https://www.newyorker.com/magazine/1987/01/19,covers/1987/1987-01-19.jpg,409621,ok
1987-01-26,1987,"The New Yorker January 26, 1987",,"https://media.newyorker.com/photos/59095064019dfc3494e9d56d/master/w_1600,c_limit/1987_01_26.jpg",https://www.newyorker.com/magazine/1987/01/26,covers/1987/1987-01-26.jpg,373838,ok
1987-02-02,1987,"The New Yorker February 2, 1987",,"https://media.newyorker.com/photos/590950656552fa0be682b856/master/w_1600,c_limit/1987_02_02.jpg",https://www.newyorker.com/magazine/1987/02/02,covers/1987/1987-02-02.jpg,265163,ok
1987-02-09,1987,"The New Yorker February 9, 1987",,"https://media.newyorker.com/photos/590950661c7a8e33fb389ea2/master/w_1600,c_limit/1987_02_09.jpg",https://www.newyorker.com/magazine/1987/02/09,covers/1987/1987-02-09.jpg,557886,ok
1987-02-16,1987,"The New Yorker February 16, 1987",,"https://media.newyorker.com/photos/59095067c14b3c606c1033ca/master/w_1600,c_limit/1987_02_16.jpg",https://www.newyorker.com/magazine/1987/02/16,covers/1987/1987-02-16.jpg,632431,ok
1987-02-23,1987,"The New Yorker February 23, 1987",,"https://media.newyorker.com/photos/59095068019dfc3494e9d577/master/w_1600,c_limit/1987_02_23.jpg",https://www.newyorker.com/magazine/1987/02/23,covers/1987/1987-02-23.jpg,316431,ok
1987-03-02,1987,"The New Yorker March 2, 1987",,"https://media.newyorker.com/photos/590950686552fa0be682b86a/master/w_1600,c_limit/1987_03_02.jpg",https://www.newyorker.com/magazine/1987/03/02,covers/1987/1987-03-02.jpg,478684,ok
1987-03-09,1987,"The New Yorker March 9, 1987",,"https://media.newyorker.com/photos/590950696552fa0be682b86d/master/w_1600,c_limit/1987_03_09.jpg",https://www.newyorker.com/magazine/1987/03/09,covers/1987/1987-03-09.jpg,579982,ok
1987-03-16,1987,"The New Yorker March 16, 1987",,"https://media.newyorker.com/photos/5909506a1c7a8e33fb389eae/master/w_1600,c_limit/1987_03_16.jpg",https://www.newyorker.com/magazine/1987/03/16,covers/1987/1987-03-16.jpg,360934,ok
1987-03-23,1987,"The New Yorker March 23, 1987",,"https://media.newyorker.com/photos/5909506a6552fa0be682b875/master/w_1600,c_limit/1987_03_23.jpg",https://www.newyorker.com/magazine/1987/03/23,covers/1987/1987-03-23.jpg,474454,ok
1987-03-30,1987,"The New Yorker March 30, 1987",,"https://media.newyorker.com/photos/5909506bc14b3c606c1033de/master/w_1600,c_limit/1987_03_30.jpg",https://www.newyorker.com/magazine/1987/03/30,covers/1987/1987-03-30.jpg,616374,ok
1987-04-06,1987,"The New Yorker April 6, 1987",,"https://media.newyorker.com/photos/5909506cebe912338a3723cc/master/w_1600,c_limit/1987_04_06.jpg",https://www.newyorker.com/magazine/1987/04/06,covers/1987/1987-04-06.jpg,465089,ok
1987-04-13,1987,"The New Yorker April 13, 1987",,"https://media.newyorker.com/photos/5909506debe912338a3723ce/master/w_1600,c_limit/1987_04_13.jpg",https://www.newyorker.com/magazine/1987/04/13,covers/1987/1987-04-13.jpg,327485,ok
1987-04-20,1987,"The New Yorker April 20, 1987",,"https://media.newyorker.com/photos/5909506d6552fa0be682b884/master/w_1600,c_limit/1987_04_20.jpg",https://www.newyorker.com/magazine/1987/04/20,covers/1987/1987-04-20.jpg,489487,ok
1987-04-27,1987,"The New Yorker April 27, 1987",,"https://media.newyorker.com/photos/5909506e6552fa0be682b887/master/w_1600,c_limit/1987_04_27.jpg",https://www.newyorker.com/magazine/1987/04/27,covers/1987/1987-04-27.jpg,760386,ok
1987-05-04,1987,"The New Yorker May 4, 1987",,"https://media.newyorker.com/photos/5909506f2179605b11ad2b91/master/w_1600,c_limit/1987_05_04.jpg",https://www.newyorker.com/magazine/1987/05/04,covers/1987/1987-05-04.jpg,237075,ok
1987-05-11,1987,"The New Yorker May 11, 1987",,"https://media.newyorker.com/photos/590950701c7a8e33fb389ecd/master/w_1600,c_limit/1987_05_11.jpg",https://www.newyorker.com/magazine/1987/05/11,covers/1987/1987-05-11.jpg,747297,ok
1987-05-18,1987,"The New Yorker May 18, 1987",,"https://media.newyorker.com/photos/59095071ebe912338a3723da/master/w_1600,c_limit/1987_05_18.jpg",https://www.newyorker.com/magazine/1987/05/18,covers/1987/1987-05-18.jpg,517637,ok
1987-05-25,1987,"The New Yorker May 25, 1987",,"https://media.newyorker.com/photos/59095072019dfc3494e9d59f/master/w_1600,c_limit/1987_05_25.jpg",https://www.newyorker.com/magazine/1987/05/25,covers/1987/1987-05-25.jpg,204520,ok
1987-06-01,1987,"The New Yorker June 1, 1987",,"https://media.newyorker.com/photos/59095072019dfc3494e9d5a2/master/w_1600,c_limit/1987_06_01.jpg",https://www.newyorker.com/magazine/1987/06/01,covers/1987/1987-06-01.jpg,519124,ok
1987-06-08,1987,"The New Yorker June 8, 1987",,"https://media.newyorker.com/photos/59095073ebe912338a3723e0/master/w_1600,c_limit/1987_06_08.jpg",https://www.newyorker.com/magazine/1987/06/08,covers/1987/1987-06-08.jpg,529184,ok
1987-06-15,1987,"The New Yorker June 15, 1987",,"https://media.newyorker.com/photos/590950746552fa0be682b8a6/master/w_1600,c_limit/1987_06_15.jpg",https://www.newyorker.com/magazine/1987/06/15,covers/1987/1987-06-15.jpg,667727,ok
1987-06-22,1987,"The New Yorker June 22, 1987",,"https://media.newyorker.com/photos/590950756552fa0be682b8a9/master/w_1600,c_limit/1987_06_22.jpg",https://www.newyorker.com/magazine/1987/06/22,covers/1987/1987-06-22.jpg,479583,ok
1987-06-29,1987,"The New Yorker June 29, 1987",,"https://media.newyorker.com/photos/590950752179605b11ad2bab/master/w_1600,c_limit/1987_06_29.jpg",https://www.newyorker.com/magazine/1987/06/29,covers/1987/1987-06-29.jpg,450808,ok
1987-07-06,1987,"The New Yorker July 6, 1987",,"https://media.newyorker.com/photos/59095076019dfc3494e9d5b3/master/w_1600,c_limit/1987_07_06.jpg",https://www.newyorker.com/magazine/1987/07/06,covers/1987/1987-07-06.jpg,599542,ok
1987-07-13,1987,"The New Yorker July 13, 1987",,"https://media.newyorker.com/photos/59095077019dfc3494e9d5b9/master/w_1600,c_limit/1987_07_13.jpg",https://www.newyorker.com/magazine/1987/07/13,covers/1987/1987-07-13.jpg,480147,ok
1987-07-20,1987,"The New Yorker July 20, 1987",,"https://media.newyorker.com/photos/59095064ebe912338a3723aa/master/w_1600,c_limit/1987_07_20.jpg",https://www.newyorker.com/magazine/1987/07/20,covers/1987/1987-07-20.jpg,397683,ok
1987-07-27,1987,"The New Yorker July 27, 1987",,"https://media.newyorker.com/photos/590950651c7a8e33fb389ea0/master/w_1600,c_limit/1987_07_27.jpg",https://www.newyorker.com/magazine/1987/07/27,covers/1987/1987-07-27.jpg,515993,ok
1987-08-03,1987,"The New Yorker August 3, 1987",,"https://media.newyorker.com/photos/590950662179605b11ad2b68/master/w_1600,c_limit/1987_08_03.jpg",https://www.newyorker.com/magazine/1987/08/03,covers/1987/1987-08-03.jpg,426549,ok
1987-08-10,1987,"The New Yorker August 10, 1987",,"https://media.newyorker.com/photos/59095067ebe912338a3723b1/master/w_1600,c_limit/1987_08_10.jpg",https://www.newyorker.com/magazine/1987/08/10,covers/1987/1987-08-10.jpg,467528,ok
1987-08-17,1987,"The New Yorker August 17, 1987",,"https://media.newyorker.com/photos/59095067019dfc3494e9d576/master/w_1600,c_limit/1987_08_17.jpg",https://www.newyorker.com/magazine/1987/08/17,covers/1987/1987-08-17.jpg,375988,ok
1987-08-24,1987,"The New Yorker August 24, 1987",,"https://media.newyorker.com/photos/59095068ebe912338a3723b7/master/w_1600,c_limit/1987_08_24.jpg",https://www.newyorker.com/magazine/1987/08/24,covers/1987/1987-08-24.jpg,277647,ok
1987-08-31,1987,"The New Yorker August 31, 1987",,"https://media.newyorker.com/photos/59095069ebe912338a3723bd/master/w_1600,c_limit/1987_08_31.jpg",https://www.newyorker.com/magazine/1987/08/31,covers/1987/1987-08-31.jpg,508510,ok
1987-09-07,1987,"The New Yorker September 7, 1987",,"https://media.newyorker.com/photos/5909506a019dfc3494e9d581/master/w_1600,c_limit/1987_09_07.jpg",https://www.newyorker.com/magazine/1987/09/07,covers/1987/1987-09-07.jpg,316109,ok
1987-09-14,1987,"The New Yorker September 14, 1987",,"https://media.newyorker.com/photos/5909506bebe912338a3723c6/master/w_1600,c_limit/1987_09_14.jpg",https://www.newyorker.com/magazine/1987/09/14,covers/1987/1987-09-14.jpg,444917,ok
1987-09-21,1987,"The New Yorker September 21, 1987",,"https://media.newyorker.com/photos/5909506b6552fa0be682b87b/master/w_1600,c_limit/1987_09_21.jpg",https://www.newyorker.com/magazine/1987/09/21,covers/1987/1987-09-21.jpg,408351,ok
1987-09-28,1987,"The New Yorker September 28, 1987",,"https://media.newyorker.com/photos/5909506c6552fa0be682b87f/master/w_1600,c_limit/1987_09_28.jpg",https://www.newyorker.com/magazine/1987/09/28,covers/1987/1987-09-28.jpg,421232,ok
1987-10-05,1987,"The New Yorker October 5, 1987",,"https://media.newyorker.com/photos/5909506d019dfc3494e9d585/master/w_1600,c_limit/1987_10_05.jpg",https://www.newyorker.com/magazine/1987/10/05,covers/1987/1987-10-05.jpg,388025,ok
1987-10-12,1987,"The New Yorker October 12, 1987",,"https://media.newyorker.com/photos/5909506e1c7a8e33fb389ec2/master/w_1600,c_limit/1987_10_12.jpg",https://www.newyorker.com/magazine/1987/10/12,covers/1987/1987-10-12.jpg,489623,ok
1987-10-19,1987,"The New Yorker October 19, 1987",,"https://media.newyorker.com/photos/5909506fc14b3c606c1033e8/master/w_1600,c_limit/1987_10_19.jpg",https://www.newyorker.com/magazine/1987/10/19,covers/1987/1987-10-19.jpg,783975,ok
1987-10-26,1987,"The New Yorker October 26, 1987",,"https://media.newyorker.com/photos/5909506f1c7a8e33fb389eca/master/w_1600,c_limit/1987_10_26.jpg",https://www.newyorker.com/magazine/1987/10/26,covers/1987/1987-10-26.jpg,485282,ok
1987-11-02,1987,"The New Yorker November 2, 1987",,"https://media.newyorker.com/photos/59095070019dfc3494e9d597/master/w_1600,c_limit/1987_11_02.jpg",https://www.newyorker.com/magazine/1987/11/02,covers/1987/1987-11-02.jpg,627302,ok
1987-11-09,1987,"The New Yorker November 9, 1987",,"https://media.newyorker.com/photos/590950716552fa0be682b893/master/w_1600,c_limit/1987_11_09.jpg",https://www.newyorker.com/magazine/1987/11/09,covers/1987/1987-11-09.jpg,309681,ok
1987-11-16,1987,"The New Yorker November 16, 1987",,"https://media.newyorker.com/photos/590950726552fa0be682b89a/master/w_1600,c_limit/1987_11_16.jpg",https://www.newyorker.com/magazine/1987/11/16,covers/1987/1987-11-16.jpg,370835,ok
1987-11-23,1987,"The New Yorker November 23, 1987",,"https://media.newyorker.com/photos/590950722179605b11ad2b9c/master/w_1600,c_limit/1987_11_23.jpg",https://www.newyorker.com/magazine/1987/11/23,covers/1987/1987-11-23.jpg,538465,ok
1987-11-30,1987,"The New Yorker November 30, 1987",,"https://media.newyorker.com/photos/590950731c7a8e33fb389ed6/master/w_1600,c_limit/1987_11_30.jpg",https://www.newyorker.com/magazine/1987/11/30,covers/1987/1987-11-30.jpg,564426,ok
1987-12-07,1987,"The New Yorker December 7, 1987",,"https://media.newyorker.com/photos/59095074ebe912338a3723e2/master/w_1600,c_limit/1987_12_07.jpg",https://www.newyorker.com/magazine/1987/12/07,covers/1987/1987-12-07.jpg,577565,ok
1987-12-14,1987,"The New Yorker December 14, 1987",,"https://media.newyorker.com/photos/59095074c14b3c606c103409/master/w_1600,c_limit/1987_12_14.jpg",https://www.newyorker.com/magazine/1987/12/14,covers/1987/1987-12-14.jpg,646545,ok
1987-12-21,1987,"The New Yorker December 21, 1987",,"https://media.newyorker.com/photos/590950752179605b11ad2ba8/master/w_1600,c_limit/1987_12_21.jpg",https://www.newyorker.com/magazine/1987/12/21,covers/1987/1987-12-21.jpg,647271,ok
1987-12-28,1987,"The New Yorker December 28, 1987",,"https://media.newyorker.com/photos/590950762179605b11ad2bae/master/w_1600,c_limit/1987_12_28.jpg",https://www.newyorker.com/magazine/1987/12/28,covers/1987/1987-12-28.jpg,264275,ok
1988-01-04,1988,"The New Yorker January 4, 1988",,"https://media.newyorker.com/photos/590950761c7a8e33fb389ee6/master/w_1600,c_limit/1988_01_04.jpg",https://www.newyorker.com/magazine/1988/01/04,covers/1988/1988-01-04.jpg,483306,ok
1988-01-11,1988,"The New Yorker January 11, 1988",,"https://media.newyorker.com/photos/59095065019dfc3494e9d56f/master/w_1600,c_limit/1988_01_11.jpg",https://www.newyorker.com/magazine/1988/01/11,covers/1988/1988-01-11.jpg,378411,ok
1988-01-18,1988,"The New Yorker January 18, 1988",,"https://media.newyorker.com/photos/59095066ebe912338a3723ac/master/w_1600,c_limit/1988_01_18.jpg",https://www.newyorker.com/magazine/1988/01/18,covers/1988/1988-01-18.jpg,669165,ok
1988-01-25,1988,"The New Yorker January 25, 1988",,"https://media.newyorker.com/photos/590950676552fa0be682b85d/master/w_1600,c_limit/1988_01_25.jpg",https://www.newyorker.com/magazine/1988/01/25,covers/1988/1988-01-25.jpg,431263,ok
1988-02-01,1988,"The New Yorker February 1, 1988",,"https://media.newyorker.com/photos/590950671c7a8e33fb389ea6/master/w_1600,c_limit/1988_02_01.jpg",https://www.newyorker.com/magazine/1988/02/01,covers/1988/1988-02-01.jpg,765721,ok
1988-02-08,1988,"The New Yorker February 8, 1988",,"https://media.newyorker.com/photos/59095068c14b3c606c1033d1/master/w_1600,c_limit/1988_02_08.jpg",https://www.newyorker.com/magazine/1988/02/08,covers/1988/1988-02-08.jpg,418057,ok
1988-02-15,1988,"The New Yorker February 15, 1988",,"https://media.newyorker.com/photos/590950692179605b11ad2b70/master/w_1600,c_limit/1988_02_15.jpg",https://www.newyorker.com/magazine/1988/02/15,covers/1988/1988-02-15.jpg,398178,ok
1988-02-22,1988,"The New Yorker February 22, 1988",,"https://media.newyorker.com/photos/5909506aebe912338a3723c2/master/w_1600,c_limit/1988_02_22.jpg",https://www.newyorker.com/magazine/1988/02/22,covers/1988/1988-02-22.jpg,335742,ok
1988-02-29,1988,"The New Yorker February 29, 1988",,"https://media.newyorker.com/photos/5909506a019dfc3494e9d583/master/w_1600,c_limit/1988_02_29.jpg",https://www.newyorker.com/magazine/1988/02/29,covers/1988/1988-02-29.jpg,450650,ok
1988-03-07,1988,"The New Yorker March 7, 1988",,"https://media.newyorker.com/photos/5909506bebe912338a3723c8/master/w_1600,c_limit/1988_03_07.jpg",https://www.newyorker.com/magazine/1988/03/07,covers/1988/1988-03-07.jpg,189436,ok
1988-03-14,1988,"The New Yorker March 14, 1988",,"https://media.newyorker.com/photos/5909506c2179605b11ad2b7b/master/w_1600,c_limit/1988_03_14.jpg",https://www.newyorker.com/magazine/1988/03/14,covers/1988/1988-03-14.jpg,572694,ok
1988-03-21,1988,"The New Yorker March 21, 1988",,"https://media.newyorker.com/photos/5909506d6552fa0be682b881/master/w_1600,c_limit/1988_03_21.jpg",https://www.newyorker.com/magazine/1988/03/21,covers/1988/1988-03-21.jpg,913224,ok
1988-03-28,1988,"The New Yorker March 28, 1988",,"https://media.newyorker.com/photos/5909506e1c7a8e33fb389ec1/master/w_1600,c_limit/1988_03_28.jpg",https://www.newyorker.com/magazine/1988/03/28,covers/1988/1988-03-28.jpg,387965,ok
1988-04-04,1988,"The New Yorker April 4, 1988",,"https://media.newyorker.com/photos/5909506e2179605b11ad2b8d/master/w_1600,c_limit/1988_04_04.jpg",https://www.newyorker.com/magazine/1988/04/04,covers/1988/1988-04-04.jpg,196256,ok
1988-04-11,1988,"The New Yorker April 11, 1988",,"https://media.newyorker.com/photos/5909506fc14b3c606c1033ea/master/w_1600,c_limit/1988_04_11.jpg",https://www.newyorker.com/magazine/1988/04/11,covers/1988/1988-04-11.jpg,591934,ok
1988-04-18,1988,"The New Yorker April 18, 1988",,"https://media.newyorker.com/photos/59095070c14b3c606c1033ee/master/w_1600,c_limit/1988_04_18.jpg",https://www.newyorker.com/magazine/1988/04/18,covers/1988/1988-04-18.jpg,222126,ok
1988-04-25,1988,"The New Yorker April 25, 1988",,"https://media.newyorker.com/photos/590950702179605b11ad2b95/master/w_1600,c_limit/1988_04_25.jpg",https://www.newyorker.com/magazine/1988/04/25,covers/1988/1988-04-25.jpg,850334,ok
1988-05-02,1988,"The New Yorker May 2, 1988",,"https://media.newyorker.com/photos/590950711c7a8e33fb389ed0/master/w_1600,c_limit/1988_05_02.jpg",https://www.newyorker.com/magazine/1988/05/02,covers/1988/1988-05-02.jpg,392479,ok
1988-05-09,1988,"The New Yorker May 9, 1988",,"https://media.newyorker.com/photos/590950721c7a8e33fb389ed2/master/w_1600,c_limit/1988_05_09.jpg",https://www.newyorker.com/magazine/1988/05/09,covers/1988/1988-05-09.jpg,383005,ok
1988-05-16,1988,"The New Yorker May 16, 1988",,"https://media.newyorker.com/photos/59095073019dfc3494e9d5a3/master/w_1600,c_limit/1988_05_16.jpg",https://www.newyorker.com/magazine/1988/05/16,covers/1988/1988-05-16.jpg,653453,ok
1988-05-23,1988,"The New Yorker May 23, 1988",,"https://media.newyorker.com/photos/59095073c14b3c606c103406/master/w_1600,c_limit/1988_05_23.jpg",https://www.newyorker.com/magazine/1988/05/23,covers/1988/1988-05-23.jpg,482400,ok
1988-05-30,1988,"The New Yorker May 30, 1988",,"https://media.newyorker.com/photos/590950741c7a8e33fb389ede/master/w_1600,c_limit/1988_05_30.jpg",https://www.newyorker.com/magazine/1988/05/30,covers/1988/1988-05-30.jpg,563356,ok
1988-06-06,1988,"The New Yorker June 6, 1988",,"https://media.newyorker.com/photos/590950751c7a8e33fb389ee2/master/w_1600,c_limit/1988_06_06.jpg",https://www.newyorker.com/magazine/1988/06/06,covers/1988/1988-06-06.jpg,317332,ok
1988-06-13,1988,"The New Yorker June 13, 1988",,"https://media.newyorker.com/photos/590950761c7a8e33fb389ee4/master/w_1600,c_limit/1988_06_13.jpg",https://www.newyorker.com/magazine/1988/06/13,covers/1988/1988-06-13.jpg,463442,ok
1988-06-20,1988,"The New Yorker June 20, 1988",,"https://media.newyorker.com/photos/590950762179605b11ad2bb0/master/w_1600,c_limit/1988_06_20.jpg",https://www.newyorker.com/magazine/1988/06/20,covers/1988/1988-06-20.jpg,882130,ok
1988-06-27,1988,"The New Yorker June 27, 1988",,"https://media.newyorker.com/photos/59095077ebe912338a3723ed/master/w_1600,c_limit/1988_06_27.jpg",https://www.newyorker.com/magazine/1988/06/27,covers/1988/1988-06-27.jpg,409382,ok
1988-07-04,1988,"The New Yorker July 4, 1988",,"https://media.newyorker.com/photos/590950662179605b11ad2b66/master/w_1600,c_limit/1988_07_04.jpg",https://www.newyorker.com/magazine/1988/07/04,covers/1988/1988-07-04.jpg,336977,ok
1988-07-11,1988,"The New Yorker July 11, 1988",,"https://media.newyorker.com/photos/59095066019dfc3494e9d571/master/w_1600,c_limit/1988_07_11.jpg",https://www.newyorker.com/magazine/1988/07/11,covers/1988/1988-07-11.jpg,387875,ok
1988-07-18,1988,"The New Yorker July 18, 1988",,"https://media.newyorker.com/photos/59095067ebe912338a3723b4/master/w_1600,c_limit/1988_07_18.jpg",https://www.newyorker.com/magazine/1988/07/18,covers/1988/1988-07-18.jpg,862981,ok
1988-07-25,1988,"The New Yorker July 25, 1988",,"https://media.newyorker.com/photos/590950681c7a8e33fb389eaa/master/w_1600,c_limit/1988_07_25.jpg",https://www.newyorker.com/magazine/1988/07/25,covers/1988/1988-07-25.jpg,447568,ok
1988-08-01,1988,"The New Yorker August 1, 1988",,"https://media.newyorker.com/photos/59095069019dfc3494e9d57b/master/w_1600,c_limit/1988_08_01.jpg",https://www.newyorker.com/magazine/1988/08/01,covers/1988/1988-08-01.jpg,227538,ok
1988-08-08,1988,"The New Yorker August 8, 1988",,"https://media.newyorker.com/photos/590950692179605b11ad2b72/master/w_1600,c_limit/1988_08_08.jpg",https://www.newyorker.com/magazine/1988/08/08,covers/1988/1988-08-08.jpg,326148,ok
1988-08-15,1988,"The New Yorker August 15, 1988",,"https://media.newyorker.com/photos/5909506a1c7a8e33fb389eb0/master/w_1600,c_limit/1988_08_15.jpg",https://www.newyorker.com/magazine/1988/08/15,covers/1988/1988-08-15.jpg,447566,ok
1988-08-22,1988,"The New Yorker August 22, 1988",,"https://media.newyorker.com/photos/5909506b6552fa0be682b879/master/w_1600,c_limit/1988_08_22.jpg",https://www.newyorker.com/magazine/1988/08/22,covers/1988/1988-08-22.jpg,282735,ok
1988-08-29,1988,"The New Yorker August 29, 1988",,"https://media.newyorker.com/photos/5909506cc14b3c606c1033e0/master/w_1600,c_limit/1988_08_29.jpg",https://www.newyorker.com/magazine/1988/08/29,covers/1988/1988-08-29.jpg,584823,ok
1988-09-05,1988,"The New Yorker September 5, 1988",,"https://media.newyorker.com/photos/5909506c2179605b11ad2b80/master/w_1600,c_limit/1988_09_05.jpg",https://www.newyorker.com/magazine/1988/09/05,covers/1988/1988-09-05.jpg,295490,ok
1988-09-12,1988,"The New Yorker September 12, 1988",,"https://media.newyorker.com/photos/5909506d1c7a8e33fb389ebb/master/w_1600,c_limit/1988_09_12.jpg",https://www.newyorker.com/magazine/1988/09/12,covers/1988/1988-09-12.jpg,493246,ok
1988-09-19,1988,"The New Yorker September 19, 1988",,"https://media.newyorker.com/photos/5909506e1c7a8e33fb389ec0/master/w_1600,c_limit/1988_09_19.jpg",https://www.newyorker.com/magazine/1988/09/19,covers/1988/1988-09-19.jpg,456841,ok
1988-09-26,1988,"The New Yorker September 26, 1988",,"https://media.newyorker.com/photos/5909506e2179605b11ad2b8e/master/w_1600,c_limit/1988_09_26.jpg",https://www.newyorker.com/magazine/1988/09/26,covers/1988/1988-09-26.jpg,452013,ok
1988-10-03,1988,"The New Yorker October 3, 1988",,"https://media.newyorker.com/photos/5909506f2179605b11ad2b92/master/w_1600,c_limit/1988_10_03.jpg",https://www.newyorker.com/magazine/1988/10/03,covers/1988/1988-10-03.jpg,367172,ok
1988-10-10,1988,"The New Yorker October 10, 1988",,"https://media.newyorker.com/photos/59095070c14b3c606c1033f0/master/w_1600,c_limit/1988_10_10.jpg",https://www.newyorker.com/magazine/1988/10/10,covers/1988/1988-10-10.jpg,375932,ok
1988-10-17,1988,"The New Yorker October 17, 1988",,"https://media.newyorker.com/photos/59095071019dfc3494e9d599/master/w_1600,c_limit/1988_10_17.jpg",https://www.newyorker.com/magazine/1988/10/17,covers/1988/1988-10-17.jpg,437763,ok
1988-10-24,1988,"The New Yorker October 24, 1988",,"https://media.newyorker.com/photos/59095071019dfc3494e9d59c/master/w_1600,c_limit/1988_10_24.jpg",https://www.newyorker.com/magazine/1988/10/24,covers/1988/1988-10-24.jpg,673859,ok
1988-10-31,1988,"The New Yorker October 31, 1988",,"https://media.newyorker.com/photos/590950722179605b11ad2b99/master/w_1600,c_limit/1988_10_31.jpg",https://www.newyorker.com/magazine/1988/10/31,covers/1988/1988-10-31.jpg,499330,ok
1988-11-07,1988,"The New Yorker November 7, 1988",,"https://media.newyorker.com/photos/590950732179605b11ad2b9e/master/w_1600,c_limit/1988_11_07.jpg",https://www.newyorker.com/magazine/1988/11/07,covers/1988/1988-11-07.jpg,517883,ok
1988-11-14,1988,"The New Yorker November 14, 1988",,"https://media.newyorker.com/photos/59095073c14b3c606c103405/master/w_1600,c_limit/1988_11_14.jpg",https://www.newyorker.com/magazine/1988/11/14,covers/1988/1988-11-14.jpg,239197,ok
1988-11-21,1988,"The New Yorker November 21, 1988",,"https://media.newyorker.com/photos/59095074019dfc3494e9d5a9/master/w_1600,c_limit/1988_11_21.jpg",https://www.newyorker.com/magazine/1988/11/21,covers/1988/1988-11-21.jpg,739508,ok
1988-11-28,1988,"The New Yorker November 28, 1988",,"https://media.newyorker.com/photos/59095075ebe912338a3723e6/master/w_1600,c_limit/1988_11_28.jpg",https://www.newyorker.com/magazine/1988/11/28,covers/1988/1988-11-28.jpg,471785,ok
1988-12-05,1988,"The New Yorker December 5, 1988",,"https://media.newyorker.com/photos/59095075c14b3c606c10340e/master/w_1600,c_limit/1988_12_05.jpg",https://www.newyorker.com/magazine/1988/12/05,covers/1988/1988-12-05.jpg,392490,ok
1988-12-12,1988,"The New Yorker December 12, 1988",,"https://media.newyorker.com/photos/59095076ebe912338a3723ea/master/w_1600,c_limit/1988_12_12.jpg",https://www.newyorker.com/magazine/1988/12/12,covers/1988/1988-12-12.jpg,736704,ok
1988-12-19,1988,"The New Yorker December 19, 1988",,"https://media.newyorker.com/photos/590950776552fa0be682b8b1/master/w_1600,c_limit/1988_12_19.jpg",https://www.newyorker.com/magazine/1988/12/19,covers/1988/1988-12-19.jpg,171168,ok
1988-12-26,1988,"The New Yorker December 26, 1988",,"https://media.newyorker.com/photos/59095066c14b3c606c1033c8/master/w_1600,c_limit/1988_12_26.jpg",https://www.newyorker.com/magazine/1988/12/26,covers/1988/1988-12-26.jpg,670895,ok
1989-01-02,1989,"The New Yorker January 2, 1989",,"https://media.newyorker.com/photos/590950671c7a8e33fb389ea4/master/w_1600,c_limit/1989_01_02.jpg",https://www.newyorker.com/magazine/1989/01/02,covers/1989/1989-01-02.jpg,617324,ok
1989-01-09,1989,"The New Yorker January 9, 1989",,"https://media.newyorker.com/photos/590950686552fa0be682b865/master/w_1600,c_limit/1989_01_09.jpg",https://www.newyorker.com/magazine/1989/01/09,covers/1989/1989-01-09.jpg,347010,ok
1989-01-16,1989,"The New Yorker January 16, 1989",,"https://media.newyorker.com/photos/59095068ebe912338a3723b8/master/w_1600,c_limit/1989_01_16.jpg",https://www.newyorker.com/magazine/1989/01/16,covers/1989/1989-01-16.jpg,238562,ok
1989-01-23,1989,"The New Yorker January 23, 1989",,"https://media.newyorker.com/photos/59095069019dfc3494e9d57d/master/w_1600,c_limit/1989_01_23.jpg",https://www.newyorker.com/magazine/1989/01/23,covers/1989/1989-01-23.jpg,316293,ok
1989-01-30,1989,"The New Yorker January 30, 1989",,"https://media.newyorker.com/photos/5909506a019dfc3494e9d580/master/w_1600,c_limit/1989_01_30.jpg",https://www.newyorker.com/magazine/1989/01/30,covers/1989/1989-01-30.jpg,252705,ok
1989-02-06,1989,"The New Yorker February 6, 1989",,"https://media.newyorker.com/photos/5909506aebe912338a3723c5/master/w_1600,c_limit/1989_02_06.jpg",https://www.newyorker.com/magazine/1989/02/06,covers/1989/1989-02-06.jpg,638968,ok
1989-02-13,1989,"The New Yorker February 13, 1989",,"https://media.newyorker.com/photos/5909506b1c7a8e33fb389eb4/master/w_1600,c_limit/1989_02_13.jpg",https://www.newyorker.com/magazine/1989/02/13,covers/1989/1989-02-13.jpg,137132,ok
1989-02-20,1989,"The New Yorker February 20, 1989",,"https://media.newyorker.com/photos/5909506cebe912338a3723cb/master/w_1600,c_limit/1989_02_20.jpg",https://www.newyorker.com/magazine/1989/02/20,covers/1989/1989-02-20.jpg,328776,ok
1989-02-27,1989,"The New Yorker February 27, 1989",,"https://media.newyorker.com/photos/5909506d2179605b11ad2b86/master/w_1600,c_limit/1989_02_27.jpg",https://www.newyorker.com/magazine/1989/02/27,covers/1989/1989-02-27.jpg,482763,ok
1989-03-06,1989,"The New Yorker March 6, 1989",,"https://media.newyorker.com/photos/5909506e019dfc3494e9d589/master/w_1600,c_limit/1989_03_06.jpg",https://www.newyorker.com/magazine/1989/03/06,covers/1989/1989-03-06.jpg,727816,ok
1989-03-13,1989,"The New Yorker March 13, 1989",,"https://media.newyorker.com/photos/5909506eebe912338a3723d2/master/w_1600,c_limit/1989_03_13.jpg",https://www.newyorker.com/magazine/1989/03/13,covers/1989/1989-03-13.jpg,524559,ok
1989-03-20,1989,"The New Yorker March 20, 1989",,"https://media.newyorker.com/photos/5909506f6552fa0be682b88b/master/w_1600,c_limit/1989_03_20.jpg",https://www.newyorker.com/magazine/1989/03/20,covers/1989/1989-03-20.jpg,250448,ok
1989-03-27,1989,"The New Yorker March 27, 1989",,"https://media.newyorker.com/photos/590950701c7a8e33fb389ece/master/w_1600,c_limit/1989_03_27.jpg",https://www.newyorker.com/magazine/1989/03/27,covers/1989/1989-03-27.jpg,263791,ok
1989-04-03,1989,"The New Yorker April 3, 1989",,"https://media.newyorker.com/photos/59095071c14b3c606c1033f5/master/w_1600,c_limit/1989_04_03.jpg",https://www.newyorker.com/magazine/1989/04/03,covers/1989/1989-04-03.jpg,529900,ok
1989-04-10,1989,"The New Yorker April 10, 1989",,"https://media.newyorker.com/photos/59095071019dfc3494e9d59d/master/w_1600,c_limit/1989_04_10.jpg",https://www.newyorker.com/magazine/1989/04/10,covers/1989/1989-04-10.jpg,349596,ok
1989-04-17,1989,"The New Yorker April 17, 1989",,"https://media.newyorker.com/photos/590950722179605b11ad2b9a/master/w_1600,c_limit/1989_04_17.jpg",https://www.newyorker.com/magazine/1989/04/17,covers/1989/1989-04-17.jpg,521529,ok
1989-04-24,1989,"The New Yorker April 24, 1989",,"https://media.newyorker.com/photos/590950731c7a8e33fb389ed4/master/w_1600,c_limit/1989_04_24.jpg",https://www.newyorker.com/magazine/1989/04/24,covers/1989/1989-04-24.jpg,477481,ok
1989-05-01,1989,"The New Yorker May 1, 1989",,"https://media.newyorker.com/photos/590950731c7a8e33fb389edc/master/w_1600,c_limit/1989_05_01.jpg",https://www.newyorker.com/magazine/1989/05/01,covers/1989/1989-05-01.jpg,323536,ok
1989-05-08,1989,"The New Yorker May 8, 1989",,"https://media.newyorker.com/photos/59095074ebe912338a3723e4/master/w_1600,c_limit/1989_05_08.jpg",https://www.newyorker.com/magazine/1989/05/08,covers/1989/1989-05-08.jpg,282707,ok
1989-05-15,1989,"The New Yorker May 15, 1989",,"https://media.newyorker.com/photos/590950756552fa0be682b8ac/master/w_1600,c_limit/1989_05_15.jpg",https://www.newyorker.com/magazine/1989/05/15,covers/1989/1989-05-15.jpg,550977,ok
1989-05-22,1989,"The New Yorker May 22, 1989",,"https://media.newyorker.com/photos/590950766552fa0be682b8af/master/w_1600,c_limit/1989_05_22.jpg",https://www.newyorker.com/magazine/1989/05/22,covers/1989/1989-05-22.jpg,222929,ok
1989-05-29,1989,"The New Yorker May 29, 1989",,"https://media.newyorker.com/photos/59095077019dfc3494e9d5b6/master/w_1600,c_limit/1989_05_29.jpg",https://www.newyorker.com/magazine/1989/05/29,covers/1989/1989-05-29.jpg,702074,ok
1989-06-05,1989,"The New Yorker June 5, 1989",,"https://media.newyorker.com/photos/59095077ebe912338a3723ee/master/w_1600,c_limit/1989_06_05.jpg",https://www.newyorker.com/magazine/1989/06/05,covers/1989/1989-06-05.jpg,179778,ok
1989-06-12,1989,"The New Yorker June 12, 1989",,"https://media.newyorker.com/photos/59095078019dfc3494e9d5bd/master/w_1600,c_limit/1989_06_12.jpg",https://www.newyorker.com/magazine/1989/06/12,covers/1989/1989-06-12.jpg,610066,ok
1989-06-19,1989,"The New Yorker June 19, 1989",,"https://media.newyorker.com/photos/59095066ebe912338a3723ae/master/w_1600,c_limit/1989_06_19.jpg",https://www.newyorker.com/magazine/1989/06/19,covers/1989/1989-06-19.jpg,370739,ok
1989-06-26,1989,"The New Yorker June 26, 1989",,"https://media.newyorker.com/photos/590950676552fa0be682b85f/master/w_1600,c_limit/1989_06_26.jpg",https://www.newyorker.com/magazine/1989/06/26,covers/1989/1989-06-26.jpg,332658,ok
1989-07-03,1989,"The New Yorker July 3, 1989",,"https://media.newyorker.com/photos/590950672179605b11ad2b6e/master/w_1600,c_limit/1989_07_03.jpg",https://www.newyorker.com/magazine/1989/07/03,covers/1989/1989-07-03.jpg,300617,ok
1989-07-10,1989,"The New Yorker July 10, 1989",,"https://media.newyorker.com/photos/59095068019dfc3494e9d579/master/w_1600,c_limit/1989_07_10.jpg",https://www.newyorker.com/magazine/1989/07/10,covers/1989/1989-07-10.jpg,693756,ok
1989-07-17,1989,"The New Yorker July 17, 1989",,"https://media.newyorker.com/photos/59095069c14b3c606c1033d4/master/w_1600,c_limit/1989_07_17.jpg",https://www.newyorker.com/magazine/1989/07/17,covers/1989/1989-07-17.jpg,363632,ok
1989-07-24,1989,"The New Yorker July 24, 1989",,"https://media.newyorker.com/photos/5909506ac14b3c606c1033d7/master/w_1600,c_limit/1989_07_24.jpg",https://www.newyorker.com/magazine/1989/07/24,covers/1989/1989-07-24.jpg,673422,ok
1989-07-31,1989,"The New Yorker July 31, 1989",,"https://media.newyorker.com/photos/5909506b6552fa0be682b878/master/w_1600,c_limit/1989_07_31.jpg",https://www.newyorker.com/magazine/1989/07/31,covers/1989/1989-07-31.jpg,511380,ok
1989-08-07,1989,"The New Yorker August 7, 1989",,"https://media.newyorker.com/photos/5909506b1c7a8e33fb389eb6/master/w_1600,c_limit/1989_08_07.jpg",https://www.newyorker.com/magazine/1989/08/07,covers/1989/1989-08-07.jpg,450094,ok
1989-08-14,1989,"The New Yorker August 14, 1989",,"https://media.newyorker.com/photos/5909506c2179605b11ad2b82/master/w_1600,c_limit/1989_08_14.jpg",https://www.newyorker.com/magazine/1989/08/14,covers/1989/1989-08-14.jpg,671608,ok
1989-08-21,1989,"The New Yorker August 21, 1989",,"https://media.newyorker.com/photos/5909506d019dfc3494e9d587/master/w_1600,c_limit/1989_08_21.jpg",https://www.newyorker.com/magazine/1989/08/21,covers/1989/1989-08-21.jpg,426815,ok
1989-08-28,1989,"The New Yorker August 28, 1989",,"https://media.newyorker.com/photos/5909506ec14b3c606c1033e6/master/w_1600,c_limit/1989_08_28.jpg",https://www.newyorker.com/magazine/1989/08/28,covers/1989/1989-08-28.jpg,505522,ok
1989-09-04,1989,"The New Yorker September 4, 1989",,"https://media.newyorker.com/photos/5909506f019dfc3494e9d58f/master/w_1600,c_limit/1989_09_04.jpg",https://www.newyorker.com/magazine/1989/09/04,covers/1989/1989-09-04.jpg,650437,ok
1989-09-11,1989,"The New Yorker September 11, 1989",,"https://media.newyorker.com/photos/5909506f019dfc3494e9d593/master/w_1600,c_limit/1989_09_11.jpg",https://www.newyorker.com/magazine/1989/09/11,covers/1989/1989-09-11.jpg,247256,ok
1989-09-18,1989,"The New Yorker September 18, 1989",,"https://media.newyorker.com/photos/590950706552fa0be682b88f/master/w_1600,c_limit/1989_09_18.jpg",https://www.newyorker.com/magazine/1989/09/18,covers/1989/1989-09-18.jpg,572251,ok
1989-09-25,1989,"The New Yorker September 25, 1989",,"https://media.newyorker.com/photos/59095071c14b3c606c1033f8/master/w_1600,c_limit/1989_09_25.jpg",https://www.newyorker.com/magazine/1989/09/25,covers/1989/1989-09-25.jpg,487960,ok
1989-10-02,1989,"The New Yorker October 2, 1989",,"https://media.newyorker.com/photos/59095071c14b3c606c1033fc/master/w_1600,c_limit/1989_10_02.jpg",https://www.newyorker.com/magazine/1989/10/02,covers/1989/1989-10-02.jpg,659080,ok
1989-10-09,1989,"The New Yorker October 9, 1989",,"https://media.newyorker.com/photos/590950726552fa0be682b89f/master/w_1600,c_limit/1989_10_09.jpg",https://www.newyorker.com/magazine/1989/10/09,covers/1989/1989-10-09.jpg,446839,ok
1989-10-16,1989,"The New Yorker October 16, 1989",,"https://media.newyorker.com/photos/59095073c14b3c606c103402/master/w_1600,c_limit/1989_10_16.jpg",https://www.newyorker.com/magazine/1989/10/16,covers/1989/1989-10-16.jpg,314696,ok
1989-10-23,1989,"The New Yorker October 23, 1989",,"https://media.newyorker.com/photos/590950731c7a8e33fb389edb/master/w_1600,c_limit/1989_10_23.jpg",https://www.newyorker.com/magazine/1989/10/23,covers/1989/1989-10-23.jpg,280522,ok
1989-10-30,1989,"The New Yorker October 30, 1989",,"https://media.newyorker.com/photos/590950741c7a8e33fb389ee0/master/w_1600,c_limit/1989_10_30.jpg",https://www.newyorker.com/magazine/1989/10/30,covers/1989/1989-10-30.jpg,742471,ok
1989-11-06,1989,"The New Yorker November 6, 1989",,"https://media.newyorker.com/photos/590950756552fa0be682b8ad/master/w_1600,c_limit/1989_11_06.jpg",https://www.newyorker.com/magazine/1989/11/06,covers/1989/1989-11-06.jpg,659467,ok
1989-11-13,1989,"The New Yorker November 13, 1989",,"https://media.newyorker.com/photos/59095076ebe912338a3723e8/master/w_1600,c_limit/1989_11_13.jpg",https://www.newyorker.com/magazine/1989/11/13,covers/1989/1989-11-13.jpg,417169,ok
1989-11-20,1989,"The New Yorker November 20, 1989",,"https://media.newyorker.com/photos/590950771c7a8e33fb389eea/master/w_1600,c_limit/1989_11_20.jpg",https://www.newyorker.com/magazine/1989/11/20,covers/1989/1989-11-20.jpg,515639,ok
1989-11-27,1989,"The New Yorker November 27, 1989",,"https://media.newyorker.com/photos/590950782179605b11ad2bb4/master/w_1600,c_limit/1989_11_27.jpg",https://www.newyorker.com/magazine/1989/11/27,covers/1989/1989-11-27.jpg,625463,ok
1989-12-04,1989,"The New Yorker December 4, 1989",,"https://media.newyorker.com/photos/590950782179605b11ad2bb8/master/w_1600,c_limit/1989_12_04.jpg",https://www.newyorker.com/magazine/1989/12/04,covers/1989/1989-12-04.jpg,340240,ok
1989-12-11,1989,"The New Yorker December 11, 1989",,"https://media.newyorker.com/photos/590950672179605b11ad2b6c/master/w_1600,c_limit/1989_12_11.jpg",https://www.newyorker.com/magazine/1989/12/11,covers/1989/1989-12-11.jpg,324932,ok
1989-12-18,1989,"The New Yorker December 18, 1989",,"https://media.newyorker.com/photos/590950676552fa0be682b864/master/w_1600,c_limit/1989_12_18.jpg",https://www.newyorker.com/magazine/1989/12/18,covers/1989/1989-12-18.jpg,444567,ok
1989-12-25,1989,"The New Yorker December 25, 1989",,"https://media.newyorker.com/photos/59095068c14b3c606c1033d2/master/w_1600,c_limit/1989_12_25.jpg",https://www.newyorker.com/magazine/1989/12/25,covers/1989/1989-12-25.jpg,504121,ok
1990-01-01,1990,"The New Yorker January 1, 1990",,"https://media.newyorker.com/photos/590950691c7a8e33fb389eac/master/w_1600,c_limit/1990_01_01.jpg",https://www.newyorker.com/magazine/1990/01/01,covers/1990/1990-01-01.jpg,873571,ok
1990-01-08,1990,"The New Yorker January 8, 1990",,"https://media.newyorker.com/photos/5909506aebe912338a3723c1/master/w_1600,c_limit/1990_01_08.jpg",https://www.newyorker.com/magazine/1990/01/08,covers/1990/1990-01-08.jpg,627989,ok
1990-01-15,1990,"The New Yorker January 15, 1990",,"https://media.newyorker.com/photos/5909506ac14b3c606c1033da/master/w_1600,c_limit/1990_01_15.jpg",https://www.newyorker.com/magazine/1990/01/15,covers/1990/1990-01-15.jpg,530376,ok
1990-01-22,1990,"The New Yorker January 22, 1990",,"https://media.newyorker.com/photos/5909506bc14b3c606c1033dd/master/w_1600,c_limit/1990_01_22.jpg",https://www.newyorker.com/magazine/1990/01/22,covers/1990/1990-01-22.jpg,244414,ok
1990-01-29,1990,"The New Yorker January 29, 1990",,"https://media.newyorker.com/photos/5909506c6552fa0be682b87d/master/w_1600,c_limit/1990_01_29.jpg",https://www.newyorker.com/magazine/1990/01/29,covers/1990/1990-01-29.jpg,502949,ok
1990-02-05,1990,"The New Yorker February 5, 1990",,"https://media.newyorker.com/photos/5909506dc14b3c606c1033e4/master/w_1600,c_limit/1990_02_05.jpg",https://www.newyorker.com/magazine/1990/02/05,covers/1990/1990-02-05.jpg,454708,ok
1990-02-12,1990,"The New Yorker February 12, 1990",,"https://media.newyorker.com/photos/5909506d2179605b11ad2b88/master/w_1600,c_limit/1990_02_12.jpg",https://www.newyorker.com/magazine/1990/02/12,covers/1990/1990-02-12.jpg,148981,ok
1990-02-19,1990,"The New Yorker February 19, 1990",,"https://media.newyorker.com/photos/5909506e019dfc3494e9d58b/master/w_1600,c_limit/1990_02_19.jpg",https://www.newyorker.com/magazine/1990/02/19,covers/1990/1990-02-19.jpg,338910,ok
1990-02-26,1990,"The New Yorker February 26, 1990",,"https://media.newyorker.com/photos/5909506f1c7a8e33fb389ec8/master/w_1600,c_limit/1990_02_26.jpg",https://www.newyorker.com/magazine/1990/02/26,covers/1990/1990-02-26.jpg,339268,ok
1990-03-05,1990,"The New Yorker March 5, 1990",,"https://media.newyorker.com/photos/5909506f019dfc3494e9d592/master/w_1600,c_limit/1990_03_05.jpg",https://www.newyorker.com/magazine/1990/03/05,covers/1990/1990-03-05.jpg,402440,ok
1990-03-12,1990,"The New Yorker March 12, 1990",,"https://media.newyorker.com/photos/59095070c14b3c606c1033f2/master/w_1600,c_limit/1990_03_12.jpg",https://www.newyorker.com/magazine/1990/03/12,covers/1990/1990-03-12.jpg,476150,ok
1990-03-19,1990,"The New Yorker March 19, 1990",,"https://media.newyorker.com/photos/590950716552fa0be682b895/master/w_1600,c_limit/1990_03_19.jpg",https://www.newyorker.com/magazine/1990/03/19,covers/1990/1990-03-19.jpg,307951,ok
1990-03-26,1990,"The New Yorker March 26, 1990",,"https://media.newyorker.com/photos/590950726552fa0be682b89b/master/w_1600,c_limit/1990_03_26.jpg",https://www.newyorker.com/magazine/1990/03/26,covers/1990/1990-03-26.jpg,454326,ok
1990-04-02,1990,"The New Yorker April 2, 1990",,"https://media.newyorker.com/photos/590950726552fa0be682b8a0/master/w_1600,c_limit/1990_04_02.jpg",https://www.newyorker.com/magazine/1990/04/02,covers/1990/1990-04-02.jpg,262932,ok
1990-04-09,1990,"The New Yorker April 9, 1990",,"https://media.newyorker.com/photos/59095073019dfc3494e9d5a5/master/w_1600,c_limit/1990_04_09.jpg",https://www.newyorker.com/magazine/1990/04/09,covers/1990/1990-04-09.jpg,721551,ok
1990-04-16,1990,"The New Yorker April 16, 1990",,"https://media.newyorker.com/photos/590950742179605b11ad2ba4/master/w_1600,c_limit/1990_04_16.jpg",https://www.newyorker.com/magazine/1990/04/16,covers/1990/1990-04-16.jpg,159075,ok
1990-04-23,1990,"The New Yorker April 23, 1990",,"https://media.newyorker.com/photos/59095074c14b3c606c10340a/master/w_1600,c_limit/1990_04_23.jpg",https://www.newyorker.com/magazine/1990/04/23,covers/1990/1990-04-23.jpg,223959,ok
1990-04-30,1990,"The New Yorker April 30, 1990",,"https://media.newyorker.com/photos/59095075c14b3c606c10340c/master/w_1600,c_limit/1990_04_30.jpg",https://www.newyorker.com/magazine/1990/04/30,covers/1990/1990-04-30.jpg,285731,ok
1990-05-07,1990,"The New Yorker May 7, 1990",,"https://media.newyorker.com/photos/59095076019dfc3494e9d5b1/master/w_1600,c_limit/1990_05_07.jpg",https://www.newyorker.com/magazine/1990/05/07,covers/1990/1990-05-07.jpg,985100,ok
1990-05-14,1990,"The New Yorker May 14, 1990",,"https://media.newyorker.com/photos/59095077c14b3c606c103412/master/w_1600,c_limit/1990_05_14.jpg",https://www.newyorker.com/magazine/1990/05/14,covers/1990/1990-05-14.jpg,222588,ok
1990-05-21,1990,"The New Yorker May 21, 1990",,"https://media.newyorker.com/photos/59095077019dfc3494e9d5bb/master/w_1600,c_limit/1990_05_21.jpg",https://www.newyorker.com/magazine/1990/05/21,covers/1990/1990-05-21.jpg,358754,ok
1990-05-28,1990,"The New Yorker May 28, 1990",,"https://media.newyorker.com/photos/59095078c14b3c606c103416/master/w_1600,c_limit/1990_05_28.jpg",https://www.newyorker.com/magazine/1990/05/28,covers/1990/1990-05-28.jpg,543598,ok
1990-06-04,1990,"The New Yorker June 4, 1990",,"https://media.newyorker.com/photos/59095077019dfc3494e9d5b8/master/w_1600,c_limit/1990_06_04.jpg",https://www.newyorker.com/magazine/1990/06/04,covers/1990/1990-06-04.jpg,208971,ok
1990-06-11,1990,"The New Yorker June 11, 1990",,"https://media.newyorker.com/photos/59095077c14b3c606c103414/master/w_1600,c_limit/1990_06_11.jpg",https://www.newyorker.com/magazine/1990/06/11,covers/1990/1990-06-11.jpg,378708,ok
1990-06-18,1990,"The New Yorker June 18, 1990",,"https://media.newyorker.com/photos/590950782179605b11ad2bb6/master/w_1600,c_limit/1990_06_18.jpg",https://www.newyorker.com/magazine/1990/06/18,covers/1990/1990-06-18.jpg,473370,ok
1990-06-25,1990,"The New Yorker June 25, 1990",,"https://media.newyorker.com/photos/59095079ebe912338a3723f2/master/w_1600,c_limit/1990_06_25.jpg",https://www.newyorker.com/magazine/1990/06/25,covers/1990/1990-06-25.jpg,654087,ok
1990-07-02,1990,"The New Yorker July 2, 1990",,"https://media.newyorker.com/photos/5909507a2179605b11ad2bbe/master/w_1600,c_limit/1990_07_02.jpg",https://www.newyorker.com/magazine/1990/07/02,covers/1990/1990-07-02.jpg,295677,ok
1990-07-09,1990,"The New Yorker July 9, 1990",,"https://media.newyorker.com/photos/5909507a6552fa0be682b8bb/master/w_1600,c_limit/1990_07_09.jpg",https://www.newyorker.com/magazine/1990/07/09,covers/1990/1990-07-09.jpg,194440,ok
1990-07-16,1990,"The New Yorker July 16, 1990",,"https://media.newyorker.com/photos/5909507bc14b3c606c103420/master/w_1600,c_limit/1990_07_16.jpg",https://www.newyorker.com/magazine/1990/07/16,covers/1990/1990-07-16.jpg,517729,ok
1990-07-23,1990,"The New Yorker July 23, 1990",,"https://media.newyorker.com/photos/5909507c2179605b11ad2bc7/master/w_1600,c_limit/1990_07_23.jpg",https://www.newyorker.com/magazine/1990/07/23,covers/1990/1990-07-23.jpg,431965,ok
1990-07-30,1990,"The New Yorker July 30, 1990",,"https://media.newyorker.com/photos/5909507d6552fa0be682b8c3/master/w_1600,c_limit/1990_07_30.jpg",https://www.newyorker.com/magazine/1990/07/30,covers/1990/1990-07-30.jpg,496340,ok
1990-08-06,1990,"The New Yorker August 6, 1990",,"https://media.newyorker.com/photos/5909507eebe912338a372403/master/w_1600,c_limit/1990_08_06.jpg",https://www.newyorker.com/magazine/1990/08/06,covers/1990/1990-08-06.jpg,518689,ok
1990-08-13,1990,"The New Yorker August 13, 1990",,"https://media.newyorker.com/photos/5909507e1c7a8e33fb389f0a/master/w_1600,c_limit/1990_08_13.jpg",https://www.newyorker.com/magazine/1990/08/13,covers/1990/1990-08-13.jpg,352974,ok
1990-08-20,1990,"The New Yorker August 20, 1990",,"https://media.newyorker.com/photos/5909507f2179605b11ad2bd0/master/w_1600,c_limit/1990_08_20.jpg",https://www.newyorker.com/magazine/1990/08/20,covers/1990/1990-08-20.jpg,742677,ok
1990-08-27,1990,"The New Yorker August 27, 1990",,"https://media.newyorker.com/photos/590950802179605b11ad2bd7/master/w_1600,c_limit/1990_08_27.jpg",https://www.newyorker.com/magazine/1990/08/27,covers/1990/1990-08-27.jpg,680482,ok
1990-09-03,1990,"The New Yorker September 3, 1990",,"https://media.newyorker.com/photos/590950811c7a8e33fb389f16/master/w_1600,c_limit/1990_09_03.jpg",https://www.newyorker.com/magazine/1990/09/03,covers/1990/1990-09-03.jpg,696007,ok
1990-09-10,1990,"The New Yorker September 10, 1990",,"https://media.newyorker.com/photos/590950826552fa0be682b8d5/master/w_1600,c_limit/1990_09_10.jpg",https://www.newyorker.com/magazine/1990/09/10,covers/1990/1990-09-10.jpg,447120,ok
1990-09-17,1990,"The New Yorker September 17, 1990",,"https://media.newyorker.com/photos/590950831c7a8e33fb389f1e/master/w_1600,c_limit/1990_09_17.jpg",https://www.newyorker.com/magazine/1990/09/17,covers/1990/1990-09-17.jpg,561100,ok
1990-09-24,1990,"The New Yorker September 24, 1990",,"https://media.newyorker.com/photos/590950841c7a8e33fb389f20/master/w_1600,c_limit/1990_09_24.jpg",https://www.newyorker.com/magazine/1990/09/24,covers/1990/1990-09-24.jpg,397989,ok
1990-10-01,1990,"The New Yorker October 1, 1990",,"https://media.newyorker.com/photos/590950841c7a8e33fb389f24/master/w_1600,c_limit/1990_10_01.jpg",https://www.newyorker.com/magazine/1990/10/01,covers/1990/1990-10-01.jpg,842604,ok
1990-10-08,1990,"The New Yorker October 8, 1990",,"https://media.newyorker.com/photos/590950851c7a8e33fb389f26/master/w_1600,c_limit/1990_10_08.jpg",https://www.newyorker.com/magazine/1990/10/08,covers/1990/1990-10-08.jpg,484952,ok
1990-10-15,1990,"The New Yorker October 15, 1990",,"https://media.newyorker.com/photos/590950862179605b11ad2bf2/master/w_1600,c_limit/1990_10_15.jpg",https://www.newyorker.com/magazine/1990/10/15,covers/1990/1990-10-15.jpg,419269,ok
1990-10-22,1990,"The New Yorker October 22, 1990",,"https://media.newyorker.com/photos/59095087019dfc3494e9d5f4/master/w_1600,c_limit/1990_10_22.jpg",https://www.newyorker.com/magazine/1990/10/22,covers/1990/1990-10-22.jpg,578761,ok
1990-10-29,1990,"The New Yorker October 29, 1990",,"https://media.newyorker.com/photos/59095088ebe912338a372428/master/w_1600,c_limit/1990_10_29.jpg",https://www.newyorker.com/magazine/1990/10/29,covers/1990/1990-10-29.jpg,213623,ok
1990-11-05,1990,"The New Yorker November 5, 1990",,"https://media.newyorker.com/photos/590950886552fa0be682b8ec/master/w_1600,c_limit/1990_11_05.jpg",https://www.newyorker.com/magazine/1990/11/05,covers/1990/1990-11-05.jpg,484071,ok
1990-11-12,1990,"The New Yorker November 12, 1990",,"https://media.newyorker.com/photos/59095089c14b3c606c103463/master/w_1600,c_limit/1990_11_12.jpg",https://www.newyorker.com/magazine/1990/11/12,covers/1990/1990-11-12.jpg,430741,ok
1990-11-19,1990,"The New Yorker November 19, 1990",,"https://media.newyorker.com/photos/5909508aebe912338a372436/master/w_1600,c_limit/1990_11_19.jpg",https://www.newyorker.com/magazine/1990/11/19,covers/1990/1990-11-19.jpg,851238,ok
1990-11-26,1990,"The New Yorker November 26, 1990",,"https://media.newyorker.com/photos/590950772179605b11ad2bb2/master/w_1600,c_limit/1990_11_26.jpg",https://www.newyorker.com/magazine/1990/11/26,covers/1990/1990-11-26.jpg,192631,ok
1990-12-03,1990,"The New Yorker December 3, 1990",,"https://media.newyorker.com/photos/590950786552fa0be682b8b5/master/w_1600,c_limit/1990_12_03.jpg",https://www.newyorker.com/magazine/1990/12/03,covers/1990/1990-12-03.jpg,702637,ok
1990-12-10,1990,"The New Yorker December 10, 1990",,"https://media.newyorker.com/photos/590950791c7a8e33fb389eec/master/w_1600,c_limit/1990_12_10.jpg",https://www.newyorker.com/magazine/1990/12/10,covers/1990/1990-12-10.jpg,560907,ok
1990-12-17,1990,"The New Yorker December 17, 1990",,"https://media.newyorker.com/photos/59095079c14b3c606c103418/master/w_1600,c_limit/1990_12_17.jpg",https://www.newyorker.com/magazine/1990/12/17,covers/1990/1990-12-17.jpg,328062,ok
1990-12-24,1990,"The New Yorker December 24, 1990",,"https://media.newyorker.com/photos/5909507bc14b3c606c10341e/master/w_1600,c_limit/1990_12_24.jpg",https://www.newyorker.com/magazine/1990/12/24,covers/1990/1990-12-24.jpg,520542,ok
1990-12-31,1990,"The New Yorker December 31, 1990",,"https://media.newyorker.com/photos/5909507cc14b3c606c103422/master/w_1600,c_limit/1990_12_31.jpg",https://www.newyorker.com/magazine/1990/12/31,covers/1990/1990-12-31.jpg,467498,ok
1991-01-07,1991,"The New Yorker January 7, 1991",,"https://media.newyorker.com/photos/5909507dc14b3c606c103427/master/w_1600,c_limit/1991_01_07.jpg",https://www.newyorker.com/magazine/1991/01/07,covers/1991/1991-01-07.jpg,444023,ok
1991-01-14,1991,"The New Yorker January 14, 1991",,"https://media.newyorker.com/photos/5909507e6552fa0be682b8c6/master/w_1600,c_limit/1991_01_14.jpg",https://www.newyorker.com/magazine/1991/01/14,covers/1991/1991-01-14.jpg,820826,ok
1991-01-21,1991,"The New Yorker January 21, 1991",,"https://media.newyorker.com/photos/5909507ec14b3c606c10342d/master/w_1600,c_limit/1991_01_21.jpg",https://www.newyorker.com/magazine/1991/01/21,covers/1991/1991-01-21.jpg,560447,ok
1991-01-28,1991,"The New Yorker January 28, 1991",,"https://media.newyorker.com/photos/5909507febe912338a372408/master/w_1600,c_limit/1991_01_28.jpg",https://www.newyorker.com/magazine/1991/01/28,covers/1991/1991-01-28.jpg,216349,ok
1991-02-04,1991,"The New Yorker February 4, 1991",,"https://media.newyorker.com/photos/590950802179605b11ad2bd8/master/w_1600,c_limit/1991_02_04.jpg",https://www.newyorker.com/magazine/1991/02/04,covers/1991/1991-02-04.jpg,548294,ok
1991-02-11,1991,"The New Yorker February 11, 1991",,"https://media.newyorker.com/photos/59095081ebe912338a37240e/master/w_1600,c_limit/1991_02_11.jpg",https://www.newyorker.com/magazine/1991/02/11,covers/1991/1991-02-11.jpg,371281,ok
1991-02-18,1991,"The New Yorker February 18, 1991",,"https://media.newyorker.com/photos/59095081c14b3c606c103438/master/w_1600,c_limit/1991_02_18.jpg",https://www.newyorker.com/magazine/1991/02/18,covers/1991/1991-02-18.jpg,450815,ok
1991-02-25,1991,"The New Yorker February 25, 1991",,"https://media.newyorker.com/photos/590950821c7a8e33fb389f1c/master/w_1600,c_limit/1991_02_25.jpg",https://www.newyorker.com/magazine/1991/02/25,covers/1991/1991-02-25.jpg,347010,ok
1991-03-04,1991,"The New Yorker March 4, 1991",,"https://media.newyorker.com/photos/59095083ebe912338a372418/master/w_1600,c_limit/1991_03_04.jpg",https://www.newyorker.com/magazine/1991/03/04,covers/1991/1991-03-04.jpg,389155,ok
1991-03-11,1991,"The New Yorker March 11, 1991",,"https://media.newyorker.com/photos/590950842179605b11ad2beb/master/w_1600,c_limit/1991_03_11.jpg",https://www.newyorker.com/magazine/1991/03/11,covers/1991/1991-03-11.jpg,210230,ok
1991-03-18,1991,"The New Yorker March 18, 1991",,"https://media.newyorker.com/photos/59095085ebe912338a37241f/master/w_1600,c_limit/1991_03_18.jpg",https://www.newyorker.com/magazine/1991/03/18,covers/1991/1991-03-18.jpg,490008,ok
1991-03-25,1991,"The New Yorker March 25, 1991",,"https://media.newyorker.com/photos/590950856552fa0be682b8e2/master/w_1600,c_limit/1991_03_25.jpg",https://www.newyorker.com/magazine/1991/03/25,covers/1991/1991-03-25.jpg,153052,ok
1991-04-01,1991,"The New Yorker April 1, 1991",,"https://media.newyorker.com/photos/590950866552fa0be682b8e8/master/w_1600,c_limit/1991_04_01.jpg",https://www.newyorker.com/magazine/1991/04/01,covers/1991/1991-04-01.jpg,436041,ok
1991-04-08,1991,"The New Yorker April 8, 1991",,"https://media.newyorker.com/photos/590950872179605b11ad2bf8/master/w_1600,c_limit/1991_04_08.jpg",https://www.newyorker.com/magazine/1991/04/08,covers/1991/1991-04-08.jpg,367911,ok
1991-04-15,1991,"The New Yorker April 15, 1991",,"https://media.newyorker.com/photos/590950871c7a8e33fb389f31/master/w_1600,c_limit/1991_04_15.jpg",https://www.newyorker.com/magazine/1991/04/15,covers/1991/1991-04-15.jpg,293572,ok
1991-04-22,1991,"The New Yorker April 22, 1991",,"https://media.newyorker.com/photos/59095088c14b3c606c10345e/master/w_1600,c_limit/1991_04_22.jpg",https://www.newyorker.com/magazine/1991/04/22,covers/1991/1991-04-22.jpg,647772,ok
1991-04-29,1991,"The New Yorker April 29, 1991",,"https://media.newyorker.com/photos/59095089ebe912338a372431/master/w_1600,c_limit/1991_04_29.jpg",https://www.newyorker.com/magazine/1991/04/29,covers/1991/1991-04-29.jpg,325648,ok
1991-05-06,1991,"The New Yorker May 6, 1991",,"https://media.newyorker.com/photos/5909508aebe912338a372435/master/w_1600,c_limit/1991_05_06.jpg",https://www.newyorker.com/magazine/1991/05/06,covers/1991/1991-05-06.jpg,354973,ok
1991-05-13,1991,"The New Yorker May 13, 1991",,"https://media.newyorker.com/photos/5909508b2179605b11ad2c02/master/w_1600,c_limit/1991_05_13.jpg",https://www.newyorker.com/magazine/1991/05/13,covers/1991/1991-05-13.jpg,713482,ok
1991-05-20,1991,"The New Yorker May 20, 1991",,"https://media.newyorker.com/photos/59095078ebe912338a3723f0/master/w_1600,c_limit/1991_05_20.jpg",https://www.newyorker.com/magazine/1991/05/20,covers/1991/1991-05-20.jpg,520802,ok
1991-05-27,1991,"The New Yorker May 27, 1991",,"https://media.newyorker.com/photos/590950791c7a8e33fb389eee/master/w_1600,c_limit/1991_05_27.jpg",https://www.newyorker.com/magazine/1991/05/27,covers/1991/1991-05-27.jpg,794630,ok
1991-06-03,1991,"The New Yorker June 3, 1991",,"https://media.newyorker.com/photos/5909507aebe912338a3723f4/master/w_1600,c_limit/1991_06_03.jpg",https://www.newyorker.com/magazine/1991/06/03,covers/1991/1991-06-03.jpg,407448,ok
1991-06-10,1991,"The New Yorker June 10, 1991",,"https://media.newyorker.com/photos/5909507b1c7a8e33fb389ef8/master/w_1600,c_limit/1991_06_10.jpg",https://www.newyorker.com/magazine/1991/06/10,covers/1991/1991-06-10.jpg,306227,ok
1991-06-17,1991,"The New Yorker June 17, 1991",,"https://media.newyorker.com/photos/5909507b1c7a8e33fb389efc/master/w_1600,c_limit/1991_06_17.jpg",https://www.newyorker.com/magazine/1991/06/17,covers/1991/1991-06-17.jpg,526478,ok
1991-06-24,1991,"The New Yorker June 24, 1991",,"https://media.newyorker.com/photos/5909507c6552fa0be682b8c1/master/w_1600,c_limit/1991_06_24.jpg",https://www.newyorker.com/magazine/1991/06/24,covers/1991/1991-06-24.jpg,596099,ok
1991-07-01,1991,"The New Yorker July 1, 1991",,"https://media.newyorker.com/photos/5909507d019dfc3494e9d5cd/master/w_1600,c_limit/1991_07_01.jpg",https://www.newyorker.com/magazine/1991/07/01,covers/1991/1991-07-01.jpg,343107,ok
1991-07-08,1991,"The New Yorker July 8, 1991",,"https://media.newyorker.com/photos/5909507e019dfc3494e9d5d3/master/w_1600,c_limit/1991_07_08.jpg",https://www.newyorker.com/magazine/1991/07/08,covers/1991/1991-07-08.jpg,375157,ok
1991-07-15,1991,"The New Yorker July 15, 1991",,"https://media.newyorker.com/photos/5909507febe912338a372406/master/w_1600,c_limit/1991_07_15.jpg",https://www.newyorker.com/magazine/1991/07/15,covers/1991/1991-07-15.jpg,628137,ok
1991-07-22,1991,"The New Yorker July 22, 1991",,"https://media.newyorker.com/photos/590950806552fa0be682b8cf/master/w_1600,c_limit/1991_07_22.jpg",https://www.newyorker.com/magazine/1991/07/22,covers/1991/1991-07-22.jpg,543083,ok
1991-07-29,1991,"The New Yorker July 29, 1991",,"https://media.newyorker.com/photos/590950811c7a8e33fb389f15/master/w_1600,c_limit/1991_07_29.jpg",https://www.newyorker.com/magazine/1991/07/29,covers/1991/1991-07-29.jpg,633335,ok
1991-08-05,1991,"The New Yorker August 5, 1991",,"https://media.newyorker.com/photos/59095082019dfc3494e9d5dd/master/w_1600,c_limit/1991_08_05.jpg",https://www.newyorker.com/magazine/1991/08/05,covers/1991/1991-08-05.jpg,871498,ok
1991-08-12,1991,"The New Yorker August 12, 1991",,"https://media.newyorker.com/photos/590950826552fa0be682b8d7/master/w_1600,c_limit/1991_08_12.jpg",https://www.newyorker.com/magazine/1991/08/12,covers/1991/1991-08-12.jpg,364997,ok
1991-08-19,1991,"The New Yorker August 19, 1991",,"https://media.newyorker.com/photos/590950832179605b11ad2be6/master/w_1600,c_limit/1991_08_19.jpg",https://www.newyorker.com/magazine/1991/08/19,covers/1991/1991-08-19.jpg,580350,ok
1991-08-26,1991,"The New Yorker August 26, 1991",,"https://media.newyorker.com/photos/59095084c14b3c606c103444/master/w_1600,c_limit/1991_08_26.jpg",https://www.newyorker.com/magazine/1991/08/26,covers/1991/1991-08-26.jpg,483242,ok
1991-09-02,1991,"The New Yorker September 2, 1991",,"https://media.newyorker.com/photos/59095085019dfc3494e9d5eb/master/w_1600,c_limit/1991_09_02.jpg",https://www.newyorker.com/magazine/1991/09/02,covers/1991/1991-09-02.jpg,351603,ok
1991-09-09,1991,"The New Yorker September 9, 1991",,"https://media.newyorker.com/photos/59095085019dfc3494e9d5ef/master/w_1600,c_limit/1991_09_09.jpg",https://www.newyorker.com/magazine/1991/09/09,covers/1991/1991-09-09.jpg,442701,ok
1991-09-16,1991,"The New Yorker September 16, 1991",,"https://media.newyorker.com/photos/590950866552fa0be682b8e5/master/w_1600,c_limit/1991_09_16.jpg",https://www.newyorker.com/magazine/1991/09/16,covers/1991/1991-09-16.jpg,517488,ok
1991-09-23,1991,"The New Yorker September 23, 1991",,"https://media.newyorker.com/photos/59095087c14b3c606c103456/master/w_1600,c_limit/1991_09_23.jpg",https://www.newyorker.com/magazine/1991/09/23,covers/1991/1991-09-23.jpg,509162,ok
1991-09-30,1991,"The New Yorker September 30, 1991",,"https://media.newyorker.com/photos/59095087ebe912338a372426/master/w_1600,c_limit/1991_09_30.jpg",https://www.newyorker.com/magazine/1991/09/30,covers/1991/1991-09-30.jpg,526853,ok
1991-10-07,1991,"The New Yorker October 7, 1991",,"https://media.newyorker.com/photos/59095088c14b3c606c10345c/master/w_1600,c_limit/1991_10_07.jpg",https://www.newyorker.com/magazine/1991/10/07,covers/1991/1991-10-07.jpg,365201,ok
1991-10-14,1991,"The New Yorker October 14, 1991",,"https://media.newyorker.com/photos/59095089ebe912338a37242e/master/w_1600,c_limit/1991_10_14.jpg",https://www.newyorker.com/magazine/1991/10/14,covers/1991/1991-10-14.jpg,419070,ok
1991-10-21,1991,"The New Yorker October 21, 1991",,"https://media.newyorker.com/photos/5909508a6552fa0be682b8f2/master/w_1600,c_limit/1991_10_21.jpg",https://www.newyorker.com/magazine/1991/10/21,covers/1991/1991-10-21.jpg,837934,ok
1991-10-28,1991,"The New Yorker October 28, 1991",,"https://media.newyorker.com/photos/5909508aebe912338a372438/master/w_1600,c_limit/1991_10_28.jpg",https://www.newyorker.com/magazine/1991/10/28,covers/1991/1991-10-28.jpg,300940,ok
1991-11-04,1991,"The New Yorker November 4, 1991",,"https://media.newyorker.com/photos/5909508b6552fa0be682b8fb/master/w_1600,c_limit/1991_11_04.jpg",https://www.newyorker.com/magazine/1991/11/04,covers/1991/1991-11-04.jpg,332583,ok
1991-11-11,1991,"The New Yorker November 11, 1991",,"https://media.newyorker.com/photos/59095079019dfc3494e9d5bf/master/w_1600,c_limit/1991_11_11.jpg",https://www.newyorker.com/magazine/1991/11/11,covers/1991/1991-11-11.jpg,653616,ok
1991-11-18,1991,"The New Yorker November 18, 1991",,"https://media.newyorker.com/photos/5909507a1c7a8e33fb389ef2/master/w_1600,c_limit/1991_11_18.jpg",https://www.newyorker.com/magazine/1991/11/18,covers/1991/1991-11-18.jpg,601223,ok
1991-11-25,1991,"The New Yorker November 25, 1991",,"https://media.newyorker.com/photos/5909507ac14b3c606c10341d/master/w_1600,c_limit/1991_11_25.jpg",https://www.newyorker.com/magazine/1991/11/25,covers/1991/1991-11-25.jpg,433209,ok
1991-12-02,1991,"The New Yorker December 2, 1991",,"https://media.newyorker.com/photos/5909507b2179605b11ad2bc3/master/w_1600,c_limit/1991_12_02.jpg",https://www.newyorker.com/magazine/1991/12/02,covers/1991/1991-12-02.jpg,551768,ok
1991-12-09,1991,"The New Yorker December 9, 1991",,"https://media.newyorker.com/photos/5909507cebe912338a3723fc/master/w_1600,c_limit/1991_12_09.jpg",https://www.newyorker.com/magazine/1991/12/09,covers/1991/1991-12-09.jpg,448356,ok
1991-12-16,1991,"The New Yorker December 16, 1991",,"https://media.newyorker.com/photos/5909507d2179605b11ad2bca/master/w_1600,c_limit/1991_12_16.jpg",https://www.newyorker.com/magazine/1991/12/16,covers/1991/1991-12-16.jpg,517302,ok
1991-12-23,1991,"The New Yorker December 23, 1991",,"https://media.newyorker.com/photos/5909507e1c7a8e33fb389f06/master/w_1600,c_limit/1991_12_23.jpg",https://www.newyorker.com/magazine/1991/12/23,covers/1991/1991-12-23.jpg,417020,ok
1991-12-30,1991,"The New Yorker December 30, 1991",,"https://media.newyorker.com/photos/5909507e2179605b11ad2bcd/master/w_1600,c_limit/1991_12_30.jpg",https://www.newyorker.com/magazine/1991/12/30,covers/1991/1991-12-30.jpg,259950,ok
1992-01-06,1992,"The New Yorker January 6, 1992",,"https://media.newyorker.com/photos/5909507f6552fa0be682b8cd/master/w_1600,c_limit/1992_01_06.jpg",https://www.newyorker.com/magazine/1992/01/06,covers/1992/1992-01-06.jpg,620478,ok
1992-01-13,1992,"The New Yorker January 13, 1992",,"https://media.newyorker.com/photos/590950802179605b11ad2bd6/master/w_1600,c_limit/1992_01_13.jpg",https://www.newyorker.com/magazine/1992/01/13,covers/1992/1992-01-13.jpg,270036,ok
1992-01-20,1992,"The New Yorker January 20, 1992",,"https://media.newyorker.com/photos/59095081019dfc3494e9d5da/master/w_1600,c_limit/1992_01_20.jpg",https://www.newyorker.com/magazine/1992/01/20,covers/1992/1992-01-20.jpg,391161,ok
1992-01-27,1992,"The New Yorker January 27, 1992",,"https://media.newyorker.com/photos/590950812179605b11ad2bdc/master/w_1600,c_limit/1992_01_27.jpg",https://www.newyorker.com/magazine/1992/01/27,covers/1992/1992-01-27.jpg,307635,ok
1992-02-03,1992,"The New Yorker February 3, 1992",,"https://media.newyorker.com/photos/59095082019dfc3494e9d5e1/master/w_1600,c_limit/1992_02_03.jpg",https://www.newyorker.com/magazine/1992/02/03,covers/1992/1992-02-03.jpg,664234,ok
1992-02-10,1992,"The New Yorker February 10, 1992",,"https://media.newyorker.com/photos/590950832179605b11ad2be2/master/w_1600,c_limit/1992_02_10.jpg",https://www.newyorker.com/magazine/1992/02/10,covers/1992/1992-02-10.jpg,468852,ok
1992-02-17,1992,"The New Yorker February 17, 1992",,"https://media.newyorker.com/photos/59095083019dfc3494e9d5e7/master/w_1600,c_limit/1992_02_17.jpg",https://www.newyorker.com/magazine/1992/02/17,covers/1992/1992-02-17.jpg,645016,ok
1992-02-24,1992,"The New Yorker February 24, 1992",,"https://media.newyorker.com/photos/590950841c7a8e33fb389f22/master/w_1600,c_limit/1992_02_24.jpg",https://www.newyorker.com/magazine/1992/02/24,covers/1992/1992-02-24.jpg,338786,ok
1992-03-02,1992,"The New Yorker March 2, 1992",,"https://media.newyorker.com/photos/59095085019dfc3494e9d5ed/master/w_1600,c_limit/1992_03_02.jpg",https://www.newyorker.com/magazine/1992/03/02,covers/1992/1992-03-02.jpg,324836,ok
1992-03-09,1992,"The New Yorker March 9, 1992",,"https://media.newyorker.com/photos/590950862179605b11ad2bf0/master/w_1600,c_limit/1992_03_09.jpg",https://www.newyorker.com/magazine/1992/03/09,covers/1992/1992-03-09.jpg,376334,ok
1992-03-16,1992,"The New Yorker March 16, 1992",,"https://media.newyorker.com/photos/59095086c14b3c606c103454/master/w_1600,c_limit/1992_03_16.jpg",https://www.newyorker.com/magazine/1992/03/16,covers/1992/1992-03-16.jpg,193566,ok
1992-03-23,1992,"The New Yorker March 23, 1992",,"https://media.newyorker.com/photos/59095087019dfc3494e9d5f6/master/w_1600,c_limit/1992_03_23.jpg",https://www.newyorker.com/magazine/1992/03/23,covers/1992/1992-03-23.jpg,735732,ok
1992-03-30,1992,"The New Yorker March 30, 1992",,"https://media.newyorker.com/photos/59095088c14b3c606c10345b/master/w_1600,c_limit/1992_03_30.jpg",https://www.newyorker.com/magazine/1992/03/30,covers/1992/1992-03-30.jpg,787591,ok
1992-04-06,1992,"The New Yorker April 6, 1992",,"https://media.newyorker.com/photos/590950886552fa0be682b8ed/master/w_1600,c_limit/1992_04_06.jpg",https://www.newyorker.com/magazine/1992/04/06,covers/1992/1992-04-06.jpg,372886,ok
1992-04-13,1992,"The New Yorker April 13, 1992",,"https://media.newyorker.com/photos/59095089019dfc3494e9d601/master/w_1600,c_limit/1992_04_13.jpg",https://www.newyorker.com/magazine/1992/04/13,covers/1992/1992-04-13.jpg,504818,ok
1992-04-20,1992,"The New Yorker April 20, 1992",,"https://media.newyorker.com/photos/5909508a1c7a8e33fb389f3b/master/w_1600,c_limit/1992_04_20.jpg",https://www.newyorker.com/magazine/1992/04/20,covers/1992/1992-04-20.jpg,479825,ok
1992-04-27,1992,"The New Yorker April 27, 1992",,"https://media.newyorker.com/photos/5909508bebe912338a37243a/master/w_1600,c_limit/1992_04_27.jpg",https://www.newyorker.com/magazine/1992/04/27,covers/1992/1992-04-27.jpg,397876,ok
1992-05-04,1992,"The New Yorker May 4, 1992",,"https://media.newyorker.com/photos/590950796552fa0be682b8b7/master/w_1600,c_limit/1992_05_04.jpg",https://www.newyorker.com/magazine/1992/05/04,covers/1992/1992-05-04.jpg,644364,ok
1992-05-11,1992,"The New Yorker May 11, 1992",,"https://media.newyorker.com/photos/5909507a1c7a8e33fb389ef1/master/w_1600,c_limit/1992_05_11.jpg",https://www.newyorker.com/magazine/1992/05/11,covers/1992/1992-05-11.jpg,506849,ok
1992-05-18,1992,"The New Yorker May 18, 1992",,"https://media.newyorker.com/photos/5909507ac14b3c606c10341b/master/w_1600,c_limit/1992_05_18.jpg",https://www.newyorker.com/magazine/1992/05/18,covers/1992/1992-05-18.jpg,467829,ok
1992-05-25,1992,"The New Yorker May 25, 1992",,"https://media.newyorker.com/photos/5909507b2179605b11ad2bc4/master/w_1600,c_limit/1992_05_25.jpg",https://www.newyorker.com/magazine/1992/05/25,covers/1992/1992-05-25.jpg,384146,ok
1992-06-01,1992,"The New Yorker June 1, 1992",,"https://media.newyorker.com/photos/5909507c019dfc3494e9d5c9/master/w_1600,c_limit/1992_06_01.jpg",https://www.newyorker.com/magazine/1992/06/01,covers/1992/1992-06-01.jpg,615647,ok
1992-06-08,1992,"The New Yorker June 8, 1992",,"https://media.newyorker.com/photos/5909507d1c7a8e33fb389f04/master/w_1600,c_limit/1992_06_08.jpg",https://www.newyorker.com/magazine/1992/06/08,covers/1992/1992-06-08.jpg,214724,ok
1992-06-15,1992,"The New Yorker June 15, 1992",,"https://media.newyorker.com/photos/5909507e019dfc3494e9d5d5/master/w_1600,c_limit/1992_06_15.jpg",https://www.newyorker.com/magazine/1992/06/15,covers/1992/1992-06-15.jpg,803381,ok
1992-06-22,1992,"The New Yorker June 22, 1992",,"https://media.newyorker.com/photos/5909507fc14b3c606c103430/master/w_1600,c_limit/1992_06_22.jpg",https://www.newyorker.com/magazine/1992/06/22,covers/1992/1992-06-22.jpg,520404,ok
1992-06-29,1992,"The New Yorker June 29, 1992",,"https://media.newyorker.com/photos/590950801c7a8e33fb389f0f/master/w_1600,c_limit/1992_06_29.jpg",https://www.newyorker.com/magazine/1992/06/29,covers/1992/1992-06-29.jpg,481025,ok
1992-07-06,1992,"The New Yorker July 6, 1992",,"https://media.newyorker.com/photos/590950801c7a8e33fb389f12/master/w_1600,c_limit/1992_07_06.jpg",https://www.newyorker.com/magazine/1992/07/06,covers/1992/1992-07-06.jpg,213960,ok
1992-07-13,1992,"The New Yorker July 13, 1992",,"https://media.newyorker.com/photos/590950816552fa0be682b8d3/master/w_1600,c_limit/1992_07_13.jpg",https://www.newyorker.com/magazine/1992/07/13,covers/1992/1992-07-13.jpg,413746,ok
1992-07-20,1992,"The New Yorker July 20, 1992",,"https://media.newyorker.com/photos/59095082ebe912338a372412/master/w_1600,c_limit/1992_07_20.jpg",https://www.newyorker.com/magazine/1992/07/20,covers/1992/1992-07-20.jpg,391626,ok
1992-07-27,1992,"The New Yorker July 27, 1992",,"https://media.newyorker.com/photos/59095082ebe912338a372414/master/w_1600,c_limit/1992_07_27.jpg",https://www.newyorker.com/magazine/1992/07/27,covers/1992/1992-07-27.jpg,429734,ok
1992-08-03,1992,"The New Yorker August 3, 1992",,"https://media.newyorker.com/photos/59095083019dfc3494e9d5e5/master/w_1600,c_limit/1992_08_03.jpg",https://www.newyorker.com/magazine/1992/08/03,covers/1992/1992-08-03.jpg,552040,ok
1992-08-10,1992,"The New Yorker August 10, 1992",,"https://media.newyorker.com/photos/590950842179605b11ad2bec/master/w_1600,c_limit/1992_08_10.jpg",https://www.newyorker.com/magazine/1992/08/10,covers/1992/1992-08-10.jpg,458214,ok
1992-08-17,1992,"The New Yorker August 17, 1992",,"https://media.newyorker.com/photos/590950856552fa0be682b8dd/master/w_1600,c_limit/1992_08_17.jpg",https://www.newyorker.com/magazine/1992/08/17,covers/1992/1992-08-17.jpg,526321,ok
1992-08-24,1992,"The New Yorker August 24, 1992",,"https://media.newyorker.com/photos/590950856552fa0be682b8e1/master/w_1600,c_limit/1992_08_24.jpg",https://www.newyorker.com/magazine/1992/08/24,covers/1992/1992-08-24.jpg,385760,ok
1992-08-31,1992,"The New Yorker August 31, 1992",,"https://media.newyorker.com/photos/590950866552fa0be682b8e9/master/w_1600,c_limit/1992_08_31.jpg",https://www.newyorker.com/magazine/1992/08/31,covers/1992/1992-08-31.jpg,466694,ok
1992-09-07,1992,"The New Yorker September 7, 1992",,"https://media.newyorker.com/photos/590950871c7a8e33fb389f2b/master/w_1600,c_limit/1992_09_07.jpg",https://www.newyorker.com/magazine/1992/09/07,covers/1992/1992-09-07.jpg,331860,ok
1992-09-14,1992,"The New Yorker September 14, 1992",,"https://media.newyorker.com/photos/590950871c7a8e33fb389f32/master/w_1600,c_limit/1992_09_14.jpg",https://www.newyorker.com/magazine/1992/09/14,covers/1992/1992-09-14.jpg,403632,ok
1992-09-21,1992,"The New Yorker September 21, 1992",,"https://media.newyorker.com/photos/590950882179605b11ad2bfa/master/w_1600,c_limit/1992_09_21.jpg",https://www.newyorker.com/magazine/1992/09/21,covers/1992/1992-09-21.jpg,395102,ok
1992-09-28,1992,"The New Yorker September 28, 1992",,"https://media.newyorker.com/photos/590950892179605b11ad2bfc/master/w_1600,c_limit/1992_09_28.jpg",https://www.newyorker.com/magazine/1992/09/28,covers/1992/1992-09-28.jpg,601427,ok
1992-10-05,1992,"The New Yorker October 5, 1992",,"https://media.newyorker.com/photos/5909508a019dfc3494e9d603/master/w_1600,c_limit/1992_10_05.jpg",https://www.newyorker.com/magazine/1992/10/05,covers/1992/1992-10-05.jpg,973684,ok
1992-10-12,1992,"The New Yorker October 12, 1992",,"https://media.newyorker.com/photos/5909508b1c7a8e33fb389f3f/master/w_1600,c_limit/1992_10_12.jpg",https://www.newyorker.com/magazine/1992/10/12,covers/1992/1992-10-12.jpg,646193,ok
1992-10-19,1992,"The New Yorker October 19, 1992",,"https://media.newyorker.com/photos/5909508bebe912338a37243c/master/w_1600,c_limit/1992_10_19.jpg",https://www.newyorker.com/magazine/1992/10/19,covers/1992/1992-10-19.jpg,535375,ok
1992-10-26,1992,"The New Yorker October 26, 1992",,"https://media.newyorker.com/photos/590950792179605b11ad2bba/master/w_1600,c_limit/1992_10_26.jpg",https://www.newyorker.com/magazine/1992/10/26,covers/1992/1992-10-26.jpg,436295,ok
1992-11-02,1992,"The New Yorker November 2, 1992",,"https://media.newyorker.com/photos/5909507a1c7a8e33fb389ef4/master/w_1600,c_limit/1992_11_02.jpg",https://www.newyorker.com/magazine/1992/11/02,covers/1992/1992-11-02.jpg,493572,ok
1992-11-16,1992,"The New Yorker November 16, 1992",,"https://media.newyorker.com/photos/5909507bebe912338a3723f9/master/w_1600,c_limit/1992_11_16.jpg",https://www.newyorker.com/magazine/1992/11/16,covers/1992/1992-11-16.jpg,673618,ok
1992-11-23,1992,"The New Yorker November 23, 1992",,"https://media.newyorker.com/photos/5909507cc14b3c606c103424/master/w_1600,c_limit/1992_11_23.jpg",https://www.newyorker.com/magazine/1992/11/23,covers/1992/1992-11-23.jpg,515311,ok
1992-11-30,1992,"The New Yorker November 30, 1992",,"https://media.newyorker.com/photos/5909507d1c7a8e33fb389f02/master/w_1600,c_limit/1992_11_30.jpg",https://www.newyorker.com/magazine/1992/11/30,covers/1992/1992-11-30.jpg,605638,ok
1992-12-07,1992,"The New Yorker December 7, 1992",,"https://media.newyorker.com/photos/5909507e6552fa0be682b8c8/master/w_1600,c_limit/1992_12_07.jpg",https://www.newyorker.com/magazine/1992/12/07,covers/1992/1992-12-07.jpg,677153,ok
1992-12-14,1992,"The New Yorker December 14, 1992",,"https://media.newyorker.com/photos/5909507e1c7a8e33fb389f0b/master/w_1600,c_limit/1992_12_14.jpg",https://www.newyorker.com/magazine/1992/12/14,covers/1992/1992-12-14.jpg,755150,ok
1992-12-21,1992,"The New Yorker December 21, 1992",,"https://media.newyorker.com/photos/5909507f019dfc3494e9d5d7/master/w_1600,c_limit/1992_12_21.jpg",https://www.newyorker.com/magazine/1992/12/21,covers/1992/1992-12-21.jpg,1164545,ok
1992-12-28,1992,"The New Yorker December 28, 1992 & January 4, 1993",,"https://media.newyorker.com/photos/59095080c14b3c606c103433/master/w_1600,c_limit/1992_12_28.jpg",https://www.newyorker.com/magazine/1992/12/28,covers/1992/1992-12-28.jpg,343788,ok
1993-01-11,1993,"The New Yorker January 11, 1993",,"https://media.newyorker.com/photos/59095081019dfc3494e9d5db/master/w_1600,c_limit/1993_01_11.jpg",https://www.newyorker.com/magazine/1993/01/11,covers/1993/1993-01-11.jpg,634690,ok
1993-01-18,1993,"The New Yorker January 18, 1993",,"https://media.newyorker.com/photos/590950811c7a8e33fb389f18/master/w_1600,c_limit/1993_01_18.jpg",https://www.newyorker.com/magazine/1993/01/18,covers/1993/1993-01-18.jpg,445768,ok
1993-01-25,1993,"The New Yorker January 25, 1993",,"https://media.newyorker.com/photos/59095082c14b3c606c10343c/master/w_1600,c_limit/1993_01_25.jpg",https://www.newyorker.com/magazine/1993/01/25,covers/1993/1993-01-25.jpg,908103,ok
1993-02-01,1993,"The New Yorker February 1, 1993",,"https://media.newyorker.com/photos/590950832179605b11ad2be5/master/w_1600,c_limit/1993_02_01.jpg",https://www.newyorker.com/magazine/1993/02/01,covers/1993/1993-02-01.jpg,644819,ok
1993-02-08,1993,"The New Yorker February 8, 1993",,"https://media.newyorker.com/photos/59095084019dfc3494e9d5e9/master/w_1600,c_limit/1993_02_08.jpg",https://www.newyorker.com/magazine/1993/02/08,covers/1993/1993-02-08.jpg,519227,ok
1993-02-15,1993,"The New Yorker February 15, 1993",,"https://media.newyorker.com/photos/59095085c14b3c606c10344b/master/w_1600,c_limit/1993_02_15.jpg",https://www.newyorker.com/magazine/1993/02/15,covers/1993/1993-02-15.jpg,581692,ok
1993-02-22,1993,"The New Yorker February 22, 1993",,"https://media.newyorker.com/photos/59095086c14b3c606c10344f/master/w_1600,c_limit/1993_02_22.jpg",https://www.newyorker.com/magazine/1993/02/22,covers/1993/1993-02-22.jpg,320216,ok
1993-03-01,1993,"The New Yorker March 1, 1993",,"https://media.newyorker.com/photos/59095086c14b3c606c103453/master/w_1600,c_limit/1993_03_01.jpg",https://www.newyorker.com/magazine/1993/03/01,covers/1993/1993-03-01.jpg,555016,ok
1993-03-08,1993,"The New Yorker March 8, 1993",,"https://media.newyorker.com/photos/59095087019dfc3494e9d5f7/master/w_1600,c_limit/1993_03_08.jpg",https://www.newyorker.com/magazine/1993/03/08,covers/1993/1993-03-08.jpg,657317,ok
1993-03-15,1993,"The New Yorker March 15, 1993",,"https://media.newyorker.com/photos/59095088019dfc3494e9d5fc/master/w_1600,c_limit/1993_03_15.jpg",https://www.newyorker.com/magazine/1993/03/15,covers/1993/1993-03-15.jpg,768764,ok
1993-03-22,1993,"The New Yorker March 22, 1993",,"https://media.newyorker.com/photos/59095089ebe912338a37242d/master/w_1600,c_limit/1993_03_22.jpg",https://www.newyorker.com/magazine/1993/03/22,covers/1993/1993-03-22.jpg,502880,ok
1993-03-29,1993,"The New Yorker March 29, 1993",,"https://media.newyorker.com/photos/590950896552fa0be682b8f0/master/w_1600,c_limit/1993_03_29.jpg",https://www.newyorker.com/magazine/1993/03/29,covers/1993/1993-03-29.jpg,836370,ok
1993-04-05,1993,"The New Yorker April 5, 1993",,"https://media.newyorker.com/photos/5909508ac14b3c606c103466/master/w_1600,c_limit/1993_04_05.jpg",https://www.newyorker.com/magazine/1993/04/05,covers/1993/1993-04-05.jpg,824285,ok
1993-04-12,1993,"The New Yorker April 12, 1993",,"https://media.newyorker.com/photos/5909508b1c7a8e33fb389f40/master/w_1600,c_limit/1993_04_12.jpg",https://www.newyorker.com/magazine/1993/04/12,covers/1993/1993-04-12.jpg,302320,ok
1993-04-19,1993,"The New Yorker April 19, 1993",,"https://media.newyorker.com/photos/5909508b2179605b11ad2c04/master/w_1600,c_limit/1993_04_19.jpg",https://www.newyorker.com/magazine/1993/04/19,covers/1993/1993-04-19.jpg,490469,ok
1993-04-26,1993,"The New Yorker April 26, 1993",,"https://media.newyorker.com/photos/5909507a6552fa0be682b8b9/master/w_1600,c_limit/1993_04_26.jpg",https://www.newyorker.com/magazine/1993/04/26,covers/1993/1993-04-26.jpg,428105,ok
1993-05-03,1993,"The New Yorker May 3, 1993",,"https://media.newyorker.com/photos/5909507a1c7a8e33fb389ef6/master/w_1600,c_limit/1993_05_03.jpg",https://www.newyorker.com/magazine/1993/05/03,covers/1993/1993-05-03.jpg,644371,ok
1993-05-10,1993,"The New Yorker May 10, 1993",,"https://media.newyorker.com/photos/5909507b6552fa0be682b8bf/master/w_1600,c_limit/1993_05_10.jpg",https://www.newyorker.com/magazine/1993/05/10,covers/1993/1993-05-10.jpg,468270,ok
1993-05-17,1993,"The New Yorker May 17, 1993",,"https://media.newyorker.com/photos/5909507c2179605b11ad2bc8/master/w_1600,c_limit/1993_05_17.jpg",https://www.newyorker.com/magazine/1993/05/17,covers/1993/1993-05-17.jpg,360939,ok
1993-05-24,1993,"The New Yorker May 24, 1993",,"https://media.newyorker.com/photos/5909507d1c7a8e33fb389f01/master/w_1600,c_limit/1993_05_24.jpg",https://www.newyorker.com/magazine/1993/05/24,covers/1993/1993-05-24.jpg,490612,ok
1993-05-31,1993,"The New Yorker May 31, 1993",,"https://media.newyorker.com/photos/5909507d019dfc3494e9d5cf/master/w_1600,c_limit/1993_05_31.jpg",https://www.newyorker.com/magazine/1993/05/31,covers/1993/1993-05-31.jpg,722292,ok
1993-06-07,1993,"The New Yorker June 7, 1993",,"https://media.newyorker.com/photos/5909507e019dfc3494e9d5d4/master/w_1600,c_limit/1993_06_07.jpg",https://www.newyorker.com/magazine/1993/06/07,covers/1993/1993-06-07.jpg,515286,ok
1993-06-14,1993,"The New Yorker June 14, 1993",,"https://media.newyorker.com/photos/5909507f6552fa0be682b8cc/master/w_1600,c_limit/1993_06_14.jpg",https://www.newyorker.com/magazine/1993/06/14,covers/1993/1993-06-14.jpg,962486,ok
1993-06-21,1993,"The New Yorker June 21, 1993",,"https://media.newyorker.com/photos/59095080c14b3c606c103434/master/w_1600,c_limit/1993_06_21.jpg",https://www.newyorker.com/magazine/1993/06/21,covers/1993/1993-06-21.jpg,555996,ok
1993-06-28,1993,"The New Yorker June 28, 1993",,"https://media.newyorker.com/photos/59095081ebe912338a372410/master/w_1600,c_limit/1993_06_28.jpg",https://www.newyorker.com/magazine/1993/06/28,covers/1993/1993-06-28.jpg,362767,ok
1993-07-05,1993,"The New Yorker July 5, 1993",,"https://media.newyorker.com/photos/590950812179605b11ad2bde/master/w_1600,c_limit/1993_07_05.jpg",https://www.newyorker.com/magazine/1993/07/05,covers/1993/1993-07-05.jpg,632486,ok
1993-07-12,1993,"The New Yorker July 12, 1993",,"https://media.newyorker.com/photos/59095082019dfc3494e9d5e3/master/w_1600,c_limit/1993_07_12.jpg",https://www.newyorker.com/magazine/1993/07/12,covers/1993/1993-07-12.jpg,767517,ok
1993-07-19,1993,"The New Yorker July 19, 1993",,"https://media.newyorker.com/photos/59095083ebe912338a372417/master/w_1600,c_limit/1993_07_19.jpg",https://www.newyorker.com/magazine/1993/07/19,covers/1993/1993-07-19.jpg,457519,ok
1993-07-26,1993,"The New Yorker July 26, 1993",,"https://media.newyorker.com/photos/59095084c14b3c606c103443/master/w_1600,c_limit/1993_07_26.jpg",https://www.newyorker.com/magazine/1993/07/26,covers/1993/1993-07-26.jpg,495887,ok
1993-08-02,1993,"The New Yorker August 2, 1993",,"https://media.newyorker.com/photos/59095084c14b3c606c103448/master/w_1600,c_limit/1993_08_02.jpg",https://www.newyorker.com/magazine/1993/08/02,covers/1993/1993-08-02.jpg,433307,ok
1993-08-09,1993,"The New Yorker August 9, 1993",,"https://media.newyorker.com/photos/590950856552fa0be682b8e3/master/w_1600,c_limit/1993_08_09.jpg",https://www.newyorker.com/magazine/1993/08/09,covers/1993/1993-08-09.jpg,539465,ok
1993-08-16,1993,"The New Yorker August 16, 1993",,"https://media.newyorker.com/photos/590950861c7a8e33fb389f28/master/w_1600,c_limit/1993_08_16.jpg",https://www.newyorker.com/magazine/1993/08/16,covers/1993/1993-08-16.jpg,516435,ok
1993-08-23,1993,"The New Yorker August 23 & 30, 1993",,"https://media.newyorker.com/photos/59095087ebe912338a372424/master/w_1600,c_limit/1993_08_23.jpg",https://www.newyorker.com/magazine/1993/08/23,covers/1993/1993-08-23.jpg,619845,ok
1993-09-06,1993,"The New Yorker September 6, 1993",,"https://media.newyorker.com/photos/59095088ebe912338a37242a/master/w_1600,c_limit/1993_09_06.jpg",https://www.newyorker.com/magazine/1993/09/06,covers/1993/1993-09-06.jpg,891533,ok
1993-09-13,1993,"The New Yorker September 13, 1993",,"https://media.newyorker.com/photos/59095089c14b3c606c103460/master/w_1600,c_limit/1993_09_13.jpg",https://www.newyorker.com/magazine/1993/09/13,covers/1993/1993-09-13.jpg,470146,ok
1993-09-20,1993,"The New Yorker September 20, 1993",,"https://media.newyorker.com/photos/590950891c7a8e33fb389f38/master/w_1600,c_limit/1993_09_20.jpg",https://www.newyorker.com/magazine/1993/09/20,covers/1993/1993-09-20.jpg,672929,ok
1993-09-27,1993,"The New Yorker September 27, 1993",,"https://media.newyorker.com/photos/5909508a1c7a8e33fb389f3c/master/w_1600,c_limit/1993_09_27.jpg",https://www.newyorker.com/magazine/1993/09/27,covers/1993/1993-09-27.jpg,412612,ok
1993-10-04,1993,"The New Yorker October 4, 1993",,"https://media.newyorker.com/photos/5909508b2179605b11ad2c01/master/w_1600,c_limit/1993_10_04.jpg",https://www.newyorker.com/magazine/1993/10/04,covers/1993/1993-10-04.jpg,848562,ok
1993-10-11,1993,"The New Yorker October 11, 1993",,"https://media.newyorker.com/photos/5909508c1c7a8e33fb389f44/master/w_1600,c_limit/1993_10_11.jpg",https://www.newyorker.com/magazine/1993/10/11,covers/1993/1993-10-11.jpg,492421,ok
1993-10-18,1993,"The New Yorker October 18, 1993",,"https://media.newyorker.com/photos/5909508c2179605b11ad2c06/master/w_1600,c_limit/1993_10_18.jpg",https://www.newyorker.com/magazine/1993/10/18,covers/1993/1993-10-18.jpg,450771,ok
1993-10-25,1993,"The New Yorker October 25, 1993",,"https://media.newyorker.com/photos/5909507a2179605b11ad2bbd/master/w_1600,c_limit/1993_10_25.jpg",https://www.newyorker.com/magazine/1993/10/25,covers/1993/1993-10-25.jpg,1064443,ok
1993-11-01,1993,"The New Yorker November 1, 1993",,"https://media.newyorker.com/photos/5909507b019dfc3494e9d5c5/master/w_1600,c_limit/1993_11_01.jpg",https://www.newyorker.com/magazine/1993/11/01,covers/1993/1993-11-01.jpg,610511,ok
1993-11-08,1993,"The New Yorker November 8, 1993",,"https://media.newyorker.com/photos/5909507b1c7a8e33fb389efb/master/w_1600,c_limit/1993_11_08.jpg",https://www.newyorker.com/magazine/1993/11/08,covers/1993/1993-11-08.jpg,540592,ok
1993-11-15,1993,"The New Yorker November 15, 1993",,"https://media.newyorker.com/photos/5909507cebe912338a3723fe/master/w_1600,c_limit/1993_11_15.jpg",https://www.newyorker.com/magazine/1993/11/15,covers/1993/1993-11-15.jpg,544734,ok
1993-11-22,1993,"The New Yorker November 22, 1993",,"https://media.newyorker.com/photos/5909507debe912338a372400/master/w_1600,c_limit/1993_11_22.jpg",https://www.newyorker.com/magazine/1993/11/22,covers/1993/1993-11-22.jpg,903491,ok
1993-11-29,1993,"The New Yorker November 29, 1993",,"https://media.newyorker.com/photos/5909507e6552fa0be682b8c9/master/w_1600,c_limit/1993_11_29.jpg",https://www.newyorker.com/magazine/1993/11/29,covers/1993/1993-11-29.jpg,592668,ok
1993-12-06,1993,"The New Yorker December 6, 1993",,"https://media.newyorker.com/photos/5909507fc14b3c606c10342e/master/w_1600,c_limit/1993_12_06.jpg",https://www.newyorker.com/magazine/1993/12/06,covers/1993/1993-12-06.jpg,696565,ok
1993-12-13,1993,"The New Yorker December 13, 1993",,"https://media.newyorker.com/photos/5909507f2179605b11ad2bd2/master/w_1600,c_limit/1993_12_13.jpg",https://www.newyorker.com/magazine/1993/12/13,covers/1993/1993-12-13.jpg,765812,ok
1993-12-20,1993,"The New Yorker December 20, 1993",,"https://media.newyorker.com/photos/59095080ebe912338a37240c/master/w_1600,c_limit/1993_12_20.jpg",https://www.newyorker.com/magazine/1993/12/20,covers/1993/1993-12-20.jpg,664067,ok
1993-12-27,1993,"The New Yorker December 27, 1993 & January 3, 1994",,"https://media.newyorker.com/photos/59095081c14b3c606c103436/master/w_1600,c_limit/1993_12_27.jpg",https://www.newyorker.com/magazine/1993/12/27,covers/1993/1993-12-27.jpg,378852,ok
1994-01-10,1994,"The New Yorker January 10, 1994",,"https://media.newyorker.com/photos/590950822179605b11ad2be0/master/w_1600,c_limit/1994_01_10.jpg",https://www.newyorker.com/magazine/1994/01/10,covers/1994/1994-01-10.jpg,562912,ok
1994-01-17,1994,"The New Yorker January 17, 1994",,"https://media.newyorker.com/photos/590950836552fa0be682b8d9/master/w_1600,c_limit/1994_01_17.jpg",https://www.newyorker.com/magazine/1994/01/17,covers/1994/1994-01-17.jpg,591142,ok
1994-01-24,1994,"The New Yorker January 24, 1994",,"https://media.newyorker.com/photos/5909738f019dfc3494ea26ff/master/w_1600,c_limit/1994_01_24.jpg",https://www.newyorker.com/magazine/1994/01/24,covers/1994/1994-01-24.jpg,28234,ok
1994-01-31,1994,"The New Yorker January 31, 1994",,"https://media.newyorker.com/photos/590950842179605b11ad2be9/master/w_1600,c_limit/1994_01_31.jpg",https://www.newyorker.com/magazine/1994/01/31,covers/1994/1994-01-31.jpg,820550,ok
1994-02-07,1994,"The New Yorker February 7, 1994",,"https://media.newyorker.com/photos/59095084c14b3c606c103447/master/w_1600,c_limit/1994_02_07.jpg",https://www.newyorker.com/magazine/1994/02/07,covers/1994/1994-02-07.jpg,221067,ok
1994-02-14,1994,"The New Yorker February 14, 1994",,"https://media.newyorker.com/photos/590950852179605b11ad2bee/master/w_1600,c_limit/1994_02_14.jpg",https://www.newyorker.com/magazine/1994/02/14,covers/1994/1994-02-14.jpg,663897,ok
1994-02-21,1994,"The New Yorker February 21, 1994",,"https://media.newyorker.com/photos/59095086019dfc3494e9d5f1/master/w_1600,c_limit/1994_02_21.jpg",https://www.newyorker.com/magazine/1994/02/21,covers/1994/1994-02-21.jpg,529985,ok
1994-02-28,1994,"The New Yorker February 28, 1994",,"https://media.newyorker.com/photos/590950862179605b11ad2bf5/master/w_1600,c_limit/1994_02_28.jpg",https://www.newyorker.com/magazine/1994/02/28,covers/1994/1994-02-28.jpg,540169,ok
1994-03-07,1994,"The New Yorker March 7, 1994",,"https://media.newyorker.com/photos/590950871c7a8e33fb389f2e/master/w_1600,c_limit/1994_03_07.jpg",https://www.newyorker.com/magazine/1994/03/07,covers/1994/1994-03-07.jpg,538995,ok
1994-03-14,1994,"The New Yorker March 14, 1994",,"https://media.newyorker.com/photos/59095088019dfc3494e9d5fd/master/w_1600,c_limit/1994_03_14.jpg",https://www.newyorker.com/magazine/1994/03/14,covers/1994/1994-03-14.jpg,606777,ok
1994-03-21,1994,"The New Yorker March 21, 1994",,"https://media.newyorker.com/photos/59095089019dfc3494e9d600/master/w_1600,c_limit/1994_03_21.jpg",https://www.newyorker.com/magazine/1994/03/21,covers/1994/1994-03-21.jpg,705932,ok
1994-03-28,1994,"The New Yorker March 28, 1994",,"https://media.newyorker.com/photos/5909508a2179605b11ad2bfe/master/w_1600,c_limit/1994_03_28.jpg",https://www.newyorker.com/magazine/1994/03/28,covers/1994/1994-03-28.jpg,718720,ok
1994-04-04,1994,"The New Yorker April 4, 1994",,"https://media.newyorker.com/photos/5909508b6552fa0be682b8f7/master/w_1600,c_limit/1994_04_04.jpg",https://www.newyorker.com/magazine/1994/04/04,covers/1994/1994-04-04.jpg,630768,ok
1994-04-11,1994,"The New Yorker April 11, 1994",,"https://media.newyorker.com/photos/5909508b1c7a8e33fb389f43/master/w_1600,c_limit/1994_04_11.jpg",https://www.newyorker.com/magazine/1994/04/11,covers/1994/1994-04-11.jpg,620318,ok
1994-04-18,1994,"The New Yorker April 18, 1994",,"https://media.newyorker.com/photos/5909508c6552fa0be682b8ff/master/w_1600,c_limit/1994_04_18.jpg",https://www.newyorker.com/magazine/1994/04/18,covers/1994/1994-04-18.jpg,338826,ok
1994-04-25,1994,"The New Yorker April 25, 1994",,"https://media.newyorker.com/photos/5909508d6552fa0be682b904/master/w_1600,c_limit/1994_04_25.jpg",https://www.newyorker.com/magazine/1994/04/25,covers/1994/1994-04-25.jpg,451255,ok
1994-05-02,1994,"The New Yorker May 2, 1994",,"https://media.newyorker.com/photos/5909507a019dfc3494e9d5c1/master/w_1600,c_limit/1994_05_02.jpg",https://www.newyorker.com/magazine/1994/05/02,covers/1994/1994-05-02.jpg,431901,ok
1994-05-09,1994,"The New Yorker May 9, 1994",,"https://media.newyorker.com/photos/5909507b2179605b11ad2bc0/master/w_1600,c_limit/1994_05_09.jpg",https://www.newyorker.com/magazine/1994/05/09,covers/1994/1994-05-09.jpg,957861,ok
1994-05-16,1994,"The New Yorker May 16, 1994",,"https://media.newyorker.com/photos/5909507bebe912338a3723fa/master/w_1600,c_limit/1994_05_16.jpg",https://www.newyorker.com/magazine/1994/05/16,covers/1994/1994-05-16.jpg,576578,ok
1994-05-23,1994,"The New Yorker May 23, 1994",,"https://media.newyorker.com/photos/5909507c019dfc3494e9d5c8/master/w_1600,c_limit/1994_05_23.jpg",https://www.newyorker.com/magazine/1994/05/23,covers/1994/1994-05-23.jpg,657661,ok
1994-05-30,1994,"The New Yorker May 30, 1994",,"https://media.newyorker.com/photos/5909507d019dfc3494e9d5cb/master/w_1600,c_limit/1994_05_30.jpg",https://www.newyorker.com/magazine/1994/05/30,covers/1994/1994-05-30.jpg,599074,ok
1994-06-06,1994,"The New Yorker June 6, 1994",,"https://media.newyorker.com/photos/5909507eebe912338a372404/master/w_1600,c_limit/1994_06_06.jpg",https://www.newyorker.com/magazine/1994/06/06,covers/1994/1994-06-06.jpg,625540,ok
1994-06-13,1994,"The New Yorker June 13, 1994",,"https://media.newyorker.com/photos/5909507f2179605b11ad2bcf/master/w_1600,c_limit/1994_06_13.jpg",https://www.newyorker.com/magazine/1994/06/13,covers/1994/1994-06-13.jpg,545062,ok
1994-06-20,1994,"The New Yorker June 20, 1994",,"https://media.newyorker.com/photos/59095080ebe912338a37240a/master/w_1600,c_limit/1994_06_20.jpg",https://www.newyorker.com/magazine/1994/06/20,covers/1994/1994-06-20.jpg,270210,ok
1994-06-27,1994,"The New Yorker June 27 & July 4, 1994",,"https://media.newyorker.com/photos/590950812179605b11ad2bdd/master/w_1600,c_limit/1994_06_27.jpg",https://www.newyorker.com/magazine/1994/06/27,covers/1994/1994-06-27.jpg,653955,ok
1994-07-11,1994,"The New Yorker July 11, 1994",,"https://media.newyorker.com/photos/59095082019dfc3494e9d5e2/master/w_1600,c_limit/1994_07_11.jpg",https://www.newyorker.com/magazine/1994/07/11,covers/1994/1994-07-11.jpg,427884,ok
1994-07-18,1994,"The New Yorker July 18, 1994",,"https://media.newyorker.com/photos/59095083c14b3c606c10343f/master/w_1600,c_limit/1994_07_18.jpg",https://www.newyorker.com/magazine/1994/07/18,covers/1994/1994-07-18.jpg,715973,ok
1994-07-25,1994,"The New Yorker July 25, 1994",,"https://media.newyorker.com/photos/59095084ebe912338a37241a/master/w_1600,c_limit/1994_07_25.jpg",https://www.newyorker.com/magazine/1994/07/25,covers/1994/1994-07-25.jpg,442826,ok
1994-08-01,1994,"The New Yorker August 1, 1994",,"https://media.newyorker.com/photos/59095084ebe912338a37241c/master/w_1600,c_limit/1994_08_01.jpg",https://www.newyorker.com/magazine/1994/08/01,covers/1994/1994-08-01.jpg,581615,ok
1994-08-08,1994,"The New Yorker August 8, 1994",,"https://media.newyorker.com/photos/59095085c14b3c606c10344c/master/w_1600,c_limit/1994_08_08.jpg",https://www.newyorker.com/magazine/1994/08/08,covers/1994/1994-08-08.jpg,687756,ok
1994-08-15,1994,"The New Yorker August 15, 1994",,"https://media.newyorker.com/photos/59095086ebe912338a372422/master/w_1600,c_limit/1994_08_15.jpg",https://www.newyorker.com/magazine/1994/08/15,covers/1994/1994-08-15.jpg,829846,ok
1994-08-22,1994,"The New Yorker August 22 & 29, 1994",,"https://media.newyorker.com/photos/590950871c7a8e33fb389f2c/master/w_1600,c_limit/1994_08_22.jpg",https://www.newyorker.com/magazine/1994/08/22,covers/1994/1994-08-22.jpg,431646,ok
1994-09-05,1994,"The New Yorker September 5, 1994",,"https://media.newyorker.com/photos/59095087019dfc3494e9d5f9/master/w_1600,c_limit/1994_09_05.jpg",https://www.newyorker.com/magazine/1994/09/05,covers/1994/1994-09-05.jpg,705814,ok
1994-09-12,1994,"The New Yorker September 12, 1994",,"https://media.newyorker.com/photos/590950881c7a8e33fb389f35/master/w_1600,c_limit/1994_09_12.jpg",https://www.newyorker.com/magazine/1994/09/12,covers/1994/1994-09-12.jpg,675787,ok
1994-09-19,1994,"The New Yorker September 19, 1994",,"https://media.newyorker.com/photos/59095089c14b3c606c103464/master/w_1600,c_limit/1994_09_19.jpg",https://www.newyorker.com/magazine/1994/09/19,covers/1994/1994-09-19.jpg,584414,ok
1994-09-26,1994,"The New Yorker September 26, 1994",,"https://media.newyorker.com/photos/5909508a6552fa0be682b8f5/master/w_1600,c_limit/1994_09_26.jpg",https://www.newyorker.com/magazine/1994/09/26,covers/1994/1994-09-26.jpg,540574,ok
1994-10-03,1994,"The New Yorker October 3, 1994",,"https://media.newyorker.com/photos/5909508b6552fa0be682b8f9/master/w_1600,c_limit/1994_10_03.jpg",https://www.newyorker.com/magazine/1994/10/03,covers/1994/1994-10-03.jpg,1053187,ok
1994-10-10,1994,"The New Yorker October 10, 1994",,"https://media.newyorker.com/photos/5909508c6552fa0be682b8fd/master/w_1600,c_limit/1994_10_10.jpg",https://www.newyorker.com/magazine/1994/10/10,covers/1994/1994-10-10.jpg,422609,ok
1994-10-17,1994,"The New Yorker October 17, 1994",,"https://media.newyorker.com/photos/5909508cc14b3c606c10346a/master/w_1600,c_limit/1994_10_17.jpg",https://www.newyorker.com/magazine/1994/10/17,covers/1994/1994-10-17.jpg,508402,ok
1994-10-24,1994,"The New Yorker October 24, 1994",,"https://media.newyorker.com/photos/5909508d2179605b11ad2c09/master/w_1600,c_limit/1994_10_24.jpg",https://www.newyorker.com/magazine/1994/10/24,covers/1994/1994-10-24.jpg,520493,ok
1994-10-31,1994,"The New Yorker October 31, 1994",,"https://media.newyorker.com/photos/5909508e019dfc3494e9d60f/master/w_1600,c_limit/1994_10_31.jpg",https://www.newyorker.com/magazine/1994/10/31,covers/1994/1994-10-31.jpg,351890,ok
1994-11-07,1994,"The New Yorker November 7, 1994",,"https://media.newyorker.com/photos/5909507a019dfc3494e9d5c3/master/w_1600,c_limit/1994_11_07.jpg",https://www.newyorker.com/magazine/1994/11/07,covers/1994/1994-11-07.jpg,635737,ok
1994-11-14,1994,"The New Yorker November 14, 1994",,"https://media.newyorker.com/photos/5909507b6552fa0be682b8be/master/w_1600,c_limit/1994_11_14.jpg",https://www.newyorker.com/magazine/1994/11/14,covers/1994/1994-11-14.jpg,878286,ok
1994-11-21,1994,"The New Yorker November 21, 1994",,"https://media.newyorker.com/photos/5909507c1c7a8e33fb389efe/master/w_1600,c_limit/1994_11_21.jpg",https://www.newyorker.com/magazine/1994/11/21,covers/1994/1994-11-21.jpg,681477,ok
1994-11-28,1994,"The New Yorker November 28, 1994",,"https://media.newyorker.com/photos/5909507dc14b3c606c103428/master/w_1600,c_limit/1994_11_28.jpg",https://www.newyorker.com/magazine/1994/11/28,covers/1994/1994-11-28.jpg,489428,ok
1994-12-05,1994,"The New Yorker December 5, 1994",,"https://media.newyorker.com/photos/5909507ec14b3c606c10342a/master/w_1600,c_limit/1994_12_05.jpg",https://www.newyorker.com/magazine/1994/12/05,covers/1994/1994-12-05.jpg,727110,ok
1994-12-12,1994,"The New Yorker December 12, 1994",,"https://media.newyorker.com/photos/5909507f1c7a8e33fb389f0c/master/w_1600,c_limit/1994_12_12.jpg",https://www.newyorker.com/magazine/1994/12/12,covers/1994/1994-12-12.jpg,493021,ok
1994-12-19,1994,"The New Yorker December 19, 1994",,"https://media.newyorker.com/photos/590950801c7a8e33fb389f10/master/w_1600,c_limit/1994_12_19.jpg",https://www.newyorker.com/magazine/1994/12/19,covers/1994/1994-12-19.jpg,939135,ok
1994-12-26,1994,"The New Yorker December 26, 1994 & January 2, 1995",,"https://media.newyorker.com/photos/590950816552fa0be682b8d1/master/w_1600,c_limit/1994_12_26.jpg",https://www.newyorker.com/magazine/1994/12/26,covers/1994/1994-12-26.jpg,319732,ok
1995-01-09,1995,"The New Yorker January 9, 1995",,"https://media.newyorker.com/photos/590950821c7a8e33fb389f1a/master/w_1600,c_limit/1995_01_09.jpg",https://www.newyorker.com/magazine/1995/01/09,covers/1995/1995-01-09.jpg,960867,ok
1995-01-16,1995,"The New Yorker January 16, 1995",,"https://media.newyorker.com/photos/59095082c14b3c606c10343b/master/w_1600,c_limit/1995_01_16.jpg",https://www.newyorker.com/magazine/1995/01/16,covers/1995/1995-01-16.jpg,677731,ok
1995-01-23,1995,"The New Yorker January 23, 1995",,"https://media.newyorker.com/photos/59095083c14b3c606c103440/master/w_1600,c_limit/1995_01_23.jpg",https://www.newyorker.com/magazine/1995/01/23,covers/1995/1995-01-23.jpg,514996,ok
1995-01-30,1995,"The New Yorker January 30, 1995",,"https://media.newyorker.com/photos/590950846552fa0be682b8db/master/w_1600,c_limit/1995_01_30.jpg",https://www.newyorker.com/magazine/1995/01/30,covers/1995/1995-01-30.jpg,503062,ok
1995-02-06,1995,"The New Yorker February 6, 1995",,"https://media.newyorker.com/photos/59095085ebe912338a372420/master/w_1600,c_limit/1995_02_06.jpg",https://www.newyorker.com/magazine/1995/02/06,covers/1995/1995-02-06.jpg,563418,ok
1995-02-13,1995,"The New Yorker February 13, 1995",,"https://media.newyorker.com/photos/59095086c14b3c606c103450/master/w_1600,c_limit/1995_02_13.jpg",https://www.newyorker.com/magazine/1995/02/13,covers/1995/1995-02-13.jpg,772470,ok
1995-02-20,1995,"The New Yorker February 20 & 27, 1995",,"https://media.newyorker.com/photos/590950872179605b11ad2bf6/master/w_1600,c_limit/1995_02_20.jpg",https://www.newyorker.com/magazine/1995/02/20,covers/1995/1995-02-20.jpg,354762,ok
1995-03-06,1995,"The New Yorker March 6, 1995",,"https://media.newyorker.com/photos/59095087c14b3c606c103458/master/w_1600,c_limit/1995_03_06.jpg",https://www.newyorker.com/magazine/1995/03/06,covers/1995/1995-03-06.jpg,743424,ok
1995-03-13,1995,"The New Yorker March 13, 1995",,"https://media.newyorker.com/photos/590950881c7a8e33fb389f36/master/w_1600,c_limit/1995_03_13.jpg",https://www.newyorker.com/magazine/1995/03/13,covers/1995/1995-03-13.jpg,675317,ok
1995-03-20,1995,"The New Yorker March 20, 1995",,"https://media.newyorker.com/photos/59095089ebe912338a372432/master/w_1600,c_limit/1995_03_20.jpg",https://www.newyorker.com/magazine/1995/03/20,covers/1995/1995-03-20.jpg,201342,ok
1995-03-27,1995,"The New Yorker March 27, 1995",,"https://media.newyorker.com/photos/5909508a6552fa0be682b8f3/master/w_1600,c_limit/1995_03_27.jpg",https://www.newyorker.com/magazine/1995/03/27,covers/1995/1995-03-27.jpg,664735,ok
1995-04-03,1995,"The New Yorker April 3, 1995",,"https://media.newyorker.com/photos/5909508ac14b3c606c103468/master/w_1600,c_limit/1995_04_03.jpg",https://www.newyorker.com/magazine/1995/04/03,covers/1995/1995-04-03.jpg,566141,ok
1995-04-10,1995,"The New Yorker April 10, 1995",,"https://media.newyorker.com/photos/5909508b019dfc3494e9d605/master/w_1600,c_limit/1995_04_10.jpg",https://www.newyorker.com/magazine/1995/04/10,covers/1995/1995-04-10.jpg,995828,ok
1995-04-17,1995,"The New Yorker April 17, 1995",,"https://media.newyorker.com/photos/5909508d019dfc3494e9d609/master/w_1600,c_limit/1995_04_17.jpg",https://www.newyorker.com/magazine/1995/04/17,covers/1995/1995-04-17.jpg,590876,ok
1995-04-24,1995,"The New Yorker April 24, 1995",,"https://media.newyorker.com/photos/5909508d019dfc3494e9d60b/master/w_1600,c_limit/1995_04_24.jpg",https://www.newyorker.com/magazine/1995/04/24,covers/1995/1995-04-24.jpg,376500,ok
1995-05-01,1995,"The New Yorker May 1, 1995",,"https://media.newyorker.com/photos/5909508e2179605b11ad2c0c/master/w_1600,c_limit/1995_05_01.jpg",https://www.newyorker.com/magazine/1995/05/01,covers/1995/1995-05-01.jpg,285663,ok
1995-05-08,1995,"The New Yorker May 8, 1995",,"https://media.newyorker.com/photos/5909508fc14b3c606c103472/master/w_1600,c_limit/1995_05_08.jpg",https://www.newyorker.com/magazine/1995/05/08,covers/1995/1995-05-08.jpg,710738,ok
1995-05-15,1995,"The New Yorker May 15, 1995",,"https://media.newyorker.com/photos/5909508c019dfc3494e9d607/master/w_1600,c_limit/1995_05_15.jpg",https://www.newyorker.com/magazine/1995/05/15,covers/1995/1995-05-15.jpg,494998,ok
1995-05-22,1995,"The New Yorker May 22, 1995",,"https://media.newyorker.com/photos/5909508debe912338a37243e/master/w_1600,c_limit/1995_05_22.jpg",https://www.newyorker.com/magazine/1995/05/22,covers/1995/1995-05-22.jpg,1168447,ok
1995-05-29,1995,"The New Yorker May 29, 1995",,"https://media.newyorker.com/photos/5909508d1c7a8e33fb389f48/master/w_1600,c_limit/1995_05_29.jpg",https://www.newyorker.com/magazine/1995/05/29,covers/1995/1995-05-29.jpg,298961,ok
1995-06-05,1995,"The New Yorker June 5, 1995",,"https://media.newyorker.com/photos/5909508e019dfc3494e9d60e/master/w_1600,c_limit/1995_06_05.jpg",https://www.newyorker.com/magazine/1995/06/05,covers/1995/1995-06-05.jpg,675536,ok
1995-06-12,1995,"The New Yorker June 12, 1995",,"https://media.newyorker.com/photos/5909508febe912338a372444/master/w_1600,c_limit/1995_06_12.jpg",https://www.newyorker.com/magazine/1995/06/12,covers/1995/1995-06-12.jpg,326926,ok
1995-06-19,1995,"The New Yorker June 19, 1995",,"https://media.newyorker.com/photos/590950906552fa0be682b90d/master/w_1600,c_limit/1995_06_19.jpg",https://www.newyorker.com/magazine/1995/06/19,covers/1995/1995-06-19.jpg,351287,ok
1995-06-26,1995,"The New Yorker June 26 & July 3, 1995",,"https://media.newyorker.com/photos/590950901c7a8e33fb389f58/master/w_1600,c_limit/1995_06_26.jpg",https://www.newyorker.com/magazine/1995/06/26,covers/1995/1995-06-26.jpg,448594,ok
1995-07-10,1995,"The New Yorker July 10, 1995",,"https://media.newyorker.com/photos/590950911c7a8e33fb389f5a/master/w_1600,c_limit/1995_07_10.jpg",https://www.newyorker.com/magazine/1995/07/10,covers/1995/1995-07-10.jpg,519540,ok
1995-07-17,1995,"The New Yorker July 17, 1995",,"https://media.newyorker.com/photos/59095092ebe912338a372451/master/w_1600,c_limit/1995_07_17.jpg",https://www.newyorker.com/magazine/1995/07/17,covers/1995/1995-07-17.jpg,928162,ok
1995-07-24,1995,"The New Yorker July 24, 1995",,"https://media.newyorker.com/photos/590950936552fa0be682b91b/master/w_1600,c_limit/1995_07_24.jpg",https://www.newyorker.com/magazine/1995/07/24,covers/1995/1995-07-24.jpg,529468,ok
1995-07-31,1995,"The New Yorker July 31, 1995",,"https://media.newyorker.com/photos/590950946552fa0be682b91f/master/w_1600,c_limit/1995_07_31.jpg",https://www.newyorker.com/magazine/1995/07/31,covers/1995/1995-07-31.jpg,727563,ok
1995-08-07,1995,"The New Yorker August 7, 1995",,"https://media.newyorker.com/photos/59095094ebe912338a37245e/master/w_1600,c_limit/1995_08_07.jpg",https://www.newyorker.com/magazine/1995/08/07,covers/1995/1995-08-07.jpg,430535,ok
1995-08-14,1995,"The New Yorker August 14, 1995",,"https://media.newyorker.com/photos/590950956552fa0be682b926/master/w_1600,c_limit/1995_08_14.jpg",https://www.newyorker.com/magazine/1995/08/14,covers/1995/1995-08-14.jpg,624689,ok
1995-08-21,1995,"The New Yorker August 21 & 28, 1995",,"https://media.newyorker.com/photos/59095096ebe912338a372464/master/w_1600,c_limit/1995_08_21.jpg",https://www.newyorker.com/magazine/1995/08/21,covers/1995/1995-08-21.jpg,731498,ok
1995-09-04,1995,"The New Yorker September 4, 1995",,"https://media.newyorker.com/photos/590950976552fa0be682b92e/master/w_1600,c_limit/1995_09_04.jpg",https://www.newyorker.com/magazine/1995/09/04,covers/1995/1995-09-04.jpg,455811,ok
1995-09-11,1995,"The New Yorker September 11, 1995",,"https://media.newyorker.com/photos/59095097c14b3c606c10348b/master/w_1600,c_limit/1995_09_11.jpg",https://www.newyorker.com/magazine/1995/09/11,covers/1995/1995-09-11.jpg,586508,ok
1995-09-18,1995,"The New Yorker September 18, 1995",,"https://media.newyorker.com/photos/590950986552fa0be682b934/master/w_1600,c_limit/1995_09_18.jpg",https://www.newyorker.com/magazine/1995/09/18,covers/1995/1995-09-18.jpg,465044,ok
1995-09-25,1995,"The New Yorker September 25, 1995",,"https://media.newyorker.com/photos/590950992179605b11ad2c38/master/w_1600,c_limit/1995_09_25.jpg",https://www.newyorker.com/magazine/1995/09/25,covers/1995/1995-09-25.jpg,1218445,ok
1995-10-02,1995,"The New Yorker October 2, 1995",,"https://media.newyorker.com/photos/5909509a019dfc3494e9d63c/master/w_1600,c_limit/1995_10_02.jpg",https://www.newyorker.com/magazine/1995/10/02,covers/1995/1995-10-02.jpg,1013040,ok
1995-10-09,1995,"The New Yorker October 9, 1995",,"https://media.newyorker.com/photos/5909509a6552fa0be682b93f/master/w_1600,c_limit/1995_10_09.jpg",https://www.newyorker.com/magazine/1995/10/09,covers/1995/1995-10-09.jpg,550434,ok
1995-10-16,1995,"The New Yorker October 16, 1995",,"https://media.newyorker.com/photos/5909509b2179605b11ad2c45/master/w_1600,c_limit/1995_10_16.jpg",https://www.newyorker.com/magazine/1995/10/16,covers/1995/1995-10-16.jpg,446431,ok
1995-10-23,1995,"The New Yorker October 23, 1995",,"https://media.newyorker.com/photos/5909509cebe912338a372480/master/w_1600,c_limit/1995_10_23.jpg",https://www.newyorker.com/magazine/1995/10/23,covers/1995/1995-10-23.jpg,445239,ok
1995-10-30,1995,"The New Yorker October 30, 1995",,"https://media.newyorker.com/photos/5909509d1c7a8e33fb389f94/master/w_1600,c_limit/1995_10_30.jpg",https://www.newyorker.com/magazine/1995/10/30,covers/1995/1995-10-30.jpg,706498,ok
1995-11-06,1995,"The New Yorker November 6, 1995",,"https://media.newyorker.com/photos/5909509e6552fa0be682b94d/master/w_1600,c_limit/1995_11_06.jpg",https://www.newyorker.com/magazine/1995/11/06,covers/1995/1995-11-06.jpg,585523,ok
1995-11-13,1995,"The New Yorker November 13, 1995",,"https://media.newyorker.com/photos/5909509f019dfc3494e9d64c/master/w_1600,c_limit/1995_11_13.jpg",https://www.newyorker.com/magazine/1995/11/13,covers/1995/1995-11-13.jpg,541138,ok
1995-11-20,1995,"The New Yorker November 20, 1995",,"https://media.newyorker.com/photos/5909508d6552fa0be682b901/master/w_1600,c_limit/1995_11_20.jpg",https://www.newyorker.com/magazine/1995/11/20,covers/1995/1995-11-20.jpg,274723,ok
1995-11-27,1995,"The New Yorker November 27, 1995",,"https://media.newyorker.com/photos/5909508dc14b3c606c10346d/master/w_1600,c_limit/1995_11_27.jpg",https://www.newyorker.com/magazine/1995/11/27,covers/1995/1995-11-27.jpg,410006,ok
1995-12-04,1995,"The New Yorker December 4, 1995",,"https://media.newyorker.com/photos/5909508e6552fa0be682b907/master/w_1600,c_limit/1995_12_04.jpg",https://www.newyorker.com/magazine/1995/12/04,covers/1995/1995-12-04.jpg,527844,ok
1995-12-11,1995,"The New Yorker December 11, 1995",,"https://media.newyorker.com/photos/5909508f019dfc3494e9d614/master/w_1600,c_limit/1995_12_11.jpg",https://www.newyorker.com/magazine/1995/12/11,covers/1995/1995-12-11.jpg,981012,ok
1995-12-25,1995,"The New Yorker December 25, 1995 & January 1, 1996",,"https://media.newyorker.com/photos/59095091c14b3c606c103476/master/w_1600,c_limit/1995_12_25.jpg",https://www.newyorker.com/magazine/1995/12/25,covers/1995/1995-12-25.jpg,560293,ok
1996-01-08,1996,"The New Yorker January 8, 1996",,"https://media.newyorker.com/photos/59095091ebe912338a37244e/master/w_1600,c_limit/1996_01_08.jpg",https://www.newyorker.com/magazine/1996/01/08,covers/1996/1996-01-08.jpg,979342,ok
1996-01-15,1996,"The New Yorker January 15, 1996",,"https://media.newyorker.com/photos/590950926552fa0be682b915/master/w_1600,c_limit/1996_01_15.jpg",https://www.newyorker.com/magazine/1996/01/15,covers/1996/1996-01-15.jpg,423036,ok
1996-01-22,1996,"The New Yorker January 22, 1996",,"https://media.newyorker.com/photos/590950932179605b11ad2c1e/master/w_1600,c_limit/1996_01_22.jpg",https://www.newyorker.com/magazine/1996/01/22,covers/1996/1996-01-22.jpg,838259,ok
1996-01-29,1996,"The New Yorker January 29, 1996",,"https://media.newyorker.com/photos/590950942179605b11ad2c22/master/w_1600,c_limit/1996_01_29.jpg",https://www.newyorker.com/magazine/1996/01/29,covers/1996/1996-01-29.jpg,692962,ok
1996-02-05,1996,"The New Yorker February 5, 1996",,"https://media.newyorker.com/photos/590950941c7a8e33fb389f6b/master/w_1600,c_limit/1996_02_05.jpg",https://www.newyorker.com/magazine/1996/02/05,covers/1996/1996-02-05.jpg,642036,ok
1996-02-12,1996,"The New Yorker February 12, 1996",,"https://media.newyorker.com/photos/590950952179605b11ad2c2a/master/w_1600,c_limit/1996_02_12.jpg",https://www.newyorker.com/magazine/1996/02/12,covers/1996/1996-02-12.jpg,1015744,ok
1996-02-19,1996,"The New Yorker February 19, 1996",,"https://media.newyorker.com/photos/590950961c7a8e33fb389f74/master/w_1600,c_limit/1996_02_19.jpg",https://www.newyorker.com/magazine/1996/02/19,covers/1996/1996-02-19.jpg,862534,ok
1996-02-26,1996,"The New Yorker February 26 & March 4, 1996",,"https://media.newyorker.com/photos/59095097ebe912338a37246a/master/w_1600,c_limit/1996_02_26.jpg",https://www.newyorker.com/magazine/1996/02/26,covers/1996/1996-02-26.jpg,213295,ok
1996-03-11,1996,"The New Yorker March 11, 1996",,"https://media.newyorker.com/photos/59095097c14b3c606c10348c/master/w_1600,c_limit/1996_03_11.jpg",https://www.newyorker.com/magazine/1996/03/11,covers/1996/1996-03-11.jpg,492044,ok
1996-03-18,1996,"The New Yorker March 18, 1996",,"https://media.newyorker.com/photos/590950986552fa0be682b935/master/w_1600,c_limit/1996_03_18.jpg",https://www.newyorker.com/magazine/1996/03/18,covers/1996/1996-03-18.jpg,505550,ok
1996-03-25,1996,"The New Yorker March 25, 1996",,"https://media.newyorker.com/photos/59095099ebe912338a372474/master/w_1600,c_limit/1996_03_25.jpg",https://www.newyorker.com/magazine/1996/03/25,covers/1996/1996-03-25.jpg,777310,ok
1996-04-01,1996,"The New Yorker April 1, 1996",,"https://media.newyorker.com/photos/5909509a2179605b11ad2c3c/master/w_1600,c_limit/1996_04_01.jpg",https://www.newyorker.com/magazine/1996/04/01,covers/1996/1996-04-01.jpg,632757,ok
1996-04-08,1996,"The New Yorker April 8, 1996",,"https://media.newyorker.com/photos/5909509a1c7a8e33fb389f88/master/w_1600,c_limit/1996_04_08.jpg",https://www.newyorker.com/magazine/1996/04/08,covers/1996/1996-04-08.jpg,552294,ok
1996-04-15,1996,"The New Yorker April 15, 1996",,"https://media.newyorker.com/photos/5909509b1c7a8e33fb389f8c/master/w_1600,c_limit/1996_04_15.jpg",https://www.newyorker.com/magazine/1996/04/15,covers/1996/1996-04-15.jpg,163629,ok
1996-04-22,1996,"The New Yorker April 22, 1996",,"https://media.newyorker.com/photos/5909509c019dfc3494e9d645/master/w_1600,c_limit/1996_04_22.jpg",https://www.newyorker.com/magazine/1996/04/22,covers/1996/1996-04-22.jpg,944046,ok
1996-04-29,1996,"The New Yorker April 29 & May 6, 1996",,"https://media.newyorker.com/photos/5909509dc14b3c606c1034a3/master/w_1600,c_limit/1996_04_29.jpg",https://www.newyorker.com/magazine/1996/04/29,covers/1996/1996-04-29.jpg,315091,ok
1996-05-13,1996,"The New Yorker May 13, 1996",,"https://media.newyorker.com/photos/5909509e019dfc3494e9d647/master/w_1600,c_limit/1996_05_13.jpg",https://www.newyorker.com/magazine/1996/05/13,covers/1996/1996-05-13.jpg,569682,ok
1996-05-20,1996,"The New Yorker May 20, 1996",,"https://media.newyorker.com/photos/5909509f2179605b11ad2c52/master/w_1600,c_limit/1996_05_20.jpg",https://www.newyorker.com/magazine/1996/05/20,covers/1996/1996-05-20.jpg,645393,ok
1996-05-27,1996,"The New Yorker May 27, 1996",,"https://media.newyorker.com/photos/5909509f6552fa0be682b953/master/w_1600,c_limit/1996_05_27.jpg",https://www.newyorker.com/magazine/1996/05/27,covers/1996/1996-05-27.jpg,530641,ok
1996-06-03,1996,"The New Yorker June 3, 1996",,"https://media.newyorker.com/photos/5909508d1c7a8e33fb389f46/master/w_1600,c_limit/1996_06_03.jpg",https://www.newyorker.com/magazine/1996/06/03,covers/1996/1996-06-03.jpg,812663,ok
1996-06-10,1996,"The New Yorker June 10, 1996",,"https://media.newyorker.com/photos/5909508e1c7a8e33fb389f4a/master/w_1600,c_limit/1996_06_10.jpg",https://www.newyorker.com/magazine/1996/06/10,covers/1996/1996-06-10.jpg,381399,ok
1996-06-17,1996,"The New Yorker June 17, 1996",,"https://media.newyorker.com/photos/5909508f1c7a8e33fb389f4e/master/w_1600,c_limit/1996_06_17.jpg",https://www.newyorker.com/magazine/1996/06/17,covers/1996/1996-06-17.jpg,539785,ok
1996-06-24,1996,"The New Yorker June 24 & July 1, 1996",,"https://media.newyorker.com/photos/5909508febe912338a372447/master/w_1600,c_limit/1996_06_24.jpg",https://www.newyorker.com/magazine/1996/06/24,covers/1996/1996-06-24.jpg,527657,ok
1996-07-08,1996,"The New Yorker July 8, 1996",,"https://media.newyorker.com/photos/590950902179605b11ad2c14/master/w_1600,c_limit/1996_07_08.jpg",https://www.newyorker.com/magazine/1996/07/08,covers/1996/1996-07-08.jpg,614341,ok
1996-07-15,1996,"The New Yorker July 15, 1996",,"https://media.newyorker.com/photos/59095091c14b3c606c103479/master/w_1600,c_limit/1996_07_15.jpg",https://www.newyorker.com/magazine/1996/07/15,covers/1996/1996-07-15.jpg,530758,ok
1996-07-22,1996,"The New Yorker July 22, 1996",,"https://media.newyorker.com/photos/590950922179605b11ad2c1a/master/w_1600,c_limit/1996_07_22.jpg",https://www.newyorker.com/magazine/1996/07/22,covers/1996/1996-07-22.jpg,661706,ok
1996-07-29,1996,"The New Yorker July 29, 1996",,"https://media.newyorker.com/photos/590950926552fa0be682b918/master/w_1600,c_limit/1996_07_29.jpg",https://www.newyorker.com/magazine/1996/07/29,covers/1996/1996-07-29.jpg,766436,ok
1996-08-05,1996,"The New Yorker August 5, 1996",,"https://media.newyorker.com/photos/590950931c7a8e33fb389f66/master/w_1600,c_limit/1996_08_05.jpg",https://www.newyorker.com/magazine/1996/08/05,covers/1996/1996-08-05.jpg,517656,ok
1996-08-12,1996,"The New Yorker August 12, 1996",,"https://media.newyorker.com/photos/590950942179605b11ad2c26/master/w_1600,c_limit/1996_08_12.jpg",https://www.newyorker.com/magazine/1996/08/12,covers/1996/1996-08-12.jpg,518501,ok
1996-08-19,1996,"The New Yorker August 19, 1996",,"https://media.newyorker.com/photos/590950951c7a8e33fb389f6e/master/w_1600,c_limit/1996_08_19.jpg",https://www.newyorker.com/magazine/1996/08/19,covers/1996/1996-08-19.jpg,1157747,ok
1996-08-26,1996,"The New Yorker August 26 & September 2, 1996",,"https://media.newyorker.com/photos/590950951c7a8e33fb389f72/master/w_1600,c_limit/1996_08_26.jpg",https://www.newyorker.com/magazine/1996/08/26,covers/1996/1996-08-26.jpg,630722,ok
1996-09-09,1996,"The New Yorker September 9, 1996",,"https://media.newyorker.com/photos/590950961c7a8e33fb389f78/master/w_1600,c_limit/1996_09_09.jpg",https://www.newyorker.com/magazine/1996/09/09,covers/1996/1996-09-09.jpg,409728,ok
1996-09-16,1996,"The New Yorker September 16, 1996",,"https://media.newyorker.com/photos/59095097ebe912338a37246c/master/w_1600,c_limit/1996_09_16.jpg",https://www.newyorker.com/magazine/1996/09/16,covers/1996/1996-09-16.jpg,544766,ok
1996-09-23,1996,"The New Yorker September 23, 1996",,"https://media.newyorker.com/photos/590950982179605b11ad2c34/master/w_1600,c_limit/1996_09_23.jpg",https://www.newyorker.com/magazine/1996/09/23,covers/1996/1996-09-23.jpg,1043661,ok
1996-09-30,1996,"The New Yorker September 30, 1996",,"https://media.newyorker.com/photos/590950982179605b11ad2c36/master/w_1600,c_limit/1996_09_30.jpg",https://www.newyorker.com/magazine/1996/09/30,covers/1996/1996-09-30.jpg,376989,ok
1996-10-07,1996,"The New Yorker October 7, 1996",,"https://media.newyorker.com/photos/590950991c7a8e33fb389f84/master/w_1600,c_limit/1996_10_07.jpg",https://www.newyorker.com/magazine/1996/10/07,covers/1996/1996-10-07.jpg,1359905,ok
1996-10-14,1996,"The New Yorker October 14, 1996",,"https://media.newyorker.com/photos/5909509a2179605b11ad2c3e/master/w_1600,c_limit/1996_10_14.jpg",https://www.newyorker.com/magazine/1996/10/14,covers/1996/1996-10-14.jpg,304815,ok
1996-10-21,1996,"The New Yorker October 21 & 28, 1996",,"https://media.newyorker.com/photos/5909509b019dfc3494e9d642/master/w_1600,c_limit/1996_10_21.jpg",https://www.newyorker.com/magazine/1996/10/21,covers/1996/1996-10-21.jpg,344620,ok
1996-11-04,1996,"The New Yorker November 4, 1996",,"https://media.newyorker.com/photos/5909509c2179605b11ad2c48/master/w_1600,c_limit/1996_11_04.jpg",https://www.newyorker.com/magazine/1996/11/04,covers/1996/1996-11-04.jpg,418979,ok
1996-11-11,1996,"The New Yorker November 11, 1996",,"https://media.newyorker.com/photos/5909509d2179605b11ad2c4a/master/w_1600,c_limit/1996_11_11.jpg",https://www.newyorker.com/magazine/1996/11/11,covers/1996/1996-11-11.jpg,604840,ok
1996-11-18,1996,"The New Yorker November 18, 1996",,"https://media.newyorker.com/photos/5909509debe912338a37248a/master/w_1600,c_limit/1996_11_18.jpg",https://www.newyorker.com/magazine/1996/11/18,covers/1996/1996-11-18.jpg,290506,ok
1996-11-25,1996,"The New Yorker November 25, 1996",,"https://media.newyorker.com/photos/5909509e1c7a8e33fb389f98/master/w_1600,c_limit/1996_11_25.jpg",https://www.newyorker.com/magazine/1996/11/25,covers/1996/1996-11-25.jpg,461765,ok
1996-12-02,1996,"The New Yorker December 2, 1996",,"https://media.newyorker.com/photos/5909509f6552fa0be682b950/master/w_1600,c_limit/1996_12_02.jpg",https://www.newyorker.com/magazine/1996/12/02,covers/1996/1996-12-02.jpg,369139,ok
1996-12-09,1996,"The New Yorker December 9, 1996",,"https://media.newyorker.com/photos/5909509febe912338a372494/master/w_1600,c_limit/1996_12_09.jpg",https://www.newyorker.com/magazine/1996/12/09,covers/1996/1996-12-09.jpg,341574,ok
1996-12-16,1996,"The New Yorker December 16, 1996",,"https://media.newyorker.com/photos/5909508d6552fa0be682b905/master/w_1600,c_limit/1996_12_16.jpg",https://www.newyorker.com/magazine/1996/12/16,covers/1996/1996-12-16.jpg,592291,ok
1996-12-23,1996,"The New Yorker December 23 & 30, 1996",,"https://media.newyorker.com/photos/5909508eebe912338a372440/master/w_1600,c_limit/1996_12_23.jpg",https://www.newyorker.com/magazine/1996/12/23,covers/1996/1996-12-23.jpg,513156,ok
1997-01-06,1997,"The New Yorker January 6, 1997",,"https://media.newyorker.com/photos/5909508febe912338a372442/master/w_1600,c_limit/1997_01_06.jpg",https://www.newyorker.com/magazine/1997/01/06,covers/1997/1997-01-06.jpg,228938,ok
1997-01-13,1997,"The New Yorker January 13, 1997",,"https://media.newyorker.com/photos/5909508febe912338a372448/master/w_1600,c_limit/1997_01_13.jpg",https://www.newyorker.com/magazine/1997/01/13,covers/1997/1997-01-13.jpg,815956,ok
1997-01-20,1997,"The New Yorker January 20, 1997",,"https://media.newyorker.com/photos/590950901c7a8e33fb389f55/master/w_1600,c_limit/1997_01_20.jpg",https://www.newyorker.com/magazine/1997/01/20,covers/1997/1997-01-20.jpg,456360,ok
1997-01-27,1997,"The New Yorker January 27, 1997",,"https://media.newyorker.com/photos/590950916552fa0be682b911/master/w_1600,c_limit/1997_01_27.jpg",https://www.newyorker.com/magazine/1997/01/27,covers/1997/1997-01-27.jpg,432238,ok
1997-02-03,1997,"The New Yorker February 3, 1997",,"https://media.newyorker.com/photos/59095092c14b3c606c10347c/master/w_1600,c_limit/1997_02_03.jpg",https://www.newyorker.com/magazine/1997/02/03,covers/1997/1997-02-03.jpg,499101,ok
1997-02-10,1997,"The New Yorker February 10, 1997",,"https://media.newyorker.com/photos/59095092ebe912338a372454/master/w_1600,c_limit/1997_02_10.jpg",https://www.newyorker.com/magazine/1997/02/10,covers/1997/1997-02-10.jpg,503866,ok
1997-02-17,1997,"The New Yorker February 17, 1997",,"https://media.newyorker.com/photos/59095093ebe912338a372457/master/w_1600,c_limit/1997_02_17.jpg",https://www.newyorker.com/magazine/1997/02/17,covers/1997/1997-02-17.jpg,595877,ok
1997-02-24,1997,"The New Yorker February 24 & March 3, 1997",,"https://media.newyorker.com/photos/590950942179605b11ad2c24/master/w_1600,c_limit/1997_02_24.jpg",https://www.newyorker.com/magazine/1997/02/24,covers/1997/1997-02-24.jpg,581786,ok
1997-03-10,1997,"The New Yorker March 10, 1997",,"https://media.newyorker.com/photos/59095095ebe912338a372460/master/w_1600,c_limit/1997_03_10.jpg",https://www.newyorker.com/magazine/1997/03/10,covers/1997/1997-03-10.jpg,589680,ok
1997-03-17,1997,"The New Yorker March 17, 1997",,"https://media.newyorker.com/photos/590950956552fa0be682b929/master/w_1600,c_limit/1997_03_17.jpg",https://www.newyorker.com/magazine/1997/03/17,covers/1997/1997-03-17.jpg,318548,ok
1997-03-24,1997,"The New Yorker March 24, 1997",,"https://media.newyorker.com/photos/59095096ebe912338a372466/master/w_1600,c_limit/1997_03_24.jpg",https://www.newyorker.com/magazine/1997/03/24,covers/1997/1997-03-24.jpg,570635,ok
1997-03-31,1997,"The New Yorker March 31, 1997",,"https://media.newyorker.com/photos/590950971c7a8e33fb389f7c/master/w_1600,c_limit/1997_03_31.jpg",https://www.newyorker.com/magazine/1997/03/31,covers/1997/1997-03-31.jpg,519420,ok
1997-04-07,1997,"The New Yorker April 7, 1997",,"https://media.newyorker.com/photos/590950982179605b11ad2c32/master/w_1600,c_limit/1997_04_07.jpg",https://www.newyorker.com/magazine/1997/04/07,covers/1997/1997-04-07.jpg,238171,ok
1997-04-14,1997,"The New Yorker April 14, 1997",,"https://media.newyorker.com/photos/59095098c14b3c606c103490/master/w_1600,c_limit/1997_04_14.jpg",https://www.newyorker.com/magazine/1997/04/14,covers/1997/1997-04-14.jpg,308473,ok
1997-04-21,1997,"The New Yorker April 21, 1997",,"https://media.newyorker.com/photos/59095099019dfc3494e9d637/master/w_1600,c_limit/1997_04_21.jpg",https://www.newyorker.com/magazine/1997/04/21,covers/1997/1997-04-21.jpg,709196,ok
1997-04-28,1997,"The New Yorker April 28 & May 5, 1997",,"https://media.newyorker.com/photos/5909509a019dfc3494e9d63d/master/w_1600,c_limit/1997_04_28.jpg",https://www.newyorker.com/magazine/1997/04/28,covers/1997/1997-04-28.jpg,318904,ok
1997-05-12,1997,"The New Yorker May 12, 1997",,"https://media.newyorker.com/photos/5909509b1c7a8e33fb389f8a/master/w_1600,c_limit/1997_05_12.jpg",https://www.newyorker.com/magazine/1997/05/12,covers/1997/1997-05-12.jpg,966174,ok
1997-05-19,1997,"The New Yorker May 19, 1997",,"https://media.newyorker.com/photos/5909509b6552fa0be682b943/master/w_1600,c_limit/1997_05_19.jpg",https://www.newyorker.com/magazine/1997/05/19,covers/1997/1997-05-19.jpg,465002,ok
1997-05-26,1997,"The New Yorker May 26, 1997",,"https://media.newyorker.com/photos/5909509cc14b3c606c1034a0/master/w_1600,c_limit/1997_05_26.jpg",https://www.newyorker.com/magazine/1997/05/26,covers/1997/1997-05-26.jpg,537457,ok
1997-06-02,1997,"The New Yorker June 2, 1997",,"https://media.newyorker.com/photos/5909509e6552fa0be682b94c/master/w_1600,c_limit/1997_06_02.jpg",https://www.newyorker.com/magazine/1997/06/02,covers/1997/1997-06-02.jpg,594212,ok
1997-06-09,1997,"The New Yorker June 9, 1997",,"https://media.newyorker.com/photos/5909509f1c7a8e33fb389f9a/master/w_1600,c_limit/1997_06_09.jpg",https://www.newyorker.com/magazine/1997/06/09,covers/1997/1997-06-09.jpg,517727,ok
1997-06-16,1997,"The New Yorker June 16, 1997",,"https://media.newyorker.com/photos/590950a02179605b11ad2c55/master/w_1600,c_limit/1997_06_16.jpg",https://www.newyorker.com/magazine/1997/06/16,covers/1997/1997-06-16.jpg,580255,ok
1997-06-23,1997,"The New Yorker June 23 & 30, 1997",,"https://media.newyorker.com/photos/590950a0019dfc3494e9d651/master/w_1600,c_limit/1997_06_23.jpg",https://www.newyorker.com/magazine/1997/06/23,covers/1997/1997-06-23.jpg,561062,ok
1997-07-07,1997,"The New Yorker July 7, 1997",,"https://media.newyorker.com/photos/5909508ec14b3c606c10346e/master/w_1600,c_limit/1997_07_07.jpg",https://www.newyorker.com/magazine/1997/07/07,covers/1997/1997-07-07.jpg,706232,ok
1997-07-14,1997,"The New Yorker July 14, 1997",,"https://media.newyorker.com/photos/5909508f2179605b11ad2c0e/master/w_1600,c_limit/1997_07_14.jpg",https://www.newyorker.com/magazine/1997/07/14,covers/1997/1997-07-14.jpg,457959,ok
1997-07-21,1997,"The New Yorker July 21, 1997",,"https://media.newyorker.com/photos/5909508f019dfc3494e9d615/master/w_1600,c_limit/1997_07_21.jpg",https://www.newyorker.com/magazine/1997/07/21,covers/1997/1997-07-21.jpg,667248,ok
1997-07-28,1997,"The New Yorker July 28, 1997",,"https://media.newyorker.com/photos/590950902179605b11ad2c13/master/w_1600,c_limit/1997_07_28.jpg",https://www.newyorker.com/magazine/1997/07/28,covers/1997/1997-07-28.jpg,291935,ok
1997-08-04,1997,"The New Yorker August 4, 1997",,"https://media.newyorker.com/photos/59095091019dfc3494e9d61b/master/w_1600,c_limit/1997_08_04.jpg",https://www.newyorker.com/magazine/1997/08/04,covers/1997/1997-08-04.jpg,472530,ok
1997-08-11,1997,"The New Yorker August 11, 1997",,"https://media.newyorker.com/photos/59095092ebe912338a372452/master/w_1600,c_limit/1997_08_11.jpg",https://www.newyorker.com/magazine/1997/08/11,covers/1997/1997-08-11.jpg,234514,ok
1997-08-18,1997,"The New Yorker August 18, 1997",,"https://media.newyorker.com/photos/590950936552fa0be682b91a/master/w_1600,c_limit/1997_08_18.jpg",https://www.newyorker.com/magazine/1997/08/18,covers/1997/1997-08-18.jpg,411894,ok
1997-08-25,1997,"The New Yorker August 25 & September 1, 1997",,"https://media.newyorker.com/photos/590950931c7a8e33fb389f65/master/w_1600,c_limit/1997_08_25.jpg",https://www.newyorker.com/magazine/1997/08/25,covers/1997/1997-08-25.jpg,414845,ok
1997-09-08,1997,"The New Yorker September 8, 1997",,"https://media.newyorker.com/photos/59095094019dfc3494e9d623/master/w_1600,c_limit/1997_09_08.jpg",https://www.newyorker.com/magazine/1997/09/08,covers/1997/1997-09-08.jpg,597587,ok
1997-09-15,1997,"The New Yorker September 15, 1997",,"https://media.newyorker.com/photos/59095095c14b3c606c103482/master/w_1600,c_limit/1997_09_15.jpg",https://www.newyorker.com/magazine/1997/09/15,covers/1997/1997-09-15.jpg,550432,ok
1997-09-22,1997,"The New Yorker September 22, 1997",,"https://media.newyorker.com/photos/59095095019dfc3494e9d627/master/w_1600,c_limit/1997_09_22.jpg",https://www.newyorker.com/magazine/1997/09/22,covers/1997/1997-09-22.jpg,381909,ok
1997-09-29,1997,"The New Yorker September 29, 1997",,"https://media.newyorker.com/photos/59095096c14b3c606c103488/master/w_1600,c_limit/1997_09_29.jpg",https://www.newyorker.com/magazine/1997/09/29,covers/1997/1997-09-29.jpg,1489459,ok
1997-10-06,1997,"The New Yorker October 6, 1997",,"https://media.newyorker.com/photos/59095097019dfc3494e9d62d/master/w_1600,c_limit/1997_10_06.jpg",https://www.newyorker.com/magazine/1997/10/06,covers/1997/1997-10-06.jpg,404381,ok
1997-10-13,1997,"The New Yorker October 13, 1997",,"https://media.newyorker.com/photos/590950971c7a8e33fb389f7e/master/w_1600,c_limit/1997_10_13.jpg",https://www.newyorker.com/magazine/1997/10/13,covers/1997/1997-10-13.jpg,678922,ok
1997-10-20,1997,"The New Yorker October 20 & 27, 1997",,"https://media.newyorker.com/photos/59095098c14b3c606c103491/master/w_1600,c_limit/1997_10_20.jpg",https://www.newyorker.com/magazine/1997/10/20,covers/1997/1997-10-20.jpg,671624,ok
1997-11-03,1997,"The New Yorker November 3, 1997",,"https://media.newyorker.com/photos/59095099c14b3c606c103494/master/w_1600,c_limit/1997_11_03.jpg",https://www.newyorker.com/magazine/1997/11/03,covers/1997/1997-11-03.jpg,648240,ok
1997-11-10,1997,"The New Yorker November 10, 1997",,"https://media.newyorker.com/photos/5909509a6552fa0be682b93c/master/w_1600,c_limit/1997_11_10.jpg",https://www.newyorker.com/magazine/1997/11/10,covers/1997/1997-11-10.jpg,514718,ok
1997-11-17,1997,"The New Yorker November 17, 1997",,"https://media.newyorker.com/photos/5909509b2179605b11ad2c41/master/w_1600,c_limit/1997_11_17.jpg",https://www.newyorker.com/magazine/1997/11/17,covers/1997/1997-11-17.jpg,944982,ok
1997-11-24,1997,"The New Yorker November 24, 1997",,"https://media.newyorker.com/photos/5909509bc14b3c606c10349c/master/w_1600,c_limit/1997_11_24.jpg",https://www.newyorker.com/magazine/1997/11/24,covers/1997/1997-11-24.jpg,578798,ok
1997-12-01,1997,"The New Yorker December 1, 1997",,"https://media.newyorker.com/photos/5909509cebe912338a37247f/master/w_1600,c_limit/1997_12_01.jpg",https://www.newyorker.com/magazine/1997/12/01,covers/1997/1997-12-01.jpg,618672,ok
1997-12-08,1997,"The New Yorker December 8, 1997",,"https://media.newyorker.com/photos/5909509d1c7a8e33fb389f93/master/w_1600,c_limit/1997_12_08.jpg",https://www.newyorker.com/magazine/1997/12/08,covers/1997/1997-12-08.jpg,425566,ok
1997-12-15,1997,"The New Yorker December 15, 1997",,"https://media.newyorker.com/photos/5909509e2179605b11ad2c50/master/w_1600,c_limit/1997_12_15.jpg",https://www.newyorker.com/magazine/1997/12/15,covers/1997/1997-12-15.jpg,505914,ok
1997-12-22,1997,"The New Yorker December 22 & 29, 1997",,"https://media.newyorker.com/photos/5909509febe912338a372490/master/w_1600,c_limit/1997_12_22.jpg",https://www.newyorker.com/magazine/1997/12/22,covers/1997/1997-12-22.jpg,525984,ok
1998-01-05,1998,"The New Yorker January 5, 1998",,"https://media.newyorker.com/photos/590950a0c14b3c606c1034ad/master/w_1600,c_limit/1998_01_05.jpg",https://www.newyorker.com/magazine/1998/01/05,covers/1998/1998-01-05.jpg,630018,ok
1998-01-12,1998,"The New Yorker January 12, 1998",,"https://media.newyorker.com/photos/590950a01c7a8e33fb389fa1/master/w_1600,c_limit/1998_01_12.jpg",https://www.newyorker.com/magazine/1998/01/12,covers/1998/1998-01-12.jpg,335432,ok
1998-01-19,1998,"The New Yorker January 19, 1998",,"https://media.newyorker.com/photos/5909508e2179605b11ad2c0a/master/w_1600,c_limit/1998_01_19.jpg",https://www.newyorker.com/magazine/1998/01/19,covers/1998/1998-01-19.jpg,418582,ok
1998-01-26,1998,"The New Yorker January 26, 1998",,"https://media.newyorker.com/photos/5909508ec14b3c606c103470/master/w_1600,c_limit/1998_01_26.jpg",https://www.newyorker.com/magazine/1998/01/26,covers/1998/1998-01-26.jpg,360247,ok
1998-02-02,1998,"The New Yorker February 2, 1998",,"https://media.newyorker.com/photos/5909508f019dfc3494e9d611/master/w_1600,c_limit/1998_02_02.jpg",https://www.newyorker.com/magazine/1998/02/02,covers/1998/1998-02-02.jpg,486923,ok
1998-02-09,1998,"The New Yorker February 9, 1998",,"https://media.newyorker.com/photos/5909508f6552fa0be682b90c/master/w_1600,c_limit/1998_02_09.jpg",https://www.newyorker.com/magazine/1998/02/09,covers/1998/1998-02-09.jpg,407394,ok
1998-02-16,1998,"The New Yorker February 16, 1998",,"https://media.newyorker.com/photos/590950901c7a8e33fb389f56/master/w_1600,c_limit/1998_02_16.jpg",https://www.newyorker.com/magazine/1998/02/16,covers/1998/1998-02-16.jpg,448915,ok
1998-02-23,1998,"The New Yorker February 23 & March 2, 1998",,"https://media.newyorker.com/photos/59095091c14b3c606c10347a/master/w_1600,c_limit/1998_02_23.jpg",https://www.newyorker.com/magazine/1998/02/23,covers/1998/1998-02-23.jpg,350519,ok
1998-03-09,1998,"The New Yorker March 9, 1998",,"https://media.newyorker.com/photos/590950921c7a8e33fb389f5e/master/w_1600,c_limit/1998_03_09.jpg",https://www.newyorker.com/magazine/1998/03/09,covers/1998/1998-03-09.jpg,238107,ok
1998-03-16,1998,"The New Yorker March 16, 1998",,"https://media.newyorker.com/photos/59095092c14b3c606c103480/master/w_1600,c_limit/1998_03_16.jpg",https://www.newyorker.com/magazine/1998/03/16,covers/1998/1998-03-16.jpg,496161,ok
1998-03-23,1998,"The New Yorker March 23, 1998",,"https://media.newyorker.com/photos/590950936552fa0be682b91d/master/w_1600,c_limit/1998_03_23.jpg",https://www.newyorker.com/magazine/1998/03/23,covers/1998/1998-03-23.jpg,495945,ok
1998-03-30,1998,"The New Yorker March 30, 1998",,"https://media.newyorker.com/photos/590950946552fa0be682b921/master/w_1600,c_limit/1998_03_30.jpg",https://www.newyorker.com/magazine/1998/03/30,covers/1998/1998-03-30.jpg,496128,ok
1998-04-06,1998,"The New Yorker April 6, 1998",,"https://media.newyorker.com/photos/590950956552fa0be682b927/master/w_1600,c_limit/1998_04_06.jpg",https://www.newyorker.com/magazine/1998/04/06,covers/1998/1998-04-06.jpg,514397,ok
1998-04-13,1998,"The New Yorker April 13, 1998",,"https://media.newyorker.com/photos/59095096019dfc3494e9d629/master/w_1600,c_limit/1998_04_13.jpg",https://www.newyorker.com/magazine/1998/04/13,covers/1998/1998-04-13.jpg,551666,ok
1998-04-20,1998,"The New Yorker April 20, 1998",,"https://media.newyorker.com/photos/59095097ebe912338a372469/master/w_1600,c_limit/1998_04_20.jpg",https://www.newyorker.com/magazine/1998/04/20,covers/1998/1998-04-20.jpg,338015,ok
1998-04-27,1998,"The New Yorker April 27 & May 4, 1998",,"https://media.newyorker.com/photos/590950976552fa0be682b931/master/w_1600,c_limit/1998_04_27.jpg",https://www.newyorker.com/magazine/1998/04/27,covers/1998/1998-04-27.jpg,609427,ok
1998-05-11,1998,"The New Yorker May 11, 1998",,"https://media.newyorker.com/photos/59095098ebe912338a372470/master/w_1600,c_limit/1998_05_11.jpg",https://www.newyorker.com/magazine/1998/05/11,covers/1998/1998-05-11.jpg,409443,ok
1998-05-18,1998,"The New Yorker May 18, 1998",,"https://media.newyorker.com/photos/590950991c7a8e33fb389f82/master/w_1600,c_limit/1998_05_18.jpg",https://www.newyorker.com/magazine/1998/05/18,covers/1998/1998-05-18.jpg,432200,ok
1998-05-25,1998,"The New Yorker May 25, 1998",,"https://media.newyorker.com/photos/5909509a019dfc3494e9d63a/master/w_1600,c_limit/1998_05_25.jpg",https://www.newyorker.com/magazine/1998/05/25,covers/1998/1998-05-25.jpg,462385,ok
1998-06-01,1998,"The New Yorker June 1, 1998",,"https://media.newyorker.com/photos/5909509aebe912338a37247a/master/w_1600,c_limit/1998_06_01.jpg",https://www.newyorker.com/magazine/1998/06/01,covers/1998/1998-06-01.jpg,444370,ok
1998-06-08,1998,"The New Yorker June 8, 1998",,"https://media.newyorker.com/photos/5909509b6552fa0be682b941/master/w_1600,c_limit/1998_06_08.jpg",https://www.newyorker.com/magazine/1998/06/08,covers/1998/1998-06-08.jpg,739016,ok
1998-06-15,1998,"The New Yorker June 15, 1998",,"https://media.newyorker.com/photos/5909509c1c7a8e33fb389f8f/master/w_1600,c_limit/1998_06_15.jpg",https://www.newyorker.com/magazine/1998/06/15,covers/1998/1998-06-15.jpg,591428,ok
1998-06-22,1998,"The New Yorker June 22 & 29, 1998",,"https://media.newyorker.com/photos/5909509debe912338a372484/master/w_1600,c_limit/1998_06_22.jpg",https://www.newyorker.com/magazine/1998/06/22,covers/1998/1998-06-22.jpg,403778,ok
1998-07-06,1998,"The New Yorker July 6, 1998",,"https://media.newyorker.com/photos/5909509d2179605b11ad2c4c/master/w_1600,c_limit/1998_07_06.jpg",https://www.newyorker.com/magazine/1998/07/06,covers/1998/1998-07-06.jpg,703072,ok
1998-07-13,1998,"The New Yorker July 13, 1998",,"https://media.newyorker.com/photos/5909509e2179605b11ad2c4f/master/w_1600,c_limit/1998_07_13.jpg",https://www.newyorker.com/magazine/1998/07/13,covers/1998/1998-07-13.jpg,349002,ok
1998-07-20,1998,"The New Yorker July 20, 1998",,"https://media.newyorker.com/photos/5909509f6552fa0be682b951/master/w_1600,c_limit/1998_07_20.jpg",https://www.newyorker.com/magazine/1998/07/20,covers/1998/1998-07-20.jpg,568456,ok
1998-07-27,1998,"The New Yorker July 27, 1998",,"https://media.newyorker.com/photos/590950a02179605b11ad2c56/master/w_1600,c_limit/1998_07_27.jpg",https://www.newyorker.com/magazine/1998/07/27,covers/1998/1998-07-27.jpg,695375,ok
1998-08-03,1998,"The New Yorker August 3, 1998",,"https://media.newyorker.com/photos/5909508e1c7a8e33fb389f4c/master/w_1600,c_limit/1998_08_03.jpg",https://www.newyorker.com/magazine/1998/08/03,covers/1998/1998-08-03.jpg,343510,ok
1998-08-10,1998,"The New Yorker August 10, 1998",,"https://media.newyorker.com/photos/5909508f1c7a8e33fb389f50/master/w_1600,c_limit/1998_08_10.jpg",https://www.newyorker.com/magazine/1998/08/10,covers/1998/1998-08-10.jpg,492281,ok
1998-08-17,1998,"The New Yorker August 17, 1998",,"https://media.newyorker.com/photos/59095090c14b3c606c103474/master/w_1600,c_limit/1998_08_17.jpg",https://www.newyorker.com/magazine/1998/08/17,covers/1998/1998-08-17.jpg,219472,ok
1998-08-24,1998,"The New Yorker August 24 & 31, 1998",,"https://media.newyorker.com/photos/59095090019dfc3494e9d619/master/w_1600,c_limit/1998_08_24.jpg",https://www.newyorker.com/magazine/1998/08/24,covers/1998/1998-08-24.jpg,302220,ok
1998-09-07,1998,"The New Yorker September 7, 1998",,"https://media.newyorker.com/photos/590950916552fa0be682b913/master/w_1600,c_limit/1998_09_07.jpg",https://www.newyorker.com/magazine/1998/09/07,covers/1998/1998-09-07.jpg,310372,ok
1998-09-14,1998,"The New Yorker September 14, 1998",,"https://media.newyorker.com/photos/59095093019dfc3494e9d61f/master/w_1600,c_limit/1998_09_14.jpg",https://www.newyorker.com/magazine/1998/09/14,covers/1998/1998-09-14.jpg,496435,ok
1998-09-21,1998,"The New Yorker September 21, 1998",,"https://media.newyorker.com/photos/59095094ebe912338a37245d/master/w_1600,c_limit/1998_09_21.jpg",https://www.newyorker.com/magazine/1998/09/21,covers/1998/1998-09-21.jpg,737695,ok
1998-09-28,1998,"The New Yorker September 28, 1998",,"https://media.newyorker.com/photos/590950952179605b11ad2c29/master/w_1600,c_limit/1998_09_28.jpg",https://www.newyorker.com/magazine/1998/09/28,covers/1998/1998-09-28.jpg,812552,ok
1998-10-05,1998,"The New Yorker October 5, 1998",,"https://media.newyorker.com/photos/59095096c14b3c606c103486/master/w_1600,c_limit/1998_10_05.jpg",https://www.newyorker.com/magazine/1998/10/05,covers/1998/1998-10-05.jpg,324997,ok
1998-10-12,1998,"The New Yorker October 12, 1998",,"https://media.newyorker.com/photos/590950961c7a8e33fb389f77/master/w_1600,c_limit/1998_10_12.jpg",https://www.newyorker.com/magazine/1998/10/12,covers/1998/1998-10-12.jpg,494285,ok
1998-10-19,1998,"The New Yorker October 19, 1998",,"https://media.newyorker.com/photos/59095097019dfc3494e9d62f/master/w_1600,c_limit/1998_10_19.jpg",https://www.newyorker.com/magazine/1998/10/19,covers/1998/1998-10-19.jpg,614402,ok
1998-10-26,1998,"The New Yorker October 26 & November 2, 1998",,"https://media.newyorker.com/photos/59095098019dfc3494e9d633/master/w_1600,c_limit/1998_10_26.jpg",https://www.newyorker.com/magazine/1998/10/26,covers/1998/1998-10-26.jpg,603238,ok
1998-11-09,1998,"The New Yorker November 9, 1998",,"https://media.newyorker.com/photos/590950996552fa0be682b937/master/w_1600,c_limit/1998_11_09.jpg",https://www.newyorker.com/magazine/1998/11/09,covers/1998/1998-11-09.jpg,724983,ok
1998-11-16,1998,"The New Yorker November 16, 1998",,"https://media.newyorker.com/photos/590950996552fa0be682b939/master/w_1600,c_limit/1998_11_16.jpg",https://www.newyorker.com/magazine/1998/11/16,covers/1998/1998-11-16.jpg,570908,ok
1998-11-23,1998,"The New Yorker November 23, 1998",,"https://media.newyorker.com/photos/5909509ac14b3c606c103496/master/w_1600,c_limit/1998_11_23.jpg",https://www.newyorker.com/magazine/1998/11/23,covers/1998/1998-11-23.jpg,197445,ok
1998-11-30,1998,"The New Yorker November 30, 1998",,"https://media.newyorker.com/photos/5909509b019dfc3494e9d640/master/w_1600,c_limit/1998_11_30.jpg",https://www.newyorker.com/magazine/1998/11/30,covers/1998/1998-11-30.jpg,478499,ok
1998-12-07,1998,"The New Yorker December 7 & 14, 1998",,"https://media.newyorker.com/photos/5909509b2179605b11ad2c46/master/w_1600,c_limit/1998_12_07.jpg",https://www.newyorker.com/magazine/1998/12/07,covers/1998/1998-12-07.jpg,249572,ok
1998-12-21,1998,"The New Yorker December 21, 1998",,"https://media.newyorker.com/photos/5909509c6552fa0be682b947/master/w_1600,c_limit/1998_12_21.jpg",https://www.newyorker.com/magazine/1998/12/21,covers/1998/1998-12-21.jpg,499547,ok
1998-12-28,1998,"The New Yorker December 28, 1998 & January 4, 1999",,"https://media.newyorker.com/photos/5909509d1c7a8e33fb389f96/master/w_1600,c_limit/1998_12_28.jpg",https://www.newyorker.com/magazine/1998/12/28,covers/1998/1998-12-28.jpg,395728,ok
1999-01-11,1999,"The New Yorker January 11, 1999",,"https://media.newyorker.com/photos/5909509eebe912338a37248c/master/w_1600,c_limit/1999_01_11.jpg",https://www.newyorker.com/magazine/1999/01/11,covers/1999/1999-01-11.jpg,476873,ok
1999-01-18,1999,"The New Yorker January 18, 1999",,"https://media.newyorker.com/photos/5909509f019dfc3494e9d649/master/w_1600,c_limit/1999_01_18.jpg",https://www.newyorker.com/magazine/1999/01/18,covers/1999/1999-01-18.jpg,643377,ok
1999-01-25,1999,"The New Yorker January 25, 1999",,"https://media.newyorker.com/photos/590950a01c7a8e33fb389f9c/master/w_1600,c_limit/1999_01_25.jpg",https://www.newyorker.com/magazine/1999/01/25,covers/1999/1999-01-25.jpg,1005371,ok
1999-02-01,1999,"The New Yorker February 1, 1999",,"https://media.newyorker.com/photos/590950a06552fa0be682b956/master/w_1600,c_limit/1999_02_01.jpg",https://www.newyorker.com/magazine/1999/02/01,covers/1999/1999-02-01.jpg,241702,ok
1999-02-08,1999,"The New Yorker February 8, 1999",,"https://media.newyorker.com/photos/590950a1ebe912338a37249a/master/w_1600,c_limit/1999_02_08.jpg",https://www.newyorker.com/magazine/1999/02/08,covers/1999/1999-02-08.jpg,472133,ok
1999-02-15,1999,"The New Yorker February 15, 1999",,"https://media.newyorker.com/photos/590950a2019dfc3494e9d655/master/w_1600,c_limit/1999_02_15.jpg",https://www.newyorker.com/magazine/1999/02/15,covers/1999/1999-02-15.jpg,520192,ok
1999-02-22,1999,"The New Yorker February 22 & March 1, 1999",,"https://media.newyorker.com/photos/5909508f6552fa0be682b909/master/w_1600,c_limit/1999_02_22.jpg",https://www.newyorker.com/magazine/1999/02/22,covers/1999/1999-02-22.jpg,1450319,ok
1999-03-08,1999,"The New Yorker March 8, 1999",,"https://media.newyorker.com/photos/590950901c7a8e33fb389f52/master/w_1600,c_limit/1999_03_08.jpg",https://www.newyorker.com/magazine/1999/03/08,covers/1999/1999-03-08.jpg,475395,ok
1999-03-15,1999,"The New Yorker March 15, 1999",,"https://media.newyorker.com/photos/59095090ebe912338a37244a/master/w_1600,c_limit/1999_03_15.jpg",https://www.newyorker.com/magazine/1999/03/15,covers/1999/1999-03-15.jpg,312444,ok
1999-03-22,1999,"The New Yorker March 22, 1999",,"https://media.newyorker.com/photos/590950916552fa0be682b912/master/w_1600,c_limit/1999_03_22.jpg",https://www.newyorker.com/magazine/1999/03/22,covers/1999/1999-03-22.jpg,335172,ok
1999-03-29,1999,"The New Yorker March 29, 1999",,"https://media.newyorker.com/photos/59095092019dfc3494e9d61d/master/w_1600,c_limit/1999_03_29.jpg",https://www.newyorker.com/magazine/1999/03/29,covers/1999/1999-03-29.jpg,292560,ok
1999-04-05,1999,"The New Yorker April 5, 1999",,"https://media.newyorker.com/photos/590950921c7a8e33fb389f61/master/w_1600,c_limit/1999_04_05.jpg",https://www.newyorker.com/magazine/1999/04/05,covers/1999/1999-04-05.jpg,408175,ok
1999-04-12,1999,"The New Yorker April 12, 1999",,"https://media.newyorker.com/photos/590950932179605b11ad2c20/master/w_1600,c_limit/1999_04_12.jpg",https://www.newyorker.com/magazine/1999/04/12,covers/1999/1999-04-12.jpg,389676,ok
1999-04-19,1999,"The New Yorker April 19, 1999",,"https://media.newyorker.com/photos/59095094019dfc3494e9d621/master/w_1600,c_limit/1999_04_19.jpg",https://www.newyorker.com/magazine/1999/04/19,covers/1999/1999-04-19.jpg,456201,ok
1999-04-26,1999,"The New Yorker April 26 & May 3, 1999",,"https://media.newyorker.com/photos/59095094019dfc3494e9d625/master/w_1600,c_limit/1999_04_26.jpg",https://www.newyorker.com/magazine/1999/04/26,covers/1999/1999-04-26.jpg,484065,ok
1999-05-10,1999,"The New Yorker May 10, 1999",,"https://media.newyorker.com/photos/590950951c7a8e33fb389f70/master/w_1600,c_limit/1999_05_10.jpg",https://www.newyorker.com/magazine/1999/05/10,covers/1999/1999-05-10.jpg,546443,ok
1999-05-17,1999,"The New Yorker May 17, 1999",,"https://media.newyorker.com/photos/59095096019dfc3494e9d62b/master/w_1600,c_limit/1999_05_17.jpg",https://www.newyorker.com/magazine/1999/05/17,covers/1999/1999-05-17.jpg,486856,ok
1999-05-24,1999,"The New Yorker May 24, 1999",,"https://media.newyorker.com/photos/590950976552fa0be682b92f/master/w_1600,c_limit/1999_05_24.jpg",https://www.newyorker.com/magazine/1999/05/24,covers/1999/1999-05-24.jpg,647522,ok
1999-05-31,1999,"The New Yorker May 31, 1999",,"https://media.newyorker.com/photos/590950972179605b11ad2c30/master/w_1600,c_limit/1999_05_31.jpg",https://www.newyorker.com/magazine/1999/05/31,covers/1999/1999-05-31.jpg,571885,ok
1999-06-07,1999,"The New Yorker June 7, 1999",,"https://media.newyorker.com/photos/59095098ebe912338a37246f/master/w_1600,c_limit/1999_06_07.jpg",https://www.newyorker.com/magazine/1999/06/07,covers/1999/1999-06-07.jpg,827499,ok
1999-06-14,1999,"The New Yorker June 14, 1999",,"https://media.newyorker.com/photos/59095099019dfc3494e9d635/master/w_1600,c_limit/1999_06_14.jpg",https://www.newyorker.com/magazine/1999/06/14,covers/1999/1999-06-14.jpg,538940,ok
1999-06-21,1999,"The New Yorker June 21 & 28, 1999",,"https://media.newyorker.com/photos/5909509aebe912338a372478/master/w_1600,c_limit/1999_06_21.jpg",https://www.newyorker.com/magazine/1999/06/21,covers/1999/1999-06-21.jpg,399899,ok
1999-07-05,1999,"The New Yorker July 5, 1999",,"https://media.newyorker.com/photos/5909509ac14b3c606c103498/master/w_1600,c_limit/1999_07_05.jpg",https://www.newyorker.com/magazine/1999/07/05,covers/1999/1999-07-05.jpg,687790,ok
1999-07-12,1999,"The New Yorker July 12, 1999",,"https://media.newyorker.com/photos/5909509b019dfc3494e9d643/master/w_1600,c_limit/1999_07_12.jpg",https://www.newyorker.com/magazine/1999/07/12,covers/1999/1999-07-12.jpg,419119,ok
1999-07-19,1999,"The New Yorker July 19, 1999",,"https://media.newyorker.com/photos/5909509c1c7a8e33fb389f90/master/w_1600,c_limit/1999_07_19.jpg",https://www.newyorker.com/magazine/1999/07/19,covers/1999/1999-07-19.jpg,577861,ok
1999-07-26,1999,"The New Yorker July 26, 1999",,"https://media.newyorker.com/photos/5909509dc14b3c606c1034a4/master/w_1600,c_limit/1999_07_26.jpg",https://www.newyorker.com/magazine/1999/07/26,covers/1999/1999-07-26.jpg,361750,ok
1999-08-02,1999,"The New Yorker August 2, 1999",,"https://media.newyorker.com/photos/5909509eebe912338a37248e/master/w_1600,c_limit/1999_08_02.jpg",https://www.newyorker.com/magazine/1999/08/02,covers/1999/1999-08-02.jpg,433362,ok
1999-08-09,1999,"The New Yorker August 9, 1999",,"https://media.newyorker.com/photos/5909509f019dfc3494e9d64d/master/w_1600,c_limit/1999_08_09.jpg",https://www.newyorker.com/magazine/1999/08/09,covers/1999/1999-08-09.jpg,403120,ok
1999-08-16,1999,"The New Yorker August 16, 1999",,"https://media.newyorker.com/photos/5909509f019dfc3494e9d64f/master/w_1600,c_limit/1999_08_16.jpg",https://www.newyorker.com/magazine/1999/08/16,covers/1999/1999-08-16.jpg,225944,ok
1999-08-23,1999,"The New Yorker August 23 & 30, 1999",,"https://media.newyorker.com/photos/590950a01c7a8e33fb389f9e/master/w_1600,c_limit/1999_08_23.jpg",https://www.newyorker.com/magazine/1999/08/23,covers/1999/1999-08-23.jpg,716319,ok
1999-09-06,1999,"The New Yorker September 6, 1999",,"https://media.newyorker.com/photos/590950a1019dfc3494e9d653/master/w_1600,c_limit/1999_09_06.jpg",https://www.newyorker.com/magazine/1999/09/06,covers/1999/1999-09-06.jpg,465176,ok
1999-09-13,1999,"The New Yorker September 13, 1999",,"https://media.newyorker.com/photos/59095090019dfc3494e9d618/master/w_1600,c_limit/1999_09_13.jpg",https://www.newyorker.com/magazine/1999/09/13,covers/1999/1999-09-13.jpg,468101,ok
1999-09-20,1999,"The New Yorker September 20, 1999",,"https://media.newyorker.com/photos/590950912179605b11ad2c16/master/w_1600,c_limit/1999_09_20.jpg",https://www.newyorker.com/magazine/1999/09/20,covers/1999/1999-09-20.jpg,457627,ok
1999-09-27,1999,"The New Yorker September 27, 1999",,"https://media.newyorker.com/photos/590950921c7a8e33fb389f5d/master/w_1600,c_limit/1999_09_27.jpg",https://www.newyorker.com/magazine/1999/09/27,covers/1999/1999-09-27.jpg,329972,ok
1999-10-04,1999,"The New Yorker October 4, 1999",,"https://media.newyorker.com/photos/590950921c7a8e33fb389f62/master/w_1600,c_limit/1999_10_04.jpg",https://www.newyorker.com/magazine/1999/10/04,covers/1999/1999-10-04.jpg,251240,ok
1999-10-11,1999,"The New Yorker October 11, 1999",,"https://media.newyorker.com/photos/590950932179605b11ad2c1f/master/w_1600,c_limit/1999_10_11.jpg",https://www.newyorker.com/magazine/1999/10/11,covers/1999/1999-10-11.jpg,377408,ok
1999-10-18,1999,"The New Yorker October 18 & 25, 1999",,"https://media.newyorker.com/photos/59095094ebe912338a37245a/master/w_1600,c_limit/1999_10_18.jpg",https://www.newyorker.com/magazine/1999/10/18,covers/1999/1999-10-18.jpg,880353,ok
1999-11-01,1999,"The New Yorker November 1, 1999",,"https://media.newyorker.com/photos/590950951c7a8e33fb389f6c/master/w_1600,c_limit/1999_11_01.jpg",https://www.newyorker.com/magazine/1999/11/01,covers/1999/1999-11-01.jpg,573503,ok
1999-11-08,1999,"The New Yorker November 8, 1999",,"https://media.newyorker.com/photos/59095095c14b3c606c103484/master/w_1600,c_limit/1999_11_08.jpg",https://www.newyorker.com/magazine/1999/11/08,covers/1999/1999-11-08.jpg,406227,ok
1999-11-15,1999,"The New Yorker November 15, 1999",,"https://media.newyorker.com/photos/590950966552fa0be682b92b/master/w_1600,c_limit/1999_11_15.jpg",https://www.newyorker.com/magazine/1999/11/15,covers/1999/1999-11-15.jpg,529005,ok
1999-11-22,1999,"The New Yorker November 22, 1999",,"https://media.newyorker.com/photos/590950972179605b11ad2c2e/master/w_1600,c_limit/1999_11_22.jpg",https://www.newyorker.com/magazine/1999/11/22,covers/1999/1999-11-22.jpg,1031974,ok
1999-11-29,1999,"The New Yorker November 29, 1999",,"https://media.newyorker.com/photos/590950981c7a8e33fb389f80/master/w_1600,c_limit/1999_11_29.jpg",https://www.newyorker.com/magazine/1999/11/29,covers/1999/1999-11-29.jpg,524597,ok
1999-12-06,1999,"The New Yorker December 6, 1999",,"https://media.newyorker.com/photos/59095099ebe912338a372472/master/w_1600,c_limit/1999_12_06.jpg",https://www.newyorker.com/magazine/1999/12/06,covers/1999/1999-12-06.jpg,495284,ok
1999-12-13,1999,"The New Yorker December 13, 1999",,"https://media.newyorker.com/photos/59095099ebe912338a372477/master/w_1600,c_limit/1999_12_13.jpg",https://www.newyorker.com/magazine/1999/12/13,covers/1999/1999-12-13.jpg,836079,ok
1999-12-20,1999,"The New Yorker December 20, 1999",,"https://media.newyorker.com/photos/5909509a1c7a8e33fb389f86/master/w_1600,c_limit/1999_12_20.jpg",https://www.newyorker.com/magazine/1999/12/20,covers/1999/1999-12-20.jpg,363811,ok
1999-12-27,1999,"The New Yorker December 27, 1999 & January 3, 2000",,"https://media.newyorker.com/photos/5909509bc14b3c606c10349a/master/w_1600,c_limit/1999_12_27.jpg",https://www.newyorker.com/magazine/1999/12/27,covers/1999/1999-12-27.jpg,449063,ok
2000-01-10,2000,"The New Yorker January 10, 2000",,"https://media.newyorker.com/photos/5909509bebe912338a37247c/master/w_1600,c_limit/2000_01_10.jpg",https://www.newyorker.com/magazine/2000/01/10,covers/2000/2000-01-10.jpg,550177,ok
2000-01-17,2000,"The New Yorker January 17, 2000",,"https://media.newyorker.com/photos/5909509c6552fa0be682b946/master/w_1600,c_limit/2000_01_17.jpg",https://www.newyorker.com/magazine/2000/01/17,covers/2000/2000-01-17.jpg,578104,ok
2000-01-24,2000,"The New Yorker January 24, 2000",,"https://media.newyorker.com/photos/5909509debe912338a372486/master/w_1600,c_limit/2000_01_24.jpg",https://www.newyorker.com/magazine/2000/01/24,covers/2000/2000-01-24.jpg,372585,ok
2000-01-31,2000,"The New Yorker January 31, 2000",,"https://media.newyorker.com/photos/5909509e6552fa0be682b94b/master/w_1600,c_limit/2000_01_31.jpg",https://www.newyorker.com/magazine/2000/01/31,covers/2000/2000-01-31.jpg,741901,ok
2000-02-07,2000,"The New Yorker February 7, 2000",,"https://media.newyorker.com/photos/5909509fc14b3c606c1034a9/master/w_1600,c_limit/2000_02_07.jpg",https://www.newyorker.com/magazine/2000/02/07,covers/2000/2000-02-07.jpg,522101,ok
2000-02-14,2000,"The New Yorker February 14, 2000",,"https://media.newyorker.com/photos/5909509febe912338a372492/master/w_1600,c_limit/2000_02_14.jpg",https://www.newyorker.com/magazine/2000/02/14,covers/2000/2000-02-14.jpg,487227,ok
2000-02-21,2000,"The New Yorker February 21 & 28, 2000",,"https://media.newyorker.com/photos/590950a0c14b3c606c1034ae/master/w_1600,c_limit/2000_02_21.jpg",https://www.newyorker.com/magazine/2000/02/21,covers/2000/2000-02-21.jpg,265269,ok
2000-03-06,2000,"The New Yorker March 6, 2000",,"https://media.newyorker.com/photos/590950a11c7a8e33fb389fa2/master/w_1600,c_limit/2000_03_06.jpg",https://www.newyorker.com/magazine/2000/03/06,covers/2000/2000-03-06.jpg,297474,ok
2000-03-13,2000,"The New Yorker March 13, 2000",,"https://media.newyorker.com/photos/590950a2ebe912338a37249e/master/w_1600,c_limit/2000_03_13.jpg",https://www.newyorker.com/magazine/2000/03/13,covers/2000/2000-03-13.jpg,213073,ok
2000-03-20,2000,"The New Yorker March 20, 2000",,"https://media.newyorker.com/photos/590950a2019dfc3494e9d65a/master/w_1600,c_limit/2000_03_20.jpg",https://www.newyorker.com/magazine/2000/03/20,covers/2000/2000-03-20.jpg,369234,ok
2000-03-27,2000,"The New Yorker March 27, 2000",,"https://media.newyorker.com/photos/59095091ebe912338a37244c/master/w_1600,c_limit/2000_03_27.jpg",https://www.newyorker.com/magazine/2000/03/27,covers/2000/2000-03-27.jpg,1607772,ok
2000-04-03,2000,"The New Yorker April 3, 2000",,"https://media.newyorker.com/photos/590950912179605b11ad2c18/master/w_1600,c_limit/2000_04_03.jpg",https://www.newyorker.com/magazine/2000/04/03,covers/2000/2000-04-03.jpg,550610,ok
2000-04-10,2000,"The New Yorker April 10, 2000",,"https://media.newyorker.com/photos/59095092c14b3c606c10347f/master/w_1600,c_limit/2000_04_10.jpg",https://www.newyorker.com/magazine/2000/04/10,covers/2000/2000-04-10.jpg,611805,ok
2000-04-17,2000,"The New Yorker April 17, 2000",,"https://media.newyorker.com/photos/59095093ebe912338a372458/master/w_1600,c_limit/2000_04_17.jpg",https://www.newyorker.com/magazine/2000/04/17,covers/2000/2000-04-17.jpg,504888,ok
2000-04-24,2000,"The New Yorker April 24 & May 1, 2000",,"https://media.newyorker.com/photos/590950941c7a8e33fb389f68/master/w_1600,c_limit/2000_04_24.jpg",https://www.newyorker.com/magazine/2000/04/24,covers/2000/2000-04-24.jpg,551815,ok
2000-05-08,2000,"The New Yorker May 8, 2000",,"https://media.newyorker.com/photos/590950956552fa0be682b923/master/w_1600,c_limit/2000_05_08.jpg",https://www.newyorker.com/magazine/2000/05/08,covers/2000/2000-05-08.jpg,365555,ok
2000-05-15,2000,"The New Yorker May 15, 2000",,"https://media.newyorker.com/photos/59095095ebe912338a372462/master/w_1600,c_limit/2000_05_15.jpg",https://www.newyorker.com/magazine/2000/05/15,covers/2000/2000-05-15.jpg,610636,ok
2000-05-22,2000,"The New Yorker May 22, 2000",,"https://media.newyorker.com/photos/590950962179605b11ad2c2c/master/w_1600,c_limit/2000_05_22.jpg",https://www.newyorker.com/magazine/2000/05/22,covers/2000/2000-05-22.jpg,358842,ok
2000-05-29,2000,"The New Yorker May 29, 2000",,"https://media.newyorker.com/photos/590950971c7a8e33fb389f7b/master/w_1600,c_limit/2000_05_29.jpg",https://www.newyorker.com/magazine/2000/05/29,covers/2000/2000-05-29.jpg,746188,ok
2000-06-05,2000,"The New Yorker June 5, 2000",,"https://media.newyorker.com/photos/59095098019dfc3494e9d631/master/w_1600,c_limit/2000_06_05.jpg",https://www.newyorker.com/magazine/2000/06/05,covers/2000/2000-06-05.jpg,766298,ok
2000-06-12,2000,"The New Yorker June 12, 2000",,"https://media.newyorker.com/photos/59095098c14b3c606c103492/master/w_1600,c_limit/2000_06_12.jpg",https://www.newyorker.com/magazine/2000/06/12,covers/2000/2000-06-12.jpg,472961,ok
2000-06-19,2000,"The New Yorker June 19 & 26, 2000",,"https://media.newyorker.com/photos/590950992179605b11ad2c3a/master/w_1600,c_limit/2000_06_19.jpg",https://www.newyorker.com/magazine/2000/06/19,covers/2000/2000-06-19.jpg,436260,ok
2000-07-03,2000,"The New Yorker July 3, 2000",,"https://media.newyorker.com/photos/5909509a6552fa0be682b93d/master/w_1600,c_limit/2000_07_03.jpg",https://www.newyorker.com/magazine/2000/07/03,covers/2000/2000-07-03.jpg,533688,ok
2000-07-10,2000,"The New Yorker July 10, 2000",,"https://media.newyorker.com/photos/5909509b2179605b11ad2c42/master/w_1600,c_limit/2000_07_10.jpg",https://www.newyorker.com/magazine/2000/07/10,covers/2000/2000-07-10.jpg,674198,ok
2000-07-17,2000,"The New Yorker July 17, 2000",,"https://media.newyorker.com/photos/5909509cc14b3c606c10349e/master/w_1600,c_limit/2000_07_17.jpg",https://www.newyorker.com/magazine/2000/07/17,covers/2000/2000-07-17.jpg,213940,ok
2000-07-24,2000,"The New Yorker July 24, 2000",,"https://media.newyorker.com/photos/5909509cebe912338a372483/master/w_1600,c_limit/2000_07_24.jpg",https://www.newyorker.com/magazine/2000/07/24,covers/2000/2000-07-24.jpg,368541,ok
2000-07-31,2000,"The New Yorker July 31, 2000",,"https://media.newyorker.com/photos/5909509debe912338a372488/master/w_1600,c_limit/2000_07_31.jpg",https://www.newyorker.com/magazine/2000/07/31,covers/2000/2000-07-31.jpg,328118,ok
2000-08-07,2000,"The New Yorker August 7, 2000",,"https://media.newyorker.com/photos/5909509ec14b3c606c1034a6/master/w_1600,c_limit/2000_08_07.jpg",https://www.newyorker.com/magazine/2000/08/07,covers/2000/2000-08-07.jpg,342941,ok
2000-08-14,2000,"The New Yorker August 14, 2000",,"https://media.newyorker.com/photos/5909509fc14b3c606c1034aa/master/w_1600,c_limit/2000_08_14.jpg",https://www.newyorker.com/magazine/2000/08/14,covers/2000/2000-08-14.jpg,219326,ok
2000-08-21,2000,"The New Yorker August 21 & 28, 2000",,"https://media.newyorker.com/photos/590950a0ebe912338a372496/master/w_1600,c_limit/2000_08_21.jpg",https://www.newyorker.com/magazine/2000/08/21,covers/2000/2000-08-21.jpg,1248344,ok
2000-09-04,2000,"The New Yorker September 4, 2000",,"https://media.newyorker.com/photos/590950a06552fa0be682b957/master/w_1600,c_limit/2000_09_04.jpg",https://www.newyorker.com/magazine/2000/09/04,covers/2000/2000-09-04.jpg,665988,ok
2000-09-11,2000,"The New Yorker September 11, 2000",,"https://media.newyorker.com/photos/590950a12179605b11ad2c58/master/w_1600,c_limit/2000_09_11.jpg",https://www.newyorker.com/magazine/2000/09/11,covers/2000/2000-09-11.jpg,450327,ok
2000-09-18,2000,"The New Yorker September 18, 2000",,"https://media.newyorker.com/photos/590950a22179605b11ad2c5a/master/w_1600,c_limit/2000_09_18.jpg",https://www.newyorker.com/magazine/2000/09/18,covers/2000/2000-09-18.jpg,499215,ok
2000-09-25,2000,"The New Yorker September 25, 2000",,"https://media.newyorker.com/photos/590950a2019dfc3494e9d658/master/w_1600,c_limit/2000_09_25.jpg",https://www.newyorker.com/magazine/2000/09/25,covers/2000/2000-09-25.jpg,704694,ok
2000-10-02,2000,"The New Yorker October 2, 2000",,"https://media.newyorker.com/photos/590950a3019dfc3494e9d65d/master/w_1600,c_limit/2000_10_02.jpg",https://www.newyorker.com/magazine/2000/10/02,covers/2000/2000-10-02.jpg,347970,ok
2000-10-09,2000,"The New Yorker October 9, 2000",,"https://media.newyorker.com/photos/590950a1ebe912338a372498/master/w_1600,c_limit/2000_10_09.jpg",https://www.newyorker.com/magazine/2000/10/09,covers/2000/2000-10-09.jpg,586041,ok
2000-10-16,2000,"The New Yorker October 16 & 23, 2000",,"https://media.newyorker.com/photos/590950a26552fa0be682b95b/master/w_1600,c_limit/2000_10_16.jpg",https://www.newyorker.com/magazine/2000/10/16,covers/2000/2000-10-16.jpg,728643,ok
2000-10-30,2000,"The New Yorker October 30, 2000",,"https://media.newyorker.com/photos/590950a21c7a8e33fb389fa6/master/w_1600,c_limit/2000_10_30.jpg",https://www.newyorker.com/magazine/2000/10/30,covers/2000/2000-10-30.jpg,429308,ok
2000-11-06,2000,"The New Yorker November 6, 2000",,"https://media.newyorker.com/photos/590950a31c7a8e33fb389fa9/master/w_1600,c_limit/2000_11_06.jpg",https://www.newyorker.com/magazine/2000/11/06,covers/2000/2000-11-06.jpg,460096,ok
2000-11-13,2000,"The New Yorker November 13, 2000",,"https://media.newyorker.com/photos/590950a4c14b3c606c1034b4/master/w_1600,c_limit/2000_11_13.jpg",https://www.newyorker.com/magazine/2000/11/13,covers/2000/2000-11-13.jpg,245542,ok
2000-11-20,2000,"The New Yorker November 20, 2000",,"https://media.newyorker.com/photos/590950a41c7a8e33fb389fac/master/w_1600,c_limit/2000_11_20.jpg",https://www.newyorker.com/magazine/2000/11/20,covers/2000/2000-11-20.jpg,509386,ok
2000-11-27,2000,"The New Yorker November 27, 2000",,"https://media.newyorker.com/photos/590950a51c7a8e33fb389fb0/master/w_1600,c_limit/2000_11_27.jpg",https://www.newyorker.com/magazine/2000/11/27,covers/2000/2000-11-27.jpg,271202,ok
2000-12-04,2000,"The New Yorker December 4, 2000",,"https://media.newyorker.com/photos/590950a66552fa0be682b96b/master/w_1600,c_limit/2000_12_04.jpg",https://www.newyorker.com/magazine/2000/12/04,covers/2000/2000-12-04.jpg,398540,ok
2000-12-11,2000,"The New Yorker December 11, 2000",,"https://media.newyorker.com/photos/590950a6019dfc3494e9d669/master/w_1600,c_limit/2000_12_11.jpg",https://www.newyorker.com/magazine/2000/12/11,covers/2000/2000-12-11.jpg,176798,ok
2000-12-18,2000,"The New Yorker December 18, 2000",,"https://media.newyorker.com/photos/590950a7ebe912338a3724b5/master/w_1600,c_limit/2000_12_18.jpg",https://www.newyorker.com/magazine/2000/12/18,covers/2000/2000-12-18.jpg,383634,ok
2000-12-25,2000,"The New Yorker December 25, 2000 & January 1, 2001",,"https://media.newyorker.com/photos/590950a8019dfc3494e9d672/master/w_1600,c_limit/2000_12_25.jpg",https://www.newyorker.com/magazine/2000/12/25,covers/2000/2000-12-25.jpg,580088,ok
2001-01-08,2001,"The New Yorker January 8, 2001",,"https://media.newyorker.com/photos/590950a92179605b11ad2c7a/master/w_1600,c_limit/2001_01_08.jpg",https://www.newyorker.com/magazine/2001/01/08,covers/2001/2001-01-08.jpg,744323,ok
2001-01-15,2001,"The New Yorker January 15, 2001",,"https://media.newyorker.com/photos/590950a92179605b11ad2c7d/master/w_1600,c_limit/2001_01_15.jpg",https://www.newyorker.com/magazine/2001/01/15,covers/2001/2001-01-15.jpg,294350,ok
2001-01-22,2001,"The New Yorker January 22, 2001",,"https://media.newyorker.com/photos/590950aa6552fa0be682b981/master/w_1600,c_limit/2001_01_22.jpg",https://www.newyorker.com/magazine/2001/01/22,covers/2001/2001-01-22.jpg,672541,ok
2001-01-29,2001,"The New Yorker January 29, 2001",,"https://media.newyorker.com/photos/590950ab1c7a8e33fb389fcc/master/w_1600,c_limit/2001_01_29.jpg",https://www.newyorker.com/magazine/2001/01/29,covers/2001/2001-01-29.jpg,441693,ok
2001-02-05,2001,"The New Yorker February 5, 2001",,"https://media.newyorker.com/photos/590950ab6552fa0be682b989/master/w_1600,c_limit/2001_02_05.jpg",https://www.newyorker.com/magazine/2001/02/05,covers/2001/2001-02-05.jpg,485913,ok
2001-02-12,2001,"The New Yorker February 12, 2001",,"https://media.newyorker.com/photos/590950ac1c7a8e33fb389fd2/master/w_1600,c_limit/2001_02_12.jpg",https://www.newyorker.com/magazine/2001/02/12,covers/2001/2001-02-12.jpg,252121,ok
2001-02-19,2001,"The New Yorker February 19 & 26, 2001",,"https://media.newyorker.com/photos/590950ad2179605b11ad2c94/master/w_1600,c_limit/2001_02_19.jpg",https://www.newyorker.com/magazine/2001/02/19,covers/2001/2001-02-19.jpg,407775,ok
2001-03-05,2001,"The New Yorker March 5, 2001",,"https://media.newyorker.com/photos/590950aec14b3c606c1034d8/master/w_1600,c_limit/2001_03_05.jpg",https://www.newyorker.com/magazine/2001/03/05,covers/2001/2001-03-05.jpg,618731,ok
2001-03-12,2001,"The New Yorker March 12, 2001",,"https://media.newyorker.com/photos/590950ae1c7a8e33fb389fda/master/w_1600,c_limit/2001_03_12.jpg",https://www.newyorker.com/magazine/2001/03/12,covers/2001/2001-03-12.jpg,329872,ok
2001-03-19,2001,"The New Yorker March 19, 2001",,"https://media.newyorker.com/photos/590950af2179605b11ad2c9e/master/w_1600,c_limit/2001_03_19.jpg",https://www.newyorker.com/magazine/2001/03/19,covers/2001/2001-03-19.jpg,717144,ok
2001-03-26,2001,"The New Yorker March 26, 2001",,"https://media.newyorker.com/photos/590950b06552fa0be682b99b/master/w_1600,c_limit/2001_03_26.jpg",https://www.newyorker.com/magazine/2001/03/26,covers/2001/2001-03-26.jpg,560432,ok
2001-04-02,2001,"The New Yorker April 2, 2001",,"https://media.newyorker.com/photos/590950b16552fa0be682b9a0/master/w_1600,c_limit/2001_04_02.jpg",https://www.newyorker.com/magazine/2001/04/02,covers/2001/2001-04-02.jpg,379846,ok
2001-04-09,2001,"The New Yorker April 9, 2001",,"https://media.newyorker.com/photos/590950b11c7a8e33fb389fe9/master/w_1600,c_limit/2001_04_09.jpg",https://www.newyorker.com/magazine/2001/04/09,covers/2001/2001-04-09.jpg,441844,ok
2001-04-16,2001,"The New Yorker April 16, 2001",,"https://media.newyorker.com/photos/590950b22179605b11ad2ca8/master/w_1600,c_limit/2001_04_16.jpg",https://www.newyorker.com/magazine/2001/04/16,covers/2001/2001-04-16.jpg,500131,ok
2001-04-23,2001,"The New Yorker April 23 & 30, 2001",,"https://media.newyorker.com/photos/590950a16552fa0be682b95a/master/w_1600,c_limit/2001_04_23.jpg",https://www.newyorker.com/magazine/2001/04/23,covers/2001/2001-04-23.jpg,285020,ok
2001-05-07,2001,"The New Yorker May 7, 2001",,"https://media.newyorker.com/photos/590950a26552fa0be682b95d/master/w_1600,c_limit/2001_05_07.jpg",https://www.newyorker.com/magazine/2001/05/07,covers/2001/2001-05-07.jpg,535984,ok
2001-05-14,2001,"The New Yorker May 14, 2001",,"https://media.newyorker.com/photos/590950a3ebe912338a3724a2/master/w_1600,c_limit/2001_05_14.jpg",https://www.newyorker.com/magazine/2001/05/14,covers/2001/2001-05-14.jpg,396015,ok
2001-05-21,2001,"The New Yorker May 21, 2001",,"https://media.newyorker.com/photos/590950a3019dfc3494e9d65f/master/w_1600,c_limit/2001_05_21.jpg",https://www.newyorker.com/magazine/2001/05/21,covers/2001/2001-05-21.jpg,596609,ok
2001-05-28,2001,"The New Yorker May 28, 2001",,"https://media.newyorker.com/photos/590950a4c14b3c606c1034b8/master/w_1600,c_limit/2001_05_28.jpg",https://www.newyorker.com/magazine/2001/05/28,covers/2001/2001-05-28.jpg,970450,ok
2001-06-04,2001,"The New Yorker June 4, 2001",,"https://media.newyorker.com/photos/590950a5019dfc3494e9d665/master/w_1600,c_limit/2001_06_04.jpg",https://www.newyorker.com/magazine/2001/06/04,covers/2001/2001-06-04.jpg,266581,ok
2001-06-11,2001,"The New Yorker June 11, 2001",,"https://media.newyorker.com/photos/590950a6c14b3c606c1034be/master/w_1600,c_limit/2001_06_11.jpg",https://www.newyorker.com/magazine/2001/06/11,covers/2001/2001-06-11.jpg,498264,ok
2001-06-18,2001,"The New Yorker June 18 & 25, 2001",,"https://media.newyorker.com/photos/590950a6019dfc3494e9d668/master/w_1600,c_limit/2001_06_18.jpg",https://www.newyorker.com/magazine/2001/06/18,covers/2001/2001-06-18.jpg,379837,ok
2001-07-02,2001,"The New Yorker July 2, 2001",,"https://media.newyorker.com/photos/590950a71c7a8e33fb389fbc/master/w_1600,c_limit/2001_07_02.jpg",https://www.newyorker.com/magazine/2001/07/02,covers/2001/2001-07-02.jpg,420628,ok
2001-07-09,2001,"The New Yorker July 9, 2001",,"https://media.newyorker.com/photos/590950a8ebe912338a3724b8/master/w_1600,c_limit/2001_07_09.jpg",https://www.newyorker.com/magazine/2001/07/09,covers/2001/2001-07-09.jpg,281208,ok
2001-07-16,2001,"The New Yorker July 16, 2001",,"https://media.newyorker.com/photos/590950a8ebe912338a3724ba/master/w_1600,c_limit/2001_07_16.jpg",https://www.newyorker.com/magazine/2001/07/16,covers/2001/2001-07-16.jpg,333352,ok
2001-07-23,2001,"The New Yorker July 23, 2001",,"https://media.newyorker.com/photos/590950a92179605b11ad2c7e/master/w_1600,c_limit/2001_07_23.jpg",https://www.newyorker.com/magazine/2001/07/23,covers/2001/2001-07-23.jpg,495773,ok
2001-07-30,2001,"The New Yorker July 30, 2001",,"https://media.newyorker.com/photos/590950aa6552fa0be682b980/master/w_1600,c_limit/2001_07_30.jpg",https://www.newyorker.com/magazine/2001/07/30,covers/2001/2001-07-30.jpg,364654,ok
2001-08-06,2001,"The New Yorker August 6, 2001",,"https://media.newyorker.com/photos/590950abc14b3c606c1034ca/master/w_1600,c_limit/2001_08_06.jpg",https://www.newyorker.com/magazine/2001/08/06,covers/2001/2001-08-06.jpg,333060,ok
2001-08-13,2001,"The New Yorker August 13, 2001",,"https://media.newyorker.com/photos/590950ab1c7a8e33fb389fce/master/w_1600,c_limit/2001_08_13.jpg",https://www.newyorker.com/magazine/2001/08/13,covers/2001/2001-08-13.jpg,488340,ok
2001-08-20,2001,"The New Yorker August 20 & 27, 2001",,"https://media.newyorker.com/photos/590950ac019dfc3494e9d683/master/w_1600,c_limit/2001_08_20.jpg",https://www.newyorker.com/magazine/2001/08/20,covers/2001/2001-08-20.jpg,838638,ok
2001-09-03,2001,"The New Yorker September 3, 2001",,"https://media.newyorker.com/photos/590950ad1c7a8e33fb389fd4/master/w_1600,c_limit/2001_09_03.jpg",https://www.newyorker.com/magazine/2001/09/03,covers/2001/2001-09-03.jpg,393816,ok
2001-09-10,2001,"The New Yorker September 10, 2001",,"https://media.newyorker.com/photos/590950ae1c7a8e33fb389fd8/master/w_1600,c_limit/2001_09_10.jpg",https://www.newyorker.com/magazine/2001/09/10,covers/2001/2001-09-10.jpg,213015,ok
2001-09-17,2001,"The New Yorker September 17, 2001",,"https://media.newyorker.com/photos/590950af2179605b11ad2c9a/master/w_1600,c_limit/2001_09_17.jpg",https://www.newyorker.com/magazine/2001/09/17,covers/2001/2001-09-17.jpg,555880,ok
2001-09-24,2001,"The New Yorker September 24, 2001",,"https://media.newyorker.com/photos/613121d64bc5f041092d863f/master/w_1600,c_limit/2001_09_24_Spiegelman_Mouly_Twin_Towers_web.jpg",https://www.newyorker.com/magazine/2001/09/24,covers/2001/2001-09-24.jpg,69570,ok
2001-10-01,2001,"The New Yorker October 1, 2001",,"https://media.newyorker.com/photos/590950b01c7a8e33fb389fe1/master/w_1600,c_limit/2001_10_01.jpg",https://www.newyorker.com/magazine/2001/10/01,covers/2001/2001-10-01.jpg,688056,ok
2001-10-08,2001,"The New Yorker October 8, 2001",,"https://media.newyorker.com/photos/590950b1019dfc3494e9d693/master/w_1600,c_limit/2001_10_08.jpg",https://www.newyorker.com/magazine/2001/10/08,covers/2001/2001-10-08.jpg,578050,ok
2001-10-15,2001,"The New Yorker October 15, 2001",,"https://media.newyorker.com/photos/590950b16552fa0be682b9a5/master/w_1600,c_limit/2001_10_15.jpg",https://www.newyorker.com/magazine/2001/10/15,covers/2001/2001-10-15.jpg,501089,ok
2001-10-22,2001,"The New Yorker October 22, 2001",,"https://media.newyorker.com/photos/590950b2ebe912338a3724e7/master/w_1600,c_limit/2001_10_22.jpg",https://www.newyorker.com/magazine/2001/10/22,covers/2001/2001-10-22.jpg,381896,ok
2001-10-29,2001,"The New Yorker October 29, 2001",,"https://media.newyorker.com/photos/590950b3019dfc3494e9d6a1/master/w_1600,c_limit/2001_10_29.jpg",https://www.newyorker.com/magazine/2001/10/29,covers/2001/2001-10-29.jpg,576782,ok
2001-11-05,2001,"The New Yorker November 5, 2001",,"https://media.newyorker.com/photos/590950a1ebe912338a37249c/master/w_1600,c_limit/2001_11_05.jpg",https://www.newyorker.com/magazine/2001/11/05,covers/2001/2001-11-05.jpg,491156,ok
2001-11-12,2001,"The New Yorker November 12, 2001",,"https://media.newyorker.com/photos/590950a2c14b3c606c1034b0/master/w_1600,c_limit/2001_11_12.jpg",https://www.newyorker.com/magazine/2001/11/12,covers/2001/2001-11-12.jpg,338856,ok
2001-11-19,2001,"The New Yorker November 19, 2001",,"https://media.newyorker.com/photos/590950a3c14b3c606c1034b2/master/w_1600,c_limit/2001_11_19.jpg",https://www.newyorker.com/magazine/2001/11/19,covers/2001/2001-11-19.jpg,552393,ok
2001-11-26,2001,"The New Yorker November 26, 2001",,"https://media.newyorker.com/photos/590950a32179605b11ad2c5e/master/w_1600,c_limit/2001_11_26.jpg",https://www.newyorker.com/magazine/2001/11/26,covers/2001/2001-11-26.jpg,229203,ok
2001-12-03,2001,"The New Yorker December 3, 2001",,"https://media.newyorker.com/photos/590950a4ebe912338a3724a8/master/w_1600,c_limit/2001_12_03.jpg",https://www.newyorker.com/magazine/2001/12/03,covers/2001/2001-12-03.jpg,299029,ok
2001-12-10,2001,"The New Yorker December 10, 2001",,"https://media.newyorker.com/photos/590950a5ebe912338a3724ae/master/w_1600,c_limit/2001_12_10.jpg",https://www.newyorker.com/magazine/2001/12/10,covers/2001/2001-12-10.jpg,357793,ok
2001-12-17,2001,"The New Yorker December 17, 2001",,"https://media.newyorker.com/photos/590950a5c14b3c606c1034bd/master/w_1600,c_limit/2001_12_17.jpg",https://www.newyorker.com/magazine/2001/12/17,covers/2001/2001-12-17.jpg,372606,ok
2001-12-24,2001,"The New Yorker December 24 & 31, 2001",,"https://media.newyorker.com/photos/590950a62179605b11ad2c70/master/w_1600,c_limit/2001_12_24.jpg",https://www.newyorker.com/magazine/2001/12/24,covers/2001/2001-12-24.jpg,417434,ok
2002-01-07,2002,"The New Yorker January 7, 2002",,"https://media.newyorker.com/photos/590950a71c7a8e33fb389fba/master/w_1600,c_limit/2002_01_07.jpg",https://www.newyorker.com/magazine/2002/01/07,covers/2002/2002-01-07.jpg,446378,ok
2002-01-14,2002,"The New Yorker January 14, 2002",,"https://media.newyorker.com/photos/590950a81c7a8e33fb389fbe/master/w_1600,c_limit/2002_01_14.jpg",https://www.newyorker.com/magazine/2002/01/14,covers/2002/2002-01-14.jpg,167804,ok
2002-01-21,2002,"The New Yorker January 21, 2002",,"https://media.newyorker.com/photos/590950a92179605b11ad2c79/master/w_1600,c_limit/2002_01_21.jpg",https://www.newyorker.com/magazine/2002/01/21,covers/2002/2002-01-21.jpg,431651,ok
2002-01-28,2002,"The New Yorker January 28, 2002",,"https://media.newyorker.com/photos/590950a9ebe912338a3724bd/master/w_1600,c_limit/2002_01_28.jpg",https://www.newyorker.com/magazine/2002/01/28,covers/2002/2002-01-28.jpg,289142,ok
2002-02-04,2002,"The New Yorker February 4, 2002",,"https://media.newyorker.com/photos/590950aac14b3c606c1034c6/master/w_1600,c_limit/2002_02_04.jpg",https://www.newyorker.com/magazine/2002/02/04,covers/2002/2002-02-04.jpg,383836,ok
2002-02-11,2002,"The New Yorker February 11, 2002",,"https://media.newyorker.com/photos/590950ab2179605b11ad2c84/master/w_1600,c_limit/2002_02_11.jpg",https://www.newyorker.com/magazine/2002/02/11,covers/2002/2002-02-11.jpg,570263,ok
2002-02-18,2002,"The New Yorker February 18 & 25, 2002",,"https://media.newyorker.com/photos/590950ab2179605b11ad2c8a/master/w_1600,c_limit/2002_02_18.jpg",https://www.newyorker.com/magazine/2002/02/18,covers/2002/2002-02-18.jpg,404888,ok
2002-03-04,2002,"The New Yorker March 4, 2002",,"https://media.newyorker.com/photos/590950ac1c7a8e33fb389fd1/master/w_1600,c_limit/2002_03_04.jpg",https://www.newyorker.com/magazine/2002/03/04,covers/2002/2002-03-04.jpg,557385,ok
2002-03-11,2002,"The New Yorker March 11, 2002",,"https://media.newyorker.com/photos/590950ad019dfc3494e9d685/master/w_1600,c_limit/2002_03_11.jpg",https://www.newyorker.com/magazine/2002/03/11,covers/2002/2002-03-11.jpg,413620,ok
2002-03-18,2002,"The New Yorker March 18, 2002",,"https://media.newyorker.com/photos/590950adebe912338a3724cf/master/w_1600,c_limit/2002_03_18.jpg",https://www.newyorker.com/magazine/2002/03/18,covers/2002/2002-03-18.jpg,529427,ok
2002-03-25,2002,"The New Yorker March 25, 2002",,"https://media.newyorker.com/photos/590950ae2179605b11ad2c96/master/w_1600,c_limit/2002_03_25.jpg",https://www.newyorker.com/magazine/2002/03/25,covers/2002/2002-03-25.jpg,600999,ok
2002-04-01,2002,"The New Yorker April 1, 2002",,"https://media.newyorker.com/photos/590950af6552fa0be682b995/master/w_1600,c_limit/2002_04_01.jpg",https://www.newyorker.com/magazine/2002/04/01,covers/2002/2002-04-01.jpg,458084,ok
2002-04-08,2002,"The New Yorker April 8, 2002",,"https://media.newyorker.com/photos/590950afebe912338a3724da/master/w_1600,c_limit/2002_04_08.jpg",https://www.newyorker.com/magazine/2002/04/08,covers/2002/2002-04-08.jpg,288533,ok
2002-04-15,2002,"The New Yorker April 15, 2002",,"https://media.newyorker.com/photos/590950b01c7a8e33fb389fe2/master/w_1600,c_limit/2002_04_15.jpg",https://www.newyorker.com/magazine/2002/04/15,covers/2002/2002-04-15.jpg,496637,ok
2002-04-22,2002,"The New Yorker April 22 & 29, 2002",,"https://media.newyorker.com/photos/590950b1019dfc3494e9d695/master/w_1600,c_limit/2002_04_22.jpg",https://www.newyorker.com/magazine/2002/04/22,covers/2002/2002-04-22.jpg,1000050,ok
2002-05-06,2002,"The New Yorker May 6, 2002",,"https://media.newyorker.com/photos/590950b2019dfc3494e9d698/master/w_1600,c_limit/2002_05_06.jpg",https://www.newyorker.com/magazine/2002/05/06,covers/2002/2002-05-06.jpg,286229,ok
2002-05-13,2002,"The New Yorker May 13, 2002",,"https://media.newyorker.com/photos/590950b2ebe912338a3724e8/master/w_1600,c_limit/2002_05_13.jpg",https://www.newyorker.com/magazine/2002/05/13,covers/2002/2002-05-13.jpg,376190,ok
2002-05-20,2002,"The New Yorker May 20, 2002",,"https://media.newyorker.com/photos/590950a11c7a8e33fb389fa4/master/w_1600,c_limit/2002_05_20.jpg",https://www.newyorker.com/magazine/2002/05/20,covers/2002/2002-05-20.jpg,363208,ok
2002-05-27,2002,"The New Yorker May 27, 2002",,"https://media.newyorker.com/photos/590950a2ebe912338a3724a0/master/w_1600,c_limit/2002_05_27.jpg",https://www.newyorker.com/magazine/2002/05/27,covers/2002/2002-05-27.jpg,158027,ok
2002-06-03,2002,"The New Yorker June 3, 2002",,"https://media.newyorker.com/photos/590950a31c7a8e33fb389faa/master/w_1600,c_limit/2002_06_03.jpg",https://www.newyorker.com/magazine/2002/06/03,covers/2002/2002-06-03.jpg,469522,ok
2002-06-10,2002,"The New Yorker June 10, 2002",,"https://media.newyorker.com/photos/590950a4019dfc3494e9d661/master/w_1600,c_limit/2002_06_10.jpg",https://www.newyorker.com/magazine/2002/06/10,covers/2002/2002-06-10.jpg,365547,ok
2002-06-17,2002,"The New Yorker June 17 & 24, 2002",,"https://media.newyorker.com/photos/590950a4ebe912338a3724ad/master/w_1600,c_limit/2002_06_17.jpg",https://www.newyorker.com/magazine/2002/06/17,covers/2002/2002-06-17.jpg,1045259,ok
2002-07-01,2002,"The New Yorker July 1, 2002",,"https://media.newyorker.com/photos/590950a51c7a8e33fb389fb2/master/w_1600,c_limit/2002_07_01.jpg",https://www.newyorker.com/magazine/2002/07/01,covers/2002/2002-07-01.jpg,460160,ok
2002-07-08,2002,"The New Yorker July 8, 2002",,"https://media.newyorker.com/photos/590950a61c7a8e33fb389fb6/master/w_1600,c_limit/2002_07_08.jpg",https://www.newyorker.com/magazine/2002/07/08,covers/2002/2002-07-08.jpg,423914,ok
2002-07-15,2002,"The New Yorker July 15, 2002",,"https://media.newyorker.com/photos/590950a76552fa0be682b971/master/w_1600,c_limit/2002_07_15.jpg",https://www.newyorker.com/magazine/2002/07/15,covers/2002/2002-07-15.jpg,338312,ok
2002-07-22,2002,"The New Yorker July 22, 2002",,"https://media.newyorker.com/photos/590950a72179605b11ad2c74/master/w_1600,c_limit/2002_07_22.jpg",https://www.newyorker.com/magazine/2002/07/22,covers/2002/2002-07-22.jpg,460612,ok
2002-07-29,2002,"The New Yorker July 29, 2002",,"https://media.newyorker.com/photos/590950a8c14b3c606c1034c2/master/w_1600,c_limit/2002_07_29.jpg",https://www.newyorker.com/magazine/2002/07/29,covers/2002/2002-07-29.jpg,307660,ok
2002-08-05,2002,"The New Yorker August 5, 2002",,"https://media.newyorker.com/photos/590950a96552fa0be682b979/master/w_1600,c_limit/2002_08_05.jpg",https://www.newyorker.com/magazine/2002/08/05,covers/2002/2002-08-05.jpg,592971,ok
2002-08-12,2002,"The New Yorker August 12, 2002",,"https://media.newyorker.com/photos/590950aa019dfc3494e9d67c/master/w_1600,c_limit/2002_08_12.jpg",https://www.newyorker.com/magazine/2002/08/12,covers/2002/2002-08-12.jpg,230304,ok
2002-08-19,2002,"The New Yorker August 19 & 26, 2002",,"https://media.newyorker.com/photos/590950aaebe912338a3724c2/master/w_1600,c_limit/2002_08_19.jpg",https://www.newyorker.com/magazine/2002/08/19,covers/2002/2002-08-19.jpg,656076,ok
2002-09-02,2002,"The New Yorker September 2, 2002",,"https://media.newyorker.com/photos/590950abebe912338a3724c4/master/w_1600,c_limit/2002_09_02.jpg",https://www.newyorker.com/magazine/2002/09/02,covers/2002/2002-09-02.jpg,343629,ok
2002-09-09,2002,"The New Yorker September 9, 2002",,"https://media.newyorker.com/photos/590950ac2179605b11ad2c8e/master/w_1600,c_limit/2002_09_09.jpg",https://www.newyorker.com/magazine/2002/09/09,covers/2002/2002-09-09.jpg,450920,ok
2002-09-16,2002,"The New Yorker September 16, 2002",,"https://media.newyorker.com/photos/590950adebe912338a3724cc/master/w_1600,c_limit/2002_09_16.jpg",https://www.newyorker.com/magazine/2002/09/16,covers/2002/2002-09-16.jpg,320934,ok
2002-09-23,2002,"The New Yorker September 23, 2002",,"https://media.newyorker.com/photos/590950ad6552fa0be682b98f/master/w_1600,c_limit/2002_09_23.jpg",https://www.newyorker.com/magazine/2002/09/23,covers/2002/2002-09-23.jpg,394680,ok
2002-09-30,2002,"The New Yorker September 30, 2002",,"https://media.newyorker.com/photos/590950aeebe912338a3724d2/master/w_1600,c_limit/2002_09_30.jpg",https://www.newyorker.com/magazine/2002/09/30,covers/2002/2002-09-30.jpg,176217,ok
2002-10-07,2002,"The New Yorker October 7, 2002",,"https://media.newyorker.com/photos/590950af1c7a8e33fb389fdd/master/w_1600,c_limit/2002_10_07.jpg",https://www.newyorker.com/magazine/2002/10/07,covers/2002/2002-10-07.jpg,232524,ok
2002-10-14,2002,"The New Yorker October 14 & 21, 2002",,"https://media.newyorker.com/photos/590950b02179605b11ad2ca2/master/w_1600,c_limit/2002_10_14.jpg",https://www.newyorker.com/magazine/2002/10/14,covers/2002/2002-10-14.jpg,614465,ok
2002-10-28,2002,"The New Yorker October 28, 2002",,"https://media.newyorker.com/photos/590950b16552fa0be682b9a1/master/w_1600,c_limit/2002_10_28.jpg",https://www.newyorker.com/magazine/2002/10/28,covers/2002/2002-10-28.jpg,370944,ok
2002-11-04,2002,"The New Yorker November 4, 2002",,"https://media.newyorker.com/photos/590950b16552fa0be682b9a4/master/w_1600,c_limit/2002_11_04.jpg",https://www.newyorker.com/magazine/2002/11/04,covers/2002/2002-11-04.jpg,552898,ok
2002-11-11,2002,"The New Yorker November 11, 2002",,"https://media.newyorker.com/photos/590950b26552fa0be682b9a8/master/w_1600,c_limit/2002_11_11.jpg",https://www.newyorker.com/magazine/2002/11/11,covers/2002/2002-11-11.jpg,334028,ok
2002-11-18,2002,"The New Yorker November 18, 2002",,"https://media.newyorker.com/photos/590950b3019dfc3494e9d69f/master/w_1600,c_limit/2002_11_18.jpg",https://www.newyorker.com/magazine/2002/11/18,covers/2002/2002-11-18.jpg,517630,ok
2002-11-25,2002,"The New Yorker November 25, 2002",,"https://media.newyorker.com/photos/590950b42179605b11ad2cad/master/w_1600,c_limit/2002_11_25.jpg",https://www.newyorker.com/magazine/2002/11/25,covers/2002/2002-11-25.jpg,412610,ok
2002-12-02,2002,"The New Yorker December 2, 2002",,"https://media.newyorker.com/photos/590950a22179605b11ad2c5c/master/w_1600,c_limit/2002_12_02.jpg",https://www.newyorker.com/magazine/2002/12/02,covers/2002/2002-12-02.jpg,411806,ok
2002-12-09,2002,"The New Yorker December 9, 2002",,"https://media.newyorker.com/photos/590950a36552fa0be682b962/master/w_1600,c_limit/2002_12_09.jpg",https://www.newyorker.com/magazine/2002/12/09,covers/2002/2002-12-09.jpg,343821,ok
2002-12-16,2002,"The New Yorker December 16, 2002",,"https://media.newyorker.com/photos/590950a42179605b11ad2c61/master/w_1600,c_limit/2002_12_16.jpg",https://www.newyorker.com/magazine/2002/12/16,covers/2002/2002-12-16.jpg,382196,ok
2002-12-23,2002,"The New Yorker December 23 & 30, 2002",,"https://media.newyorker.com/photos/590950a52179605b11ad2c67/master/w_1600,c_limit/2002_12_23.jpg",https://www.newyorker.com/magazine/2002/12/23,covers/2002/2002-12-23.jpg,690869,ok
2003-01-06,2003,"The New Yorker January 6, 2003",,"https://media.newyorker.com/photos/590950a66552fa0be682b970/master/w_1600,c_limit/2003_01_06.jpg",https://www.newyorker.com/magazine/2003/01/06,covers/2003/2003-01-06.jpg,519181,ok
2003-01-13,2003,"The New Yorker January 13, 2003",,"https://media.newyorker.com/photos/590950a7019dfc3494e9d66d/master/w_1600,c_limit/2003_01_13.jpg",https://www.newyorker.com/magazine/2003/01/13,covers/2003/2003-01-13.jpg,387680,ok
2003-01-20,2003,"The New Yorker January 20, 2003",,"https://media.newyorker.com/photos/590950a8019dfc3494e9d674/master/w_1600,c_limit/2003_01_20.jpg",https://www.newyorker.com/magazine/2003/01/20,covers/2003/2003-01-20.jpg,231750,ok
2003-01-27,2003,"The New Yorker January 27, 2003",,"https://media.newyorker.com/photos/590950a9019dfc3494e9d679/master/w_1600,c_limit/2003_01_27.jpg",https://www.newyorker.com/magazine/2003/01/27,covers/2003/2003-01-27.jpg,482148,ok
2003-02-03,2003,"The New Yorker February 3, 2003",,"https://media.newyorker.com/photos/590950aa2179605b11ad2c81/master/w_1600,c_limit/2003_02_03.jpg",https://www.newyorker.com/magazine/2003/02/03,covers/2003/2003-02-03.jpg,319524,ok
2003-02-10,2003,"The New Yorker February 10, 2003",,"https://media.newyorker.com/photos/590950abc14b3c606c1034c9/master/w_1600,c_limit/2003_02_10.jpg",https://www.newyorker.com/magazine/2003/02/10,covers/2003/2003-02-10.jpg,595934,ok
2003-02-17,2003,"The New Yorker February 17 & 24, 2003",,"https://media.newyorker.com/photos/590950ab2179605b11ad2c89/master/w_1600,c_limit/2003_02_17.jpg",https://www.newyorker.com/magazine/2003/02/17,covers/2003/2003-02-17.jpg,212493,ok
2003-03-03,2003,"The New Yorker March 3, 2003",,"https://media.newyorker.com/photos/590950acebe912338a3724c8/master/w_1600,c_limit/2003_03_03.jpg",https://www.newyorker.com/magazine/2003/03/03,covers/2003/2003-03-03.jpg,572427,ok
2003-03-10,2003,"The New Yorker March 10, 2003",,"https://media.newyorker.com/photos/590950adc14b3c606c1034d5/master/w_1600,c_limit/2003_03_10.jpg",https://www.newyorker.com/magazine/2003/03/10,covers/2003/2003-03-10.jpg,338820,ok
2003-03-17,2003,"The New Yorker March 17, 2003",,"https://media.newyorker.com/photos/590950ae6552fa0be682b991/master/w_1600,c_limit/2003_03_17.jpg",https://www.newyorker.com/magazine/2003/03/17,covers/2003/2003-03-17.jpg,932854,ok
2003-03-24,2003,"The New Yorker March 24, 2003",,"https://media.newyorker.com/photos/590950aeebe912338a3724d4/master/w_1600,c_limit/2003_03_24.jpg",https://www.newyorker.com/magazine/2003/03/24,covers/2003/2003-03-24.jpg,614784,ok
2003-03-31,2003,"The New Yorker March 31, 2003",,"https://media.newyorker.com/photos/590950af6552fa0be682b999/master/w_1600,c_limit/2003_03_31.jpg",https://www.newyorker.com/magazine/2003/03/31,covers/2003/2003-03-31.jpg,454149,ok
2003-04-07,2003,"The New Yorker April 7, 2003",,"https://media.newyorker.com/photos/590950b0ebe912338a3724dc/master/w_1600,c_limit/2003_04_07.jpg",https://www.newyorker.com/magazine/2003/04/07,covers/2003/2003-04-07.jpg,341971,ok
2003-04-14,2003,"The New Yorker April 14, 2003",,"https://media.newyorker.com/photos/590950b1c14b3c606c1034e2/master/w_1600,c_limit/2003_04_14.jpg",https://www.newyorker.com/magazine/2003/04/14,covers/2003/2003-04-14.jpg,612253,ok
2003-04-21,2003,"The New Yorker April 21 & 28, 2003",,"https://media.newyorker.com/photos/590950b11c7a8e33fb389fea/master/w_1600,c_limit/2003_04_21.jpg",https://www.newyorker.com/magazine/2003/04/21,covers/2003/2003-04-21.jpg,644191,ok
2003-05-05,2003,"The New Yorker May 5, 2003",,"https://media.newyorker.com/photos/590950b26552fa0be682b9a9/master/w_1600,c_limit/2003_05_05.jpg",https://www.newyorker.com/magazine/2003/05/05,covers/2003/2003-05-05.jpg,297185,ok
2003-05-12,2003,"The New Yorker May 12, 2003",,"https://media.newyorker.com/photos/590950b31c7a8e33fb389ff0/master/w_1600,c_limit/2003_05_12.jpg",https://www.newyorker.com/magazine/2003/05/12,covers/2003/2003-05-12.jpg,405947,ok
2003-05-19,2003,"The New Yorker May 19, 2003",,"https://media.newyorker.com/photos/590950b46552fa0be682b9ad/master/w_1600,c_limit/2003_05_19.jpg",https://www.newyorker.com/magazine/2003/05/19,covers/2003/2003-05-19.jpg,474070,ok
2003-05-26,2003,"The New Yorker May 26, 2003",,"https://media.newyorker.com/photos/590950b4ebe912338a3724ee/master/w_1600,c_limit/2003_05_26.jpg",https://www.newyorker.com/magazine/2003/05/26,covers/2003/2003-05-26.jpg,439880,ok
2003-06-02,2003,"The New Yorker June 2, 2003",,"https://media.newyorker.com/photos/590950b5c14b3c606c1034f1/master/w_1600,c_limit/2003_06_02.jpg",https://www.newyorker.com/magazine/2003/06/02,covers/2003/2003-06-02.jpg,316955,ok
2003-06-09,2003,"The New Yorker June 9, 2003",,"https://media.newyorker.com/photos/590950b6c14b3c606c1034f4/master/w_1600,c_limit/2003_06_09.jpg",https://www.newyorker.com/magazine/2003/06/09,covers/2003/2003-06-09.jpg,489115,ok
2003-06-16,2003,"The New Yorker June 16 & 23, 2003",,"https://media.newyorker.com/photos/590950a26552fa0be682b95f/master/w_1600,c_limit/2003_06_16.jpg",https://www.newyorker.com/magazine/2003/06/16,covers/2003/2003-06-16.jpg,738843,ok
2003-06-30,2003,"The New Yorker June 30, 2003",,"https://media.newyorker.com/photos/590950a36552fa0be682b963/master/w_1600,c_limit/2003_06_30.jpg",https://www.newyorker.com/magazine/2003/06/30,covers/2003/2003-06-30.jpg,359712,ok
2003-07-07,2003,"The New Yorker July 7, 2003",,"https://media.newyorker.com/photos/590950a4c14b3c606c1034b6/master/w_1600,c_limit/2003_07_07.jpg",https://www.newyorker.com/magazine/2003/07/07,covers/2003/2003-07-07.jpg,320483,ok
2003-07-14,2003,"The New Yorker July 14 & 21, 2003",,"https://media.newyorker.com/photos/590950a41c7a8e33fb389fae/master/w_1600,c_limit/2003_07_14.jpg",https://www.newyorker.com/magazine/2003/07/14,covers/2003/2003-07-14.jpg,290345,ok
2003-07-28,2003,"The New Yorker July 28, 2003",,"https://media.newyorker.com/photos/590950a56552fa0be682b967/master/w_1600,c_limit/2003_07_28.jpg",https://www.newyorker.com/magazine/2003/07/28,covers/2003/2003-07-28.jpg,447750,ok
2003-08-04,2003,"The New Yorker August 4, 2003",,"https://media.newyorker.com/photos/590950a62179605b11ad2c6d/master/w_1600,c_limit/2003_08_04.jpg",https://www.newyorker.com/magazine/2003/08/04,covers/2003/2003-08-04.jpg,426226,ok
2003-08-11,2003,"The New Yorker August 11, 2003",,"https://media.newyorker.com/photos/590950a7ebe912338a3724b2/master/w_1600,c_limit/2003_08_11.jpg",https://www.newyorker.com/magazine/2003/08/11,covers/2003/2003-08-11.jpg,399992,ok
2003-08-18,2003,"The New Yorker August 18 & 25, 2003",,"https://media.newyorker.com/photos/590950a76552fa0be682b973/master/w_1600,c_limit/2003_08_18.jpg",https://www.newyorker.com/magazine/2003/08/18,covers/2003/2003-08-18.jpg,302657,ok
2003-09-01,2003,"The New Yorker September 1, 2003",,"https://media.newyorker.com/photos/590950a86552fa0be682b977/master/w_1600,c_limit/2003_09_01.jpg",https://www.newyorker.com/magazine/2003/09/01,covers/2003/2003-09-01.jpg,458797,ok
2003-09-08,2003,"The New Yorker September 8, 2003",,"https://media.newyorker.com/photos/590950a96552fa0be682b97b/master/w_1600,c_limit/2003_09_08.jpg",https://www.newyorker.com/magazine/2003/09/08,covers/2003/2003-09-08.jpg,200235,ok
2003-09-15,2003,"The New Yorker September 15, 2003",,"https://media.newyorker.com/photos/590950aaebe912338a3724c0/master/w_1600,c_limit/2003_09_15.jpg",https://www.newyorker.com/magazine/2003/09/15,covers/2003/2003-09-15.jpg,1151143,ok
2003-09-22,2003,"The New Yorker September 22, 2003",,"https://media.newyorker.com/photos/590950ab6552fa0be682b983/master/w_1600,c_limit/2003_09_22.jpg",https://www.newyorker.com/magazine/2003/09/22,covers/2003/2003-09-22.jpg,305282,ok
2003-09-29,2003,"The New Yorker September 29, 2003",,"https://media.newyorker.com/photos/590950abc14b3c606c1034cc/master/w_1600,c_limit/2003_09_29.jpg",https://www.newyorker.com/magazine/2003/09/29,covers/2003/2003-09-29.jpg,340246,ok
2003-10-06,2003,"The New Yorker October 6, 2003",,"https://media.newyorker.com/photos/590950ac2179605b11ad2c90/master/w_1600,c_limit/2003_10_06.jpg",https://www.newyorker.com/magazine/2003/10/06,covers/2003/2003-10-06.jpg,311174,ok
2003-10-13,2003,"The New Yorker October 13, 2003",,"https://media.newyorker.com/photos/590950ad6552fa0be682b98d/master/w_1600,c_limit/2003_10_13.jpg",https://www.newyorker.com/magazine/2003/10/13,covers/2003/2003-10-13.jpg,424446,ok
2003-10-20,2003,"The New Yorker October 20, 2003",,"https://media.newyorker.com/photos/590950ae019dfc3494e9d68b/master/w_1600,c_limit/2003_10_20.jpg",https://www.newyorker.com/magazine/2003/10/20,covers/2003/2003-10-20.jpg,913514,ok
2003-10-27,2003,"The New Yorker October 27, 2003",,"https://media.newyorker.com/photos/590950af6552fa0be682b997/master/w_1600,c_limit/2003_10_27.jpg",https://www.newyorker.com/magazine/2003/10/27,covers/2003/2003-10-27.jpg,201319,ok
2003-11-03,2003,"The New Yorker November 3, 2003",,"https://media.newyorker.com/photos/590950b0019dfc3494e9d690/master/w_1600,c_limit/2003_11_03.jpg",https://www.newyorker.com/magazine/2003/11/03,covers/2003/2003-11-03.jpg,441972,ok
2003-11-10,2003,"The New Yorker November 10, 2003",,"https://media.newyorker.com/photos/590950b06552fa0be682b99d/master/w_1600,c_limit/2003_11_10.jpg",https://www.newyorker.com/magazine/2003/11/10,covers/2003/2003-11-10.jpg,377623,ok
2003-11-17,2003,"The New Yorker November 17, 2003",,"https://media.newyorker.com/photos/590950b1ebe912338a3724e4/master/w_1600,c_limit/2003_11_17.jpg",https://www.newyorker.com/magazine/2003/11/17,covers/2003/2003-11-17.jpg,919481,ok
2003-11-24,2003,"The New Yorker November 24, 2003",,"https://media.newyorker.com/photos/590950b21c7a8e33fb389fec/master/w_1600,c_limit/2003_11_24.jpg",https://www.newyorker.com/magazine/2003/11/24,covers/2003/2003-11-24.jpg,482289,ok
2003-12-01,2003,"The New Yorker December 1, 2003",,"https://media.newyorker.com/photos/590950b36552fa0be682b9ab/master/w_1600,c_limit/2003_12_01.jpg",https://www.newyorker.com/magazine/2003/12/01,covers/2003/2003-12-01.jpg,569118,ok
2003-12-08,2003,"The New Yorker December 8, 2003",,"https://media.newyorker.com/photos/590950b42179605b11ad2cae/master/w_1600,c_limit/2003_12_08.jpg",https://www.newyorker.com/magazine/2003/12/08,covers/2003/2003-12-08.jpg,362689,ok
2003-12-15,2003,"The New Yorker December 15, 2003",,"https://media.newyorker.com/photos/590950b4c14b3c606c1034ee/master/w_1600,c_limit/2003_12_15.jpg",https://www.newyorker.com/magazine/2003/12/15,covers/2003/2003-12-15.jpg,265205,ok
2003-12-22,2003,"The New Yorker December 22 & 29, 2003",,"https://media.newyorker.com/photos/590950b51c7a8e33fb389ff3/master/w_1600,c_limit/2003_12_22.jpg",https://www.newyorker.com/magazine/2003/12/22,covers/2003/2003-12-22.jpg,322263,ok
2004-01-05,2004,"The New Yorker January 5, 2004",,"https://media.newyorker.com/photos/590950a3019dfc3494e9d65b/master/w_1600,c_limit/2004_01_05.jpg",https://www.newyorker.com/magazine/2004/01/05,covers/2004/2004-01-05.jpg,339555,ok
2004-01-12,2004,"The New Yorker January 12, 2004",,"https://media.newyorker.com/photos/590950a3ebe912338a3724a5/master/w_1600,c_limit/2004_01_12.jpg",https://www.newyorker.com/magazine/2004/01/12,covers/2004/2004-01-12.jpg,389951,ok
2004-01-19,2004,"The New Yorker January 19, 2004",,"https://media.newyorker.com/photos/590950a42179605b11ad2c62/master/w_1600,c_limit/2004_01_19.jpg",https://www.newyorker.com/magazine/2004/01/19,covers/2004/2004-01-19.jpg,386392,ok
2004-01-26,2004,"The New Yorker January 26, 2004",,"https://media.newyorker.com/photos/590950a5019dfc3494e9d664/master/w_1600,c_limit/2004_01_26.jpg",https://www.newyorker.com/magazine/2004/01/26,covers/2004/2004-01-26.jpg,572381,ok
2004-02-02,2004,"The New Yorker February 2, 2004",,"https://media.newyorker.com/photos/590950a61c7a8e33fb389fb4/master/w_1600,c_limit/2004_02_02.jpg",https://www.newyorker.com/magazine/2004/02/02,covers/2004/2004-02-02.jpg,503331,ok
2004-02-09,2004,"The New Yorker February 9, 2004",,"https://media.newyorker.com/photos/590950a6ebe912338a3724b1/master/w_1600,c_limit/2004_02_09.jpg",https://www.newyorker.com/magazine/2004/02/09,covers/2004/2004-02-09.jpg,532625,ok
2004-02-16,2004,"The New Yorker February 16 & 23, 2004",,"https://media.newyorker.com/photos/590950a7ebe912338a3724b6/master/w_1600,c_limit/2004_02_16.jpg",https://www.newyorker.com/magazine/2004/02/16,covers/2004/2004-02-16.jpg,235529,ok
2004-03-01,2004,"The New Yorker March 1, 2004",,"https://media.newyorker.com/photos/590950a82179605b11ad2c76/master/w_1600,c_limit/2004_03_01.jpg",https://www.newyorker.com/magazine/2004/03/01,covers/2004/2004-03-01.jpg,299479,ok
2004-03-08,2004,"The New Yorker March 8, 2004",,"https://media.newyorker.com/photos/590950a91c7a8e33fb389fc4/master/w_1600,c_limit/2004_03_08.jpg",https://www.newyorker.com/magazine/2004/03/08,covers/2004/2004-03-08.jpg,322302,ok
2004-03-15,2004,"The New Yorker March 15, 2004",,"https://media.newyorker.com/photos/590950a91c7a8e33fb389fc6/master/w_1600,c_limit/2004_03_15.jpg",https://www.newyorker.com/magazine/2004/03/15,covers/2004/2004-03-15.jpg,361640,ok
2004-03-22,2004,"The New Yorker March 22, 2004",,"https://media.newyorker.com/photos/590950ab1c7a8e33fb389fca/master/w_1600,c_limit/2004_03_22.jpg",https://www.newyorker.com/magazine/2004/03/22,covers/2004/2004-03-22.jpg,392566,ok
2004-03-29,2004,"The New Yorker March 29, 2004",,"https://media.newyorker.com/photos/590950ab6552fa0be682b987/master/w_1600,c_limit/2004_03_29.jpg",https://www.newyorker.com/magazine/2004/03/29,covers/2004/2004-03-29.jpg,197952,ok
2004-04-05,2004,"The New Yorker April 5, 2004",,"https://media.newyorker.com/photos/590950acc14b3c606c1034d0/master/w_1600,c_limit/2004_04_05.jpg",https://www.newyorker.com/magazine/2004/04/05,covers/2004/2004-04-05.jpg,475060,ok
2004-04-12,2004,"The New Yorker April 12, 2004",,"https://media.newyorker.com/photos/590950ad6552fa0be682b98c/master/w_1600,c_limit/2004_04_12.jpg",https://www.newyorker.com/magazine/2004/04/12,covers/2004/2004-04-12.jpg,682172,ok
2004-04-19,2004,"The New Yorker April 19 & 26, 2004",,"https://media.newyorker.com/photos/590950ae1c7a8e33fb389fd6/master/w_1600,c_limit/2004_04_19.jpg",https://www.newyorker.com/magazine/2004/04/19,covers/2004/2004-04-19.jpg,365827,ok
2004-05-03,2004,"The New Yorker May 3, 2004",,"https://media.newyorker.com/photos/590950aec14b3c606c1034da/master/w_1600,c_limit/2004_05_03.jpg",https://www.newyorker.com/magazine/2004/05/03,covers/2004/2004-05-03.jpg,551814,ok
2004-05-10,2004,"The New Yorker May 10, 2004",,"https://media.newyorker.com/photos/590950afebe912338a3724d8/master/w_1600,c_limit/2004_05_10.jpg",https://www.newyorker.com/magazine/2004/05/10,covers/2004/2004-05-10.jpg,464514,ok
2004-05-17,2004,"The New Yorker May 17, 2004",,"https://media.newyorker.com/photos/590950b0c14b3c606c1034de/master/w_1600,c_limit/2004_05_17.jpg",https://www.newyorker.com/magazine/2004/05/17,covers/2004/2004-05-17.jpg,427382,ok
2004-05-24,2004,"The New Yorker May 24, 2004",,"https://media.newyorker.com/photos/590950b12179605b11ad2ca4/master/w_1600,c_limit/2004_05_24.jpg",https://www.newyorker.com/magazine/2004/05/24,covers/2004/2004-05-24.jpg,903646,ok
2004-05-31,2004,"The New Yorker May 31, 2004",,"https://media.newyorker.com/photos/590950b1c14b3c606c1034e4/master/w_1600,c_limit/2004_05_31.jpg",https://www.newyorker.com/magazine/2004/05/31,covers/2004/2004-05-31.jpg,419143,ok
2004-06-07,2004,"The New Yorker June 7, 2004",,"https://media.newyorker.com/photos/590950b2c14b3c606c1034e8/master/w_1600,c_limit/2004_06_07.jpg",https://www.newyorker.com/magazine/2004/06/07,covers/2004/2004-06-07.jpg,293080,ok
2004-06-14,2004,"The New Yorker June 14 & 21, 2004",,"https://media.newyorker.com/photos/590950b3c14b3c606c1034ea/master/w_1600,c_limit/2004_06_14.jpg",https://www.newyorker.com/magazine/2004/06/14,covers/2004/2004-06-14.jpg,248674,ok
2004-06-28,2004,"The New Yorker June 28, 2004",,"https://media.newyorker.com/photos/590950b3019dfc3494e9d6a4/master/w_1600,c_limit/2004_06_28.jpg",https://www.newyorker.com/magazine/2004/06/28,covers/2004/2004-06-28.jpg,482580,ok
2004-07-05,2004,"The New Yorker July 5, 2004",,"https://media.newyorker.com/photos/590950b4c14b3c606c1034ed/master/w_1600,c_limit/2004_07_05.jpg",https://www.newyorker.com/magazine/2004/07/05,covers/2004/2004-07-05.jpg,481012,ok
2004-07-12,2004,"The New Yorker July 12 & 19, 2004",,"https://media.newyorker.com/photos/590950b52179605b11ad2cb4/master/w_1600,c_limit/2004_07_12.jpg",https://www.newyorker.com/magazine/2004/07/12,covers/2004/2004-07-12.jpg,209181,ok
2004-07-26,2004,"The New Yorker July 26, 2004",,"https://media.newyorker.com/photos/590950a3ebe912338a3724a6/master/w_1600,c_limit/2004_07_26.jpg",https://www.newyorker.com/magazine/2004/07/26,covers/2004/2004-07-26.jpg,327739,ok
2004-08-02,2004,"The New Yorker August 2, 2004",,"https://media.newyorker.com/photos/590950a4ebe912338a3724aa/master/w_1600,c_limit/2004_08_02.jpg",https://www.newyorker.com/magazine/2004/08/02,covers/2004/2004-08-02.jpg,279636,ok
2004-08-09,2004,"The New Yorker August 9 & 16, 2004",,"https://media.newyorker.com/photos/590950a5c14b3c606c1034ba/master/w_1600,c_limit/2004_08_09.jpg",https://www.newyorker.com/magazine/2004/08/09,covers/2004/2004-08-09.jpg,376535,ok
2004-08-23,2004,"The New Yorker August 23, 2004",,"https://media.newyorker.com/photos/590950a52179605b11ad2c6b/master/w_1600,c_limit/2004_08_23.jpg",https://www.newyorker.com/magazine/2004/08/23,covers/2004/2004-08-23.jpg,534779,ok
2004-08-30,2004,"The New Yorker August 30, 2004",,"https://media.newyorker.com/photos/590950a66552fa0be682b96d/master/w_1600,c_limit/2004_08_30.jpg",https://www.newyorker.com/magazine/2004/08/30,covers/2004/2004-08-30.jpg,431678,ok
2004-09-06,2004,"The New Yorker September 6, 2004",,"https://media.newyorker.com/photos/590950a7019dfc3494e9d66b/master/w_1600,c_limit/2004_09_06.jpg",https://www.newyorker.com/magazine/2004/09/06,covers/2004/2004-09-06.jpg,541005,ok
2004-09-13,2004,"The New Yorker September 13, 2004",,"https://media.newyorker.com/photos/590950a7019dfc3494e9d66f/master/w_1600,c_limit/2004_09_13.jpg",https://www.newyorker.com/magazine/2004/09/13,covers/2004/2004-09-13.jpg,297036,ok
2004-09-20,2004,"The New Yorker September 20, 2004",,"https://media.newyorker.com/photos/590950a8019dfc3494e9d675/master/w_1600,c_limit/2004_09_20.jpg",https://www.newyorker.com/magazine/2004/09/20,covers/2004/2004-09-20.jpg,366007,ok
2004-09-27,2004,"The New Yorker September 27, 2004",,"https://media.newyorker.com/photos/590950a9c14b3c606c1034c4/master/w_1600,c_limit/2004_09_27.jpg",https://www.newyorker.com/magazine/2004/09/27,covers/2004/2004-09-27.jpg,403145,ok
2004-10-04,2004,"The New Yorker October 4, 2004",,"https://media.newyorker.com/photos/590950aa019dfc3494e9d67d/master/w_1600,c_limit/2004_10_04.jpg",https://www.newyorker.com/magazine/2004/10/04,covers/2004/2004-10-04.jpg,298602,ok
2004-10-11,2004,"The New Yorker October 11, 2004",,"https://media.newyorker.com/photos/590950aa019dfc3494e9d67f/master/w_1600,c_limit/2004_10_11.jpg",https://www.newyorker.com/magazine/2004/10/11,covers/2004/2004-10-11.jpg,407591,ok
2004-10-18,2004,"The New Yorker October 18, 2004",,"https://media.newyorker.com/photos/590950ab6552fa0be682b986/master/w_1600,c_limit/2004_10_18.jpg",https://www.newyorker.com/magazine/2004/10/18,covers/2004/2004-10-18.jpg,259995,ok
2004-10-25,2004,"The New Yorker October 25, 2004",,"https://media.newyorker.com/photos/590950ac2179605b11ad2c8d/master/w_1600,c_limit/2004_10_25.jpg",https://www.newyorker.com/magazine/2004/10/25,covers/2004/2004-10-25.jpg,335118,ok
2004-11-01,2004,"The New Yorker November 1, 2004",,"https://media.newyorker.com/photos/590950ac2179605b11ad2c92/master/w_1600,c_limit/2004_11_01.jpg",https://www.newyorker.com/magazine/2004/11/01,covers/2004/2004-11-01.jpg,288117,ok
2004-11-08,2004,"The New Yorker November 8, 2004",,"https://media.newyorker.com/photos/590950adc14b3c606c1034d6/master/w_1600,c_limit/2004_11_08.jpg",https://www.newyorker.com/magazine/2004/11/08,covers/2004/2004-11-08.jpg,370407,ok
2004-11-15,2004,"The New Yorker November 15, 2004",,"https://media.newyorker.com/photos/590950ae019dfc3494e9d68a/master/w_1600,c_limit/2004_11_15.jpg",https://www.newyorker.com/magazine/2004/11/15,covers/2004/2004-11-15.jpg,463678,ok
2004-11-22,2004,"The New Yorker November 22, 2004",,"https://media.newyorker.com/photos/590950ae019dfc3494e9d68d/master/w_1600,c_limit/2004_11_22.jpg",https://www.newyorker.com/magazine/2004/11/22,covers/2004/2004-11-22.jpg,571730,ok
2004-11-29,2004,"The New Yorker November 29, 2004",,"https://media.newyorker.com/photos/590950af1c7a8e33fb389fde/master/w_1600,c_limit/2004_11_29.jpg",https://www.newyorker.com/magazine/2004/11/29,covers/2004/2004-11-29.jpg,574974,ok
2004-12-06,2004,"The New Yorker December 6, 2004",,"https://media.newyorker.com/photos/590950b02179605b11ad2ca1/master/w_1600,c_limit/2004_12_06.jpg",https://www.newyorker.com/magazine/2004/12/06,covers/2004/2004-12-06.jpg,472211,ok
2004-12-13,2004,"The New Yorker December 13, 2004",,"https://media.newyorker.com/photos/590950b01c7a8e33fb389fe4/master/w_1600,c_limit/2004_12_13.jpg",https://www.newyorker.com/magazine/2004/12/13,covers/2004/2004-12-13.jpg,394038,ok
2004-12-20,2004,"The New Yorker December 20 & 27, 2004",,"https://media.newyorker.com/photos/590950b11c7a8e33fb389fe6/master/w_1600,c_limit/2004_12_20.jpg",https://www.newyorker.com/magazine/2004/12/20,covers/2004/2004-12-20.jpg,394075,ok
2005-01-03,2005,"The New Yorker January 3, 2005",,"https://media.newyorker.com/photos/590950b2019dfc3494e9d699/master/w_1600,c_limit/2005_01_03.jpg",https://www.newyorker.com/magazine/2005/01/03,covers/2005/2005-01-03.jpg,386045,ok
2005-01-10,2005,"The New Yorker January 10, 2005",,"https://media.newyorker.com/photos/590950b2019dfc3494e9d69d/master/w_1600,c_limit/2005_01_10.jpg",https://www.newyorker.com/magazine/2005/01/10,covers/2005/2005-01-10.jpg,590508,ok
2005-01-17,2005,"The New Yorker January 17, 2005",,"https://media.newyorker.com/photos/590950b3ebe912338a3724ea/master/w_1600,c_limit/2005_01_17.jpg",https://www.newyorker.com/magazine/2005/01/17,covers/2005/2005-01-17.jpg,419423,ok
2005-01-24,2005,"The New Yorker January 24 & 31, 2005",,"https://media.newyorker.com/photos/590950b4ebe912338a3724ec/master/w_1600,c_limit/2005_01_24.jpg",https://www.newyorker.com/magazine/2005/01/24,covers/2005/2005-01-24.jpg,495673,ok
2005-02-07,2005,"The New Yorker February 7, 2005",,"https://media.newyorker.com/photos/590950a42179605b11ad2c64/master/w_1600,c_limit/2005_02_07.jpg",https://www.newyorker.com/magazine/2005/02/07,covers/2005/2005-02-07.jpg,375204,ok
2005-02-14,2005,"The New Yorker February 14 & 21, 2005",,"https://media.newyorker.com/photos/590950a52179605b11ad2c68/master/w_1600,c_limit/2005_02_14.jpg",https://www.newyorker.com/magazine/2005/02/14,covers/2005/2005-02-14.jpg,252518,ok
2005-02-28,2005,"The New Yorker February 28, 2005",,"https://media.newyorker.com/photos/590950a62179605b11ad2c6f/master/w_1600,c_limit/2005_02_28.jpg",https://www.newyorker.com/magazine/2005/02/28,covers/2005/2005-02-28.jpg,215024,ok
2005-03-07,2005,"The New Yorker March 7, 2005",,"https://media.newyorker.com/photos/590950a71c7a8e33fb389fb9/master/w_1600,c_limit/2005_03_07.jpg",https://www.newyorker.com/magazine/2005/03/07,covers/2005/2005-03-07.jpg,709004,ok
2005-03-14,2005,"The New Yorker March 14, 2005",,"https://media.newyorker.com/photos/590950a86552fa0be682b975/master/w_1600,c_limit/2005_03_14.jpg",https://www.newyorker.com/magazine/2005/03/14,covers/2005/2005-03-14.jpg,352492,ok
2005-03-21,2005,"The New Yorker March 21, 2005",,"https://media.newyorker.com/photos/590950a91c7a8e33fb389fc3/master/w_1600,c_limit/2005_03_21.jpg",https://www.newyorker.com/magazine/2005/03/21,covers/2005/2005-03-21.jpg,645930,ok
2005-03-28,2005,"The New Yorker March 28, 2005",,"https://media.newyorker.com/photos/590950a9ebe912338a3724be/master/w_1600,c_limit/2005_03_28.jpg",https://www.newyorker.com/magazine/2005/03/28,covers/2005/2005-03-28.jpg,796368,ok
2005-04-04,2005,"The New Yorker April 4, 2005",,"https://media.newyorker.com/photos/590950aa2179605b11ad2c82/master/w_1600,c_limit/2005_04_04.jpg",https://www.newyorker.com/magazine/2005/04/04,covers/2005/2005-04-04.jpg,536730,ok
2005-04-11,2005,"The New Yorker April 11, 2005",,"https://media.newyorker.com/photos/590950ab2179605b11ad2c86/master/w_1600,c_limit/2005_04_11.jpg",https://www.newyorker.com/magazine/2005/04/11,covers/2005/2005-04-11.jpg,755350,ok
2005-04-18,2005,"The New Yorker April 18, 2005",,"https://media.newyorker.com/photos/590950acebe912338a3724c6/master/w_1600,c_limit/2005_04_18.jpg",https://www.newyorker.com/magazine/2005/04/18,covers/2005/2005-04-18.jpg,452497,ok
2005-04-25,2005,"The New Yorker April 25, 2005",,"https://media.newyorker.com/photos/590950acebe912338a3724cb/master/w_1600,c_limit/2005_04_25.jpg",https://www.newyorker.com/magazine/2005/04/25,covers/2005/2005-04-25.jpg,503382,ok
2005-05-02,2005,"The New Yorker May 2, 2005",,"https://media.newyorker.com/photos/590950ad019dfc3494e9d687/master/w_1600,c_limit/2005_05_02.jpg",https://www.newyorker.com/magazine/2005/05/02,covers/2005/2005-05-02.jpg,291707,ok
2005-05-09,2005,"The New Yorker May 9, 2005",,"https://media.newyorker.com/photos/590950ae6552fa0be682b993/master/w_1600,c_limit/2005_05_09.jpg",https://www.newyorker.com/magazine/2005/05/09,covers/2005/2005-05-09.jpg,586186,ok
2005-05-16,2005,"The New Yorker May 16, 2005",,"https://media.newyorker.com/photos/590950afebe912338a3724d7/master/w_1600,c_limit/2005_05_16.jpg",https://www.newyorker.com/magazine/2005/05/16,covers/2005/2005-05-16.jpg,772902,ok
2005-05-23,2005,"The New Yorker May 23, 2005",,"https://media.newyorker.com/photos/590950b0019dfc3494e9d691/master/w_1600,c_limit/2005_05_23.jpg",https://www.newyorker.com/magazine/2005/05/23,covers/2005/2005-05-23.jpg,665575,ok
2005-05-30,2005,"The New Yorker May 30, 2005",,"https://media.newyorker.com/photos/590950b1ebe912338a3724e1/master/w_1600,c_limit/2005_05_30.jpg",https://www.newyorker.com/magazine/2005/05/30,covers/2005/2005-05-30.jpg,607340,ok
2005-06-06,2005,"The New Yorker June 6, 2005",,"https://media.newyorker.com/photos/590950b2c14b3c606c1034e6/master/w_1600,c_limit/2005_06_06.jpg",https://www.newyorker.com/magazine/2005/06/06,covers/2005/2005-06-06.jpg,324064,ok
2005-06-13,2005,"The New Yorker June 13 & 20, 2005",,"https://media.newyorker.com/photos/590950b2019dfc3494e9d69c/master/w_1600,c_limit/2005_06_13.jpg",https://www.newyorker.com/magazine/2005/06/13,covers/2005/2005-06-13.jpg,397057,ok
2005-06-27,2005,"The New Yorker June 27, 2005",,"https://media.newyorker.com/photos/590950b32179605b11ad2caa/master/w_1600,c_limit/2005_06_27.jpg",https://www.newyorker.com/magazine/2005/06/27,covers/2005/2005-06-27.jpg,663528,ok
2005-07-04,2005,"The New Yorker July 4, 2005",,"https://media.newyorker.com/photos/590950b42179605b11ad2cb0/master/w_1600,c_limit/2005_07_04.jpg",https://www.newyorker.com/magazine/2005/07/04,covers/2005/2005-07-04.jpg,718935,ok
2005-07-11,2005,"The New Yorker July 11 & 18, 2005",,"https://media.newyorker.com/photos/590950b56552fa0be682b9b1/master/w_1600,c_limit/2005_07_11.jpg",https://www.newyorker.com/magazine/2005/07/11,covers/2005/2005-07-11.jpg,711861,ok
2005-07-25,2005,"The New Yorker July 25, 2005",,"https://media.newyorker.com/photos/590950b52179605b11ad2cb8/master/w_1600,c_limit/2005_07_25.jpg",https://www.newyorker.com/magazine/2005/07/25,covers/2005/2005-07-25.jpg,420754,ok
2005-08-01,2005,"The New Yorker August 1, 2005",,"https://media.newyorker.com/photos/590950b62179605b11ad2cbb/master/w_1600,c_limit/2005_08_01.jpg",https://www.newyorker.com/magazine/2005/08/01,covers/2005/2005-08-01.jpg,797932,ok
2005-08-08,2005,"The New Yorker August 8 & 15, 2005",,"https://media.newyorker.com/photos/590950b71c7a8e33fb389ff8/master/w_1600,c_limit/2005_08_08.jpg",https://www.newyorker.com/magazine/2005/08/08,covers/2005/2005-08-08.jpg,567074,ok
2005-08-22,2005,"The New Yorker August 22, 2005",,"https://media.newyorker.com/photos/590950b8ebe912338a3724f8/master/w_1600,c_limit/2005_08_22.jpg",https://www.newyorker.com/magazine/2005/08/22,covers/2005/2005-08-22.jpg,359829,ok
2005-08-29,2005,"The New Yorker August 29, 2005",,"https://media.newyorker.com/photos/590950a56552fa0be682b965/master/w_1600,c_limit/2005_08_29.jpg",https://www.newyorker.com/magazine/2005/08/29,covers/2005/2005-08-29.jpg,637365,ok
2005-09-05,2005,"The New Yorker September 5, 2005",,"https://media.newyorker.com/photos/590950a66552fa0be682b96a/master/w_1600,c_limit/2005_09_05.jpg",https://www.newyorker.com/magazine/2005/09/05,covers/2005/2005-09-05.jpg,330733,ok
2005-09-12,2005,"The New Yorker September 12, 2005",,"https://media.newyorker.com/photos/590950a6c14b3c606c1034c0/master/w_1600,c_limit/2005_09_12.jpg",https://www.newyorker.com/magazine/2005/09/12,covers/2005/2005-09-12.jpg,619741,ok
2005-09-19,2005,"The New Yorker September 19, 2005",,"https://media.newyorker.com/photos/590950a72179605b11ad2c73/master/w_1600,c_limit/2005_09_19.jpg",https://www.newyorker.com/magazine/2005/09/19,covers/2005/2005-09-19.jpg,672198,ok
2005-09-26,2005,"The New Yorker September 26, 2005",,"https://media.newyorker.com/photos/590950a81c7a8e33fb389fc0/master/w_1600,c_limit/2005_09_26.jpg",https://www.newyorker.com/magazine/2005/09/26,covers/2005/2005-09-26.jpg,774353,ok
2005-10-03,2005,"The New Yorker October 3, 2005",,"https://media.newyorker.com/photos/590950a9019dfc3494e9d678/master/w_1600,c_limit/2005_10_03.jpg",https://www.newyorker.com/magazine/2005/10/03,covers/2005/2005-10-03.jpg,222362,ok
2005-10-10,2005,"The New Yorker October 10, 2005",,"https://media.newyorker.com/photos/590950aa6552fa0be682b97d/master/w_1600,c_limit/2005_10_10.jpg",https://www.newyorker.com/magazine/2005/10/10,covers/2005/2005-10-10.jpg,607080,ok
2005-10-17,2005,"The New Yorker October 17, 2005",,"https://media.newyorker.com/photos/590950aa1c7a8e33fb389fc9/master/w_1600,c_limit/2005_10_17.jpg",https://www.newyorker.com/magazine/2005/10/17,covers/2005/2005-10-17.jpg,248119,ok
2005-10-24,2005,"The New Yorker October 24, 2005",,"https://media.newyorker.com/photos/590950ab019dfc3494e9d681/master/w_1600,c_limit/2005_10_24.jpg",https://www.newyorker.com/magazine/2005/10/24,covers/2005/2005-10-24.jpg,632372,ok
2005-10-31,2005,"The New Yorker October 31, 2005",,"https://media.newyorker.com/photos/590950acc14b3c606c1034cf/master/w_1600,c_limit/2005_10_31.jpg",https://www.newyorker.com/magazine/2005/10/31,covers/2005/2005-10-31.jpg,539817,ok
2005-11-07,2005,"The New Yorker November 7, 2005",,"https://media.newyorker.com/photos/590950adc14b3c606c1034d4/master/w_1600,c_limit/2005_11_07.jpg",https://www.newyorker.com/magazine/2005/11/07,covers/2005/2005-11-07.jpg,1046915,ok
2005-11-14,2005,"The New Yorker November 14, 2005",,"https://media.newyorker.com/photos/590950adebe912338a3724d0/master/w_1600,c_limit/2005_11_14.jpg",https://www.newyorker.com/magazine/2005/11/14,covers/2005/2005-11-14.jpg,577516,ok
2005-11-21,2005,"The New Yorker November 21, 2005",,"https://media.newyorker.com/photos/590950ae2179605b11ad2c98/master/w_1600,c_limit/2005_11_21.jpg",https://www.newyorker.com/magazine/2005/11/21,covers/2005/2005-11-21.jpg,883327,ok
2005-11-28,2005,"The New Yorker November 28, 2005",,"https://media.newyorker.com/photos/590950af2179605b11ad2c9d/master/w_1600,c_limit/2005_11_28.jpg",https://www.newyorker.com/magazine/2005/11/28,covers/2005/2005-11-28.jpg,431569,ok
2005-12-05,2005,"The New Yorker December 5, 2005",,"https://media.newyorker.com/photos/590950b0c14b3c606c1034e0/master/w_1600,c_limit/2005_12_05.jpg",https://www.newyorker.com/magazine/2005/12/05,covers/2005/2005-12-05.jpg,644875,ok
2005-12-12,2005,"The New Yorker December 12, 2005",,"https://media.newyorker.com/photos/590950b1ebe912338a3724df/master/w_1600,c_limit/2005_12_12.jpg",https://www.newyorker.com/magazine/2005/12/12,covers/2005/2005-12-12.jpg,373827,ok
2005-12-19,2005,"The New Yorker December 19, 2005",,"https://media.newyorker.com/photos/590950b1ebe912338a3724e3/master/w_1600,c_limit/2005_12_19.jpg",https://www.newyorker.com/magazine/2005/12/19,covers/2005/2005-12-19.jpg,599729,ok
2005-12-26,2005,"The New Yorker December 26, 2005 & January 2, 2006",,"https://media.newyorker.com/photos/590950b22179605b11ad2ca7/master/w_1600,c_limit/2005_12_26.jpg",https://www.newyorker.com/magazine/2005/12/26,covers/2005/2005-12-26.jpg,306609,ok
2006-01-09,2006,"The New Yorker January 9, 2006",,"https://media.newyorker.com/photos/590950b31c7a8e33fb389fef/master/w_1600,c_limit/2006_01_09.jpg",https://www.newyorker.com/magazine/2006/01/09,covers/2006/2006-01-09.jpg,181602,ok
2006-01-16,2006,"The New Yorker January 16, 2006",,"https://media.newyorker.com/photos/590950b4019dfc3494e9d6a5/master/w_1600,c_limit/2006_01_16.jpg",https://www.newyorker.com/magazine/2006/01/16,covers/2006/2006-01-16.jpg,430697,ok
2006-01-23,2006,"The New Yorker January 23 & 30, 2006",,"https://media.newyorker.com/photos/590950b46552fa0be682b9af/master/w_1600,c_limit/2006_01_23.jpg",https://www.newyorker.com/magazine/2006/01/23,covers/2006/2006-01-23.jpg,1101464,ok
2006-02-06,2006,"The New Yorker February 6, 2006",,"https://media.newyorker.com/photos/590950b61c7a8e33fb389ff4/master/w_1600,c_limit/2006_02_06.jpg",https://www.newyorker.com/magazine/2006/02/06,covers/2006/2006-02-06.jpg,792207,ok
2006-02-13,2006,"The New Yorker February 13 & 20, 2006",,"https://media.newyorker.com/photos/590950b7c14b3c606c1034f8/master/w_1600,c_limit/2006_02_13.jpg",https://www.newyorker.com/magazine/2006/02/13,covers/2006/2006-02-13.jpg,342225,ok
2006-02-27,2006,"The New Yorker February 27, 2006",,"https://media.newyorker.com/photos/590950b76552fa0be682b9ba/master/w_1600,c_limit/2006_02_27.jpg",https://www.newyorker.com/magazine/2006/02/27,covers/2006/2006-02-27.jpg,603340,ok
2006-03-06,2006,"The New Yorker March 6, 2006",,"https://media.newyorker.com/photos/590950b9c14b3c606c103502/master/w_1600,c_limit/2006_03_06.jpg",https://www.newyorker.com/magazine/2006/03/06,covers/2006/2006-03-06.jpg,1046889,ok
2006-03-13,2006,"The New Yorker March 13, 2006",,"https://media.newyorker.com/photos/590950b4019dfc3494e9d6a7/master/w_1600,c_limit/2006_03_13.jpg",https://www.newyorker.com/magazine/2006/03/13,covers/2006/2006-03-13.jpg,700288,ok
2006-03-20,2006,"The New Yorker March 20, 2006",,"https://media.newyorker.com/photos/590950b5c14b3c606c1034f2/master/w_1600,c_limit/2006_03_20.jpg",https://www.newyorker.com/magazine/2006/03/20,covers/2006/2006-03-20.jpg,728288,ok
2006-03-27,2006,"The New Yorker March 27, 2006",,"https://media.newyorker.com/photos/590950b6ebe912338a3724f0/master/w_1600,c_limit/2006_03_27.jpg",https://www.newyorker.com/magazine/2006/03/27,covers/2006/2006-03-27.jpg,285576,ok
2006-04-03,2006,"The New Yorker April 3, 2006",,"https://media.newyorker.com/photos/590950b62179605b11ad2cbc/master/w_1600,c_limit/2006_04_03.jpg",https://www.newyorker.com/magazine/2006/04/03,covers/2006/2006-04-03.jpg,582512,ok
2006-04-10,2006,"The New Yorker April 10, 2006",,"https://media.newyorker.com/photos/590950b7ebe912338a3724f5/master/w_1600,c_limit/2006_04_10.jpg",https://www.newyorker.com/magazine/2006/04/10,covers/2006/2006-04-10.jpg,670663,ok
2006-04-17,2006,"The New Yorker April 17, 2006",,"https://media.newyorker.com/photos/590950b86552fa0be682b9bf/master/w_1600,c_limit/2006_04_17.jpg",https://www.newyorker.com/magazine/2006/04/17,covers/2006/2006-04-17.jpg,757595,ok
2006-04-24,2006,"The New Yorker April 24, 2006",,"https://media.newyorker.com/photos/590950c0c14b3c606c10351f/master/w_1600,c_limit/2006_04_24.jpg",https://www.newyorker.com/magazine/2006/04/24,covers/2006/2006-04-24.jpg,712008,ok
2006-05-01,2006,"The New Yorker May 1, 2006",,"https://media.newyorker.com/photos/590950c1019dfc3494e9d6d7/master/w_1600,c_limit/2006_05_01.jpg",https://www.newyorker.com/magazine/2006/05/01,covers/2006/2006-05-01.jpg,780083,ok
2006-05-08,2006,"The New Yorker May 8, 2006",,"https://media.newyorker.com/photos/590950c2019dfc3494e9d6dd/master/w_1600,c_limit/2006_05_08.jpg",https://www.newyorker.com/magazine/2006/05/08,covers/2006/2006-05-08.jpg,500206,ok
2006-05-15,2006,"The New Yorker May 15, 2006",,"https://media.newyorker.com/photos/590950c31c7a8e33fb38a030/master/w_1600,c_limit/2006_05_15.jpg",https://www.newyorker.com/magazine/2006/05/15,covers/2006/2006-05-15.jpg,901204,ok
2006-05-22,2006,"The New Yorker May 22, 2006",,"https://media.newyorker.com/photos/590950c46552fa0be682b9de/master/w_1600,c_limit/2006_05_22.jpg",https://www.newyorker.com/magazine/2006/05/22,covers/2006/2006-05-22.jpg,748276,ok
2006-05-29,2006,"The New Yorker May 29, 2006",,"https://media.newyorker.com/photos/590950c52179605b11ad2cf2/master/w_1600,c_limit/2006_05_29.jpg",https://www.newyorker.com/magazine/2006/05/29,covers/2006/2006-05-29.jpg,456846,ok
2006-06-05,2006,"The New Yorker June 5, 2006",,"https://media.newyorker.com/photos/590950c5ebe912338a372522/master/w_1600,c_limit/2006_06_05.jpg",https://www.newyorker.com/magazine/2006/06/05,covers/2006/2006-06-05.jpg,725608,ok
2006-06-12,2006,"The New Yorker June 12, 2006",,"https://media.newyorker.com/photos/590950c6c14b3c606c10353d/master/w_1600,c_limit/2006_06_12.jpg",https://www.newyorker.com/magazine/2006/06/12,covers/2006/2006-06-12.jpg,831923,ok
2006-06-19,2006,"The New Yorker June 19, 2006",,"https://media.newyorker.com/photos/590950c76552fa0be682b9eb/master/w_1600,c_limit/2006_06_19.jpg",https://www.newyorker.com/magazine/2006/06/19,covers/2006/2006-06-19.jpg,694353,ok
2006-06-26,2006,"The New Yorker June 26, 2006",,"https://media.newyorker.com/photos/590950c82179605b11ad2d00/master/w_1600,c_limit/2006_06_26.jpg",https://www.newyorker.com/magazine/2006/06/26,covers/2006/2006-06-26.jpg,919452,ok
2006-07-03,2006,"The New Yorker July 3, 2006",,"https://media.newyorker.com/photos/590950c9019dfc3494e9d700/master/w_1600,c_limit/2006_07_03.jpg",https://www.newyorker.com/magazine/2006/07/03,covers/2006/2006-07-03.jpg,322927,ok
2006-07-10,2006,"The New Yorker July 10 & 17, 2006",,"https://media.newyorker.com/photos/590950ca019dfc3494e9d703/master/w_1600,c_limit/2006_07_10.jpg",https://www.newyorker.com/magazine/2006/07/10,covers/2006/2006-07-10.jpg,431829,ok
2006-07-24,2006,"The New Yorker July 24, 2006",,"https://media.newyorker.com/photos/590950cb2179605b11ad2d08/master/w_1600,c_limit/2006_07_24.jpg",https://www.newyorker.com/magazine/2006/07/24,covers/2006/2006-07-24.jpg,560483,ok
2006-07-31,2006,"The New Yorker July 31, 2006",,"https://media.newyorker.com/photos/590950ccebe912338a37253f/master/w_1600,c_limit/2006_07_31.jpg",https://www.newyorker.com/magazine/2006/07/31,covers/2006/2006-07-31.jpg,594827,ok
2006-08-07,2006,"The New Yorker August 7 & 14, 2006",,"https://media.newyorker.com/photos/590950cd2179605b11ad2d10/master/w_1600,c_limit/2006_08_07.jpg",https://www.newyorker.com/magazine/2006/08/07,covers/2006/2006-08-07.jpg,683623,ok
2006-08-21,2006,"The New Yorker August 21, 2006",,"https://media.newyorker.com/photos/590950ce019dfc3494e9d715/master/w_1600,c_limit/2006_08_21.jpg",https://www.newyorker.com/magazine/2006/08/21,covers/2006/2006-08-21.jpg,573867,ok
2006-08-28,2006,"The New Yorker August 28, 2006",,"https://media.newyorker.com/photos/590950cfc14b3c606c10355f/master/w_1600,c_limit/2006_08_28.jpg",https://www.newyorker.com/magazine/2006/08/28,covers/2006/2006-08-28.jpg,429617,ok
2006-09-04,2006,"The New Yorker September 4, 2006",,"https://media.newyorker.com/photos/590950d0ebe912338a37254c/master/w_1600,c_limit/2006_09_04.jpg",https://www.newyorker.com/magazine/2006/09/04,covers/2006/2006-09-04.jpg,344649,ok
2006-09-11,2006,"The New Yorker September 11, 2006",,"https://media.newyorker.com/photos/590950d01c7a8e33fb38a06a/master/w_1600,c_limit/2006_09_11.jpg",https://www.newyorker.com/magazine/2006/09/11,covers/2006/2006-09-11.jpg,57059,ok
2006-09-18,2006,"The New Yorker September 18, 2006",,"https://media.newyorker.com/photos/590950b5019dfc3494e9d6a9/master/w_1600,c_limit/2006_09_18.jpg",https://www.newyorker.com/magazine/2006/09/18,covers/2006/2006-09-18.jpg,804803,ok
2006-09-25,2006,"The New Yorker September 25, 2006",,"https://media.newyorker.com/photos/590950b52179605b11ad2cb7/master/w_1600,c_limit/2006_09_25.jpg",https://www.newyorker.com/magazine/2006/09/25,covers/2006/2006-09-25.jpg,691587,ok
2006-10-02,2006,"The New Yorker October 2, 2006",,"https://media.newyorker.com/photos/590950b6019dfc3494e9d6b1/master/w_1600,c_limit/2006_10_02.jpg",https://www.newyorker.com/magazine/2006/10/02,covers/2006/2006-10-02.jpg,946637,ok
2006-10-09,2006,"The New Yorker October 9, 2006",,"https://media.newyorker.com/photos/590950b8ebe912338a3724f6/master/w_1600,c_limit/2006_10_09.jpg",https://www.newyorker.com/magazine/2006/10/09,covers/2006/2006-10-09.jpg,592656,ok
2006-10-16,2006,"The New Yorker October 16, 2006",,"https://media.newyorker.com/photos/590950b8019dfc3494e9d6b7/master/w_1600,c_limit/2006_10_16.jpg",https://www.newyorker.com/magazine/2006/10/16,covers/2006/2006-10-16.jpg,264058,ok
2006-10-23,2006,"The New Yorker October 23, 2006",,"https://media.newyorker.com/photos/590950b9019dfc3494e9d6bd/master/w_1600,c_limit/2006_10_23.jpg",https://www.newyorker.com/magazine/2006/10/23,covers/2006/2006-10-23.jpg,367325,ok
2006-10-30,2006,"The New Yorker October 30, 2006",,"https://media.newyorker.com/photos/590950ba019dfc3494e9d6c1/master/w_1600,c_limit/2006_10_30.jpg",https://www.newyorker.com/magazine/2006/10/30,covers/2006/2006-10-30.jpg,345848,ok
2006-11-06,2006,"The New Yorker November 6, 2006",,"https://media.newyorker.com/photos/590950bb019dfc3494e9d6c3/master/w_1600,c_limit/2006_11_06.jpg",https://www.newyorker.com/magazine/2006/11/06,covers/2006/2006-11-06.jpg,673603,ok
2006-11-13,2006,"The New Yorker November 13, 2006",,"https://media.newyorker.com/photos/590950bc1c7a8e33fb38a010/master/w_1600,c_limit/2006_11_13.jpg",https://www.newyorker.com/magazine/2006/11/13,covers/2006/2006-11-13.jpg,733571,ok
2006-11-20,2006,"The New Yorker November 20, 2006",,"https://media.newyorker.com/photos/590950bdc14b3c606c103512/master/w_1600,c_limit/2006_11_20.jpg",https://www.newyorker.com/magazine/2006/11/20,covers/2006/2006-11-20.jpg,528412,ok
2006-11-27,2006,"The New Yorker November 27, 2006",,"https://media.newyorker.com/photos/590950beebe912338a372506/master/w_1600,c_limit/2006_11_27.jpg",https://www.newyorker.com/magazine/2006/11/27,covers/2006/2006-11-27.jpg,398697,ok
2006-12-04,2006,"The New Yorker December 4, 2006",,"https://media.newyorker.com/photos/590950bfc14b3c606c103516/master/w_1600,c_limit/2006_12_04.jpg",https://www.newyorker.com/magazine/2006/12/04,covers/2006/2006-12-04.jpg,937789,ok
2006-12-11,2006,"The New Yorker December 11, 2006",,"https://media.newyorker.com/photos/590950bf019dfc3494e9d6d2/master/w_1600,c_limit/2006_12_11.jpg",https://www.newyorker.com/magazine/2006/12/11,covers/2006/2006-12-11.jpg,577190,ok
2006-12-18,2006,"The New Yorker December 18, 2006",,"https://media.newyorker.com/photos/590950c0ebe912338a37250c/master/w_1600,c_limit/2006_12_18.jpg",https://www.newyorker.com/magazine/2006/12/18,covers/2006/2006-12-18.jpg,451071,ok
2006-12-25,2006,"The New Yorker December 25, 2006",,"https://media.newyorker.com/photos/590950c1ebe912338a372512/master/w_1600,c_limit/2006_12_25.jpg",https://www.newyorker.com/magazine/2006/12/25,covers/2006/2006-12-25.jpg,557650,ok
2007-01-08,2007,"The New Yorker January 8, 2007",,"https://media.newyorker.com/photos/590950c22179605b11ad2ce4/master/w_1600,c_limit/2007_01_08.jpg",https://www.newyorker.com/magazine/2007/01/08,covers/2007/2007-01-08.jpg,353333,ok
2007-01-15,2007,"The New Yorker January 15, 2007",,"https://media.newyorker.com/photos/590950b6c14b3c606c1034f7/master/w_1600,c_limit/2007_01_15.jpg",https://www.newyorker.com/magazine/2007/01/15,covers/2007/2007-01-15.jpg,748386,ok
2007-01-22,2007,"The New Yorker January 22, 2007",,"https://media.newyorker.com/photos/590950bd1c7a8e33fb38a012/master/w_1600,c_limit/2007_01_22.jpg",https://www.newyorker.com/magazine/2007/01/22,covers/2007/2007-01-22.jpg,647784,ok
2007-01-29,2007,"The New Yorker January 29, 2007",,"https://media.newyorker.com/photos/590950b9019dfc3494e9d6bb/master/w_1600,c_limit/2007_01_29.jpg",https://www.newyorker.com/magazine/2007/01/29,covers/2007/2007-01-29.jpg,632199,ok
2007-02-05,2007,"The New Yorker February 5, 2007",,"https://media.newyorker.com/photos/590950ba6552fa0be682b9c1/master/w_1600,c_limit/2007_02_05.jpg",https://www.newyorker.com/magazine/2007/02/05,covers/2007/2007-02-05.jpg,716686,ok
2007-02-12,2007,"The New Yorker February 12, 2007",,"https://media.newyorker.com/photos/590950bb6552fa0be682b9c3/master/w_1600,c_limit/2007_02_12.jpg",https://www.newyorker.com/magazine/2007/02/12,covers/2007/2007-02-12.jpg,524688,ok
2007-02-19,2007,"The New Yorker February 19 & 26, 2007",,"https://media.newyorker.com/photos/590950bcebe912338a372504/master/w_1600,c_limit/2007_02_19.jpg",https://www.newyorker.com/magazine/2007/02/19,covers/2007/2007-02-19.jpg,335701,ok
2007-03-05,2007,"The New Yorker March 5, 2007",,"https://media.newyorker.com/photos/590950bc2179605b11ad2cce/master/w_1600,c_limit/2007_03_05.jpg",https://www.newyorker.com/magazine/2007/03/05,covers/2007/2007-03-05.jpg,452906,ok
2007-03-12,2007,"The New Yorker March 12, 2007",,"https://media.newyorker.com/photos/590950bd2179605b11ad2cd0/master/w_1600,c_limit/2007_03_12.jpg",https://www.newyorker.com/magazine/2007/03/12,covers/2007/2007-03-12.jpg,538376,ok
2007-03-19,2007,"The New Yorker March 19, 2007",,"https://media.newyorker.com/photos/590950be2179605b11ad2cd4/master/w_1600,c_limit/2007_03_19.jpg",https://www.newyorker.com/magazine/2007/03/19,covers/2007/2007-03-19.jpg,565297,ok
2007-03-26,2007,"The New Yorker March 26, 2007",,"https://media.newyorker.com/photos/590950bfebe912338a372508/master/w_1600,c_limit/2007_03_26.jpg",https://www.newyorker.com/magazine/2007/03/26,covers/2007/2007-03-26.jpg,603682,ok
2007-04-02,2007,"The New Yorker April 2, 2007",,"https://media.newyorker.com/photos/590950bfc14b3c606c10351a/master/w_1600,c_limit/2007_04_02.jpg",https://www.newyorker.com/magazine/2007/04/02,covers/2007/2007-04-02.jpg,210339,ok
2007-04-09,2007,"The New Yorker April 9, 2007",,"https://media.newyorker.com/photos/590950c0c14b3c606c10351e/master/w_1600,c_limit/2007_04_09.jpg",https://www.newyorker.com/magazine/2007/04/09,covers/2007/2007-04-09.jpg,307884,ok
2007-04-16,2007,"The New Yorker April 16, 2007",,"https://media.newyorker.com/photos/590950c11c7a8e33fb38a020/master/w_1600,c_limit/2007_04_16.jpg",https://www.newyorker.com/magazine/2007/04/16,covers/2007/2007-04-16.jpg,693233,ok
2007-04-23,2007,"The New Yorker April 23, 2007",,"https://media.newyorker.com/photos/590950c2ebe912338a372516/master/w_1600,c_limit/2007_04_23.jpg",https://www.newyorker.com/magazine/2007/04/23,covers/2007/2007-04-23.jpg,914952,ok
2007-04-30,2007,"The New Yorker April 30, 2007",,"https://media.newyorker.com/photos/590950c3c14b3c606c103529/master/w_1600,c_limit/2007_04_30.jpg",https://www.newyorker.com/magazine/2007/04/30,covers/2007/2007-04-30.jpg,1219959,ok
2007-05-07,2007,"The New Yorker May 7, 2007",,"https://media.newyorker.com/photos/590950c4019dfc3494e9d6e3/master/w_1600,c_limit/2007_05_07.jpg",https://www.newyorker.com/magazine/2007/05/07,covers/2007/2007-05-07.jpg,492703,ok
2007-05-14,2007,"The New Yorker May 14, 2007",,"https://media.newyorker.com/photos/590950c42179605b11ad2cf0/master/w_1600,c_limit/2007_05_14.jpg",https://www.newyorker.com/magazine/2007/05/14,covers/2007/2007-05-14.jpg,432173,ok
2007-05-21,2007,"The New Yorker May 21, 2007",,"https://media.newyorker.com/photos/590950c5019dfc3494e9d6eb/master/w_1600,c_limit/2007_05_21.jpg",https://www.newyorker.com/magazine/2007/05/21,covers/2007/2007-05-21.jpg,83800,ok
2007-05-28,2007,"The New Yorker May 28, 2007",,"https://media.newyorker.com/photos/590950c6ebe912338a372524/master/w_1600,c_limit/2007_05_28.jpg",https://www.newyorker.com/magazine/2007/05/28,covers/2007/2007-05-28.jpg,483958,ok
2007-06-04,2007,"The New Yorker June 4, 2007",,"https://media.newyorker.com/photos/590950c6ebe912338a372528/master/w_1600,c_limit/2007_06_04.jpg",https://www.newyorker.com/magazine/2007/06/04,covers/2007/2007-06-04.jpg,51910,ok
2007-06-11,2007,"The New Yorker June 11 & 18, 2007",,"https://media.newyorker.com/photos/590950c7019dfc3494e9d6f5/master/w_1600,c_limit/2007_06_11.jpg",https://www.newyorker.com/magazine/2007/06/11,covers/2007/2007-06-11.jpg,438029,ok
2007-06-25,2007,"The New Yorker June 25, 2007",,"https://media.newyorker.com/photos/590950c8ebe912338a37252d/master/w_1600,c_limit/2007_06_25.jpg",https://www.newyorker.com/magazine/2007/06/25,covers/2007/2007-06-25.jpg,448881,ok
2007-07-02,2007,"The New Yorker July 2, 2007",,"https://media.newyorker.com/photos/590950b6019dfc3494e9d6ad/master/w_1600,c_limit/2007_07_02.jpg",https://www.newyorker.com/magazine/2007/07/02,covers/2007/2007-07-02.jpg,280293,ok
2007-07-09,2007,"The New Yorker July 9 & 16, 2007",,"https://media.newyorker.com/photos/590950b66552fa0be682b9b5/master/w_1600,c_limit/2007_07_09.jpg",https://www.newyorker.com/magazine/2007/07/09,covers/2007/2007-07-09.jpg,596700,ok
2007-07-23,2007,"The New Yorker July 23, 2007",,"https://media.newyorker.com/photos/590950b7019dfc3494e9d6b3/master/w_1600,c_limit/2007_07_23.jpg",https://www.newyorker.com/magazine/2007/07/23,covers/2007/2007-07-23.jpg,526830,ok
2007-07-30,2007,"The New Yorker July 30, 2007",,"https://media.newyorker.com/photos/590950b81c7a8e33fb389ffa/master/w_1600,c_limit/2007_07_30.jpg",https://www.newyorker.com/magazine/2007/07/30,covers/2007/2007-07-30.jpg,522888,ok
2007-08-06,2007,"The New Yorker August 6, 2007",,"https://media.newyorker.com/photos/590950b91c7a8e33fb38a001/master/w_1600,c_limit/2007_08_06.jpg",https://www.newyorker.com/magazine/2007/08/06,covers/2007/2007-08-06.jpg,489011,ok
2007-08-13,2007,"The New Yorker August 13, 2007",,"https://media.newyorker.com/photos/590950ba2179605b11ad2cc5/master/w_1600,c_limit/2007_08_13.jpg",https://www.newyorker.com/magazine/2007/08/13,covers/2007/2007-08-13.jpg,472066,ok
2007-08-20,2007,"The New Yorker August 20, 2007",,"https://media.newyorker.com/photos/590950ba019dfc3494e9d6c0/master/w_1600,c_limit/2007_08_20.jpg",https://www.newyorker.com/magazine/2007/08/20,covers/2007/2007-08-20.jpg,127968,ok
2007-08-27,2007,"The New Yorker August 27, 2007",,"https://media.newyorker.com/photos/590950bb2179605b11ad2cca/master/w_1600,c_limit/2007_08_27.jpg",https://www.newyorker.com/magazine/2007/08/27,covers/2007/2007-08-27.jpg,55846,ok
2007-09-03,2007,"The New Yorker September 3 & 10, 2007",,"https://media.newyorker.com/photos/590950bb6552fa0be682b9c9/master/w_1600,c_limit/2007_09_03.jpg",https://www.newyorker.com/magazine/2007/09/03,covers/2007/2007-09-03.jpg,75965,ok
2007-09-17,2007,"The New Yorker September 17, 2007",,"https://media.newyorker.com/photos/590950bcc14b3c606c10350d/master/w_1600,c_limit/2007_09_17.jpg",https://www.newyorker.com/magazine/2007/09/17,covers/2007/2007-09-17.jpg,80857,ok
2007-09-24,2007,"The New Yorker September 24, 2007",,"https://media.newyorker.com/photos/590950bd6552fa0be682b9cd/master/w_1600,c_limit/2007_09_24.jpg",https://www.newyorker.com/magazine/2007/09/24,covers/2007/2007-09-24.jpg,57157,ok
2007-10-01,2007,"The New Yorker October 1, 2007",,"https://media.newyorker.com/photos/590950be6552fa0be682b9cf/master/w_1600,c_limit/2007_10_01.jpg",https://www.newyorker.com/magazine/2007/10/01,covers/2007/2007-10-01.jpg,39299,ok
2007-10-08,2007,"The New Yorker October 8, 2007",,"https://media.newyorker.com/photos/590950bf1c7a8e33fb38a01a/master/w_1600,c_limit/2007_10_08.jpg",https://www.newyorker.com/magazine/2007/10/08,covers/2007/2007-10-08.jpg,70475,ok
2007-10-15,2007,"The New Yorker October 15, 2007",,"https://media.newyorker.com/photos/590950be1c7a8e33fb38a018/master/w_1600,c_limit/2007_10_15.jpg",https://www.newyorker.com/magazine/2007/10/15,covers/2007/2007-10-15.jpg,78616,ok
2007-10-22,2007,"The New Yorker October 22, 2007",,"https://media.newyorker.com/photos/590950c02179605b11ad2cdd/master/w_1600,c_limit/2007_10_22.jpg",https://www.newyorker.com/magazine/2007/10/22,covers/2007/2007-10-22.jpg,77339,ok
2007-10-29,2007,"The New Yorker October 29, 2007",,"https://media.newyorker.com/photos/590950c11c7a8e33fb38a022/master/w_1600,c_limit/2007_10_29.jpg",https://www.newyorker.com/magazine/2007/10/29,covers/2007/2007-10-29.jpg,66439,ok
2007-11-05,2007,"The New Yorker November 5, 2007",,"https://media.newyorker.com/photos/590950bf2179605b11ad2cd6/master/w_1600,c_limit/2007_11_05.jpg",https://www.newyorker.com/magazine/2007/11/05,covers/2007/2007-11-05.jpg,64444,ok
2007-11-12,2007,"The New Yorker November 12, 2007",,"https://media.newyorker.com/photos/590950c1ebe912338a37250e/master/w_1600,c_limit/2007_11_12.jpg",https://www.newyorker.com/magazine/2007/11/12,covers/2007/2007-11-12.jpg,60595,ok
2007-11-19,2007,"The New Yorker November 19, 2007",,"https://media.newyorker.com/photos/590950c21c7a8e33fb38a026/master/w_1600,c_limit/2007_11_19.jpg",https://www.newyorker.com/magazine/2007/11/19,covers/2007/2007-11-19.jpg,552239,ok
2007-11-26,2007,"The New Yorker November 26, 2007",,"https://media.newyorker.com/photos/590950c31c7a8e33fb38a02a/master/w_1600,c_limit/2007_11_26.jpg",https://www.newyorker.com/magazine/2007/11/26,covers/2007/2007-11-26.jpg,74453,ok
2007-12-03,2007,"The New Yorker December 3, 2007",,"https://media.newyorker.com/photos/590950c31c7a8e33fb38a031/master/w_1600,c_limit/2007_12_03.jpg",https://www.newyorker.com/magazine/2007/12/03,covers/2007/2007-12-03.jpg,55950,ok
2007-12-10,2007,"The New Yorker December 10, 2007",,"https://media.newyorker.com/photos/590950c4019dfc3494e9d6e5/master/w_1600,c_limit/2007_12_10.jpg",https://www.newyorker.com/magazine/2007/12/10,covers/2007/2007-12-10.jpg,92976,ok
2007-12-17,2007,"The New Yorker December 17, 2007",,"https://media.newyorker.com/photos/590950c5c14b3c606c103533/master/w_1600,c_limit/2007_12_17.jpg",https://www.newyorker.com/magazine/2007/12/17,covers/2007/2007-12-17.jpg,53872,ok
2007-12-24,2007,"The New Yorker December 24 & 31, 2007",,"https://media.newyorker.com/photos/590950c52179605b11ad2cf4/master/w_1600,c_limit/2007_12_24.jpg",https://www.newyorker.com/magazine/2007/12/24,covers/2007/2007-12-24.jpg,66608,ok
2008-01-07,2008,"The New Yorker January 7, 2008 Issue",,"https://media.newyorker.com/photos/590950c66552fa0be682b9e5/master/w_1600,c_limit/2008_01_07.jpg",https://www.newyorker.com/magazine/2008/01/07,covers/2008/2008-01-07.jpg,394344,ok
2008-01-14,2008,"The New Yorker January 14, 2008 Issue",,"https://media.newyorker.com/photos/590950b8c14b3c606c1034fc/master/w_1600,c_limit/2008_01_14.jpg",https://www.newyorker.com/magazine/2008/01/14,covers/2008/2008-01-14.jpg,486059,ok
2008-01-21,2008,"The New Yorker January 21, 2008 Issue",,"https://media.newyorker.com/photos/590950b76552fa0be682b9b7/master/w_1600,c_limit/2008_01_21.jpg",https://www.newyorker.com/magazine/2008/01/21,covers/2008/2008-01-21.jpg,552670,ok
2008-01-28,2008,"The New Yorker January 28, 2008 Issue",,"https://media.newyorker.com/photos/590950b9019dfc3494e9d6bc/master/w_1600,c_limit/2008_01_28.jpg",https://www.newyorker.com/magazine/2008/01/28,covers/2008/2008-01-28.jpg,593466,ok
2008-02-04,2008,"The New Yorker February 4, 2008 Issue",,"https://media.newyorker.com/photos/590950b8c14b3c606c1034fe/master/w_1600,c_limit/2008_02_04.jpg",https://www.newyorker.com/magazine/2008/02/04,covers/2008/2008-02-04.jpg,375826,ok
2008-02-11,2008,"The New Yorker February 11 & 18, 2008 Issue",,"https://media.newyorker.com/photos/590950bac14b3c606c103506/master/w_1600,c_limit/2008_02_11.jpg",https://www.newyorker.com/magazine/2008/02/11,covers/2008/2008-02-11.jpg,497713,ok
2008-02-25,2008,"The New Yorker February 25, 2008 Issue",,"https://media.newyorker.com/photos/590950bbc14b3c606c103508/master/w_1600,c_limit/2008_02_25.jpg",https://www.newyorker.com/magazine/2008/02/25,covers/2008/2008-02-25.jpg,266425,ok
2008-03-03,2008,"The New Yorker March 3, 2008 Issue",,"https://media.newyorker.com/photos/590950bb1c7a8e33fb38a008/master/w_1600,c_limit/2008_03_03.jpg",https://www.newyorker.com/magazine/2008/03/03,covers/2008/2008-03-03.jpg,171745,ok
2008-03-10,2008,"The New Yorker March 10, 2008 Issue",,"https://media.newyorker.com/photos/590950bc019dfc3494e9d6c5/master/w_1600,c_limit/2008_03_10.jpg",https://www.newyorker.com/magazine/2008/03/10,covers/2008/2008-03-10.jpg,566722,ok
2008-03-17,2008,"The New Yorker March 17, 2008 Issue",,"https://media.newyorker.com/photos/590950bc019dfc3494e9d6c7/master/w_1600,c_limit/2008_03_17.jpg",https://www.newyorker.com/magazine/2008/03/17,covers/2008/2008-03-17.jpg,470531,ok
2008-03-24,2008,"The New Yorker March 24, 2008 Issue",,"https://media.newyorker.com/photos/590950bd019dfc3494e9d6cb/master/w_1600,c_limit/2008_03_24.jpg",https://www.newyorker.com/magazine/2008/03/24,covers/2008/2008-03-24.jpg,305298,ok
2008-03-31,2008,"The New Yorker March 31, 2008 Issue",,"https://media.newyorker.com/photos/590950be1c7a8e33fb38a016/master/w_1600,c_limit/2008_03_31.jpg",https://www.newyorker.com/magazine/2008/03/31,covers/2008/2008-03-31.jpg,218680,ok
2008-04-07,2008,"The New Yorker April 7, 2008 Issue",,"https://media.newyorker.com/photos/590950bec14b3c606c103514/master/w_1600,c_limit/2008_04_07.jpg",https://www.newyorker.com/magazine/2008/04/07,covers/2008/2008-04-07.jpg,115236,ok
2008-04-14,2008,"The New Yorker April 14, 2008 Issue",,"https://media.newyorker.com/photos/590950bfc14b3c606c103518/master/w_1600,c_limit/2008_04_14.jpg",https://www.newyorker.com/magazine/2008/04/14,covers/2008/2008-04-14.jpg,531906,ok
2008-04-21,2008,"The New Yorker April 21, 2008 Issue",,"https://media.newyorker.com/photos/590950c0c14b3c606c103520/master/w_1600,c_limit/2008_04_21.jpg",https://www.newyorker.com/magazine/2008/04/21,covers/2008/2008-04-21.jpg,1032828,ok
2008-04-28,2008,"The New Yorker April 28, 2008 Issue",,"https://media.newyorker.com/photos/594075c6f0f508523e7e5a69/master/w_1600,c_limit/080428_cover_080428.jpg",https://www.newyorker.com/magazine/2008/04/28,covers/2008/2008-04-28.jpg,255527,ok
2008-05-05,2008,"The New Yorker May 5, 2008 Issue",,"https://media.newyorker.com/photos/594075c55116f613261ab4f8/master/w_1600,c_limit/080505_cover_080505.jpg",https://www.newyorker.com/magazine/2008/05/05,covers/2008/2008-05-05.jpg,448769,ok
2008-05-12,2008,"The New Yorker May 12, 2008 Issue",,"https://media.newyorker.com/photos/590950c1ebe912338a372511/master/w_1600,c_limit/2008_05_12.jpg",https://www.newyorker.com/magazine/2008/05/12,covers/2008/2008-05-12.jpg,657928,ok
2008-05-19,2008,"The New Yorker May 19, 2008 Issue",,"https://media.newyorker.com/photos/590950c2ebe912338a372514/master/w_1600,c_limit/2008_05_19.jpg",https://www.newyorker.com/magazine/2008/05/19,covers/2008/2008-05-19.jpg,490401,ok
2008-05-26,2008,"The New Yorker May 26, 2008 Issue",,"https://media.newyorker.com/photos/590950c2019dfc3494e9d6df/master/w_1600,c_limit/2008_05_26.jpg",https://www.newyorker.com/magazine/2008/05/26,covers/2008/2008-05-26.jpg,433915,ok
2008-06-02,2008,"The New Yorker June 2, 2008 Issue",,"https://media.newyorker.com/photos/59097ae2ebe912338a37852a/master/w_1600,c_limit/06_02_2008.jpg",https://www.newyorker.com/magazine/2008/06/02,covers/2008/2008-06-02.jpg,344623,ok
2008-06-09,2008,"The New Yorker June 9 & 16, 2008 Issue",,"https://media.newyorker.com/photos/590950c32179605b11ad2cec/master/w_1600,c_limit/2008_06_09.jpg",https://www.newyorker.com/magazine/2008/06/09,covers/2008/2008-06-09.jpg,398252,ok
2008-06-23,2008,"The New Yorker June 23, 2008 Issue",,"https://media.newyorker.com/photos/590950c41c7a8e33fb38a034/master/w_1600,c_limit/2008_06_23.jpg",https://www.newyorker.com/magazine/2008/06/23,covers/2008/2008-06-23.jpg,441163,ok
2008-06-30,2008,"The New Yorker June 30, 2008 Issue",,"https://media.newyorker.com/photos/590950c56552fa0be682b9e1/master/w_1600,c_limit/2008_06_30.jpg",https://www.newyorker.com/magazine/2008/06/30,covers/2008/2008-06-30.jpg,525963,ok
2008-07-07,2008,"The New Yorker July 7, 2008 Issue",,"https://media.newyorker.com/photos/590950c5019dfc3494e9d6ef/master/w_1600,c_limit/2008_07_07.jpg",https://www.newyorker.com/magazine/2008/07/07,covers/2008/2008-07-07.jpg,264629,ok
2008-07-21,2008,"The New Yorker July 21, 2008 Issue",,"https://media.newyorker.com/photos/590950c6019dfc3494e9d6f3/master/w_1600,c_limit/2008_07_21.jpg",https://www.newyorker.com/magazine/2008/07/21,covers/2008/2008-07-21.jpg,430646,ok
2008-07-28,2008,"The New Yorker July 28, 2008 Issue",,"https://media.newyorker.com/photos/590979a58b51cf59fc42388b/master/w_1600,c_limit/7_28_08.jpg",https://www.newyorker.com/magazine/2008/07/28,covers/2008/2008-07-28.jpg,787406,ok
2008-08-04,2008,"The New Yorker August 4, 2008 Issue",,"https://media.newyorker.com/photos/590950c71c7a8e33fb38a03d/master/w_1600,c_limit/2008_08_04.jpg",https://www.newyorker.com/magazine/2008/08/04,covers/2008/2008-08-04.jpg,96694,ok
2008-08-11,2008,"The New Yorker August 11, 2008 Issue",,"https://media.newyorker.com/photos/590950c86552fa0be682b9ed/master/w_1600,c_limit/2008_08_11.jpg",https://www.newyorker.com/magazine/2008/08/11,covers/2008/2008-08-11.jpg,444352,ok
2008-08-25,2008,"The New Yorker August 25, 2008 Issue",,"https://media.newyorker.com/photos/590950c8019dfc3494e9d6f9/master/w_1600,c_limit/2008_08_25.jpg",https://www.newyorker.com/magazine/2008/08/25,covers/2008/2008-08-25.jpg,230030,ok
2008-09-01,2008,"The New Yorker September 1, 2008 Issue",,"https://media.newyorker.com/photos/590950b86552fa0be682b9bd/master/w_1600,c_limit/2008_09_01.jpg",https://www.newyorker.com/magazine/2008/09/01,covers/2008/2008-09-01.jpg,824044,ok
2008-09-08,2008,"The New Yorker September 8, 2008 Issue",,"https://media.newyorker.com/photos/590950b7c14b3c606c1034fa/master/w_1600,c_limit/2008_09_08.jpg",https://www.newyorker.com/magazine/2008/09/08,covers/2008/2008-09-08.jpg,72209,ok
2008-09-15,2008,"The New Yorker September 15, 2008 Issue",,"https://media.newyorker.com/photos/590950b71c7a8e33fb389ff6/master/w_1600,c_limit/2008_09_15.jpg",https://www.newyorker.com/magazine/2008/09/15,covers/2008/2008-09-15.jpg,65370,ok
2008-09-22,2008,"The New Yorker September 22, 2008 Issue",,"https://media.newyorker.com/photos/590950b91c7a8e33fb38a002/master/w_1600,c_limit/2008_09_22.jpg",https://www.newyorker.com/magazine/2008/09/22,covers/2008/2008-09-22.jpg,499837,ok
2008-09-29,2008,"The New Yorker September 29, 2008 Issue",,"https://media.newyorker.com/photos/590950b9ebe912338a3724fc/master/w_1600,c_limit/2008_09_29.jpg",https://www.newyorker.com/magazine/2008/09/29,covers/2008/2008-09-29.jpg,325585,ok
2008-10-06,2008,"The New Yorker October 6, 2008 Issue",,"https://media.newyorker.com/photos/590950baebe912338a372500/master/w_1600,c_limit/2008_10_06.jpg",https://www.newyorker.com/magazine/2008/10/06,covers/2008/2008-10-06.jpg,63274,ok
2008-10-13,2008,"The New Yorker October 13, 2008 Issue",,"https://media.newyorker.com/photos/590950bc1c7a8e33fb38a00e/master/w_1600,c_limit/2008_10_13.jpg",https://www.newyorker.com/magazine/2008/10/13,covers/2008/2008-10-13.jpg,205364,ok
2008-10-20,2008,"The New Yorker October 20, 2008 Issue",,"https://media.newyorker.com/photos/590950bcc14b3c606c103510/master/w_1600,c_limit/2008_10_20.jpg",https://www.newyorker.com/magazine/2008/10/20,covers/2008/2008-10-20.jpg,65634,ok
2008-10-27,2008,"The New Yorker October 27, 2008 Issue",,"https://media.newyorker.com/photos/590950bd019dfc3494e9d6c9/master/w_1600,c_limit/2008_10_27.jpg",https://www.newyorker.com/magazine/2008/10/27,covers/2008/2008-10-27.jpg,318210,ok
2008-11-03,2008,"The New Yorker November 3, 2008 Issue",,"https://media.newyorker.com/photos/590950be6552fa0be682b9d1/master/w_1600,c_limit/2008_11_03.jpg",https://www.newyorker.com/magazine/2008/11/03,covers/2008/2008-11-03.jpg,557295,ok
2008-11-10,2008,"The New Yorker November 10, 2008 Issue",,"https://media.newyorker.com/photos/590950be019dfc3494e9d6cd/master/w_1600,c_limit/2008_11_10.jpg",https://www.newyorker.com/magazine/2008/11/10,covers/2008/2008-11-10.jpg,145910,ok
2008-11-17,2008,"The New Yorker November 17, 2008 Issue",,"https://media.newyorker.com/photos/590950bf019dfc3494e9d6cf/master/w_1600,c_limit/2008_11_17.jpg",https://www.newyorker.com/magazine/2008/11/17,covers/2008/2008-11-17.jpg,97559,ok
2008-11-24,2008,"The New Yorker November 24, 2008 Issue",,"https://media.newyorker.com/photos/590950c0ebe912338a37250a/master/w_1600,c_limit/2008_11_24.jpg",https://www.newyorker.com/magazine/2008/11/24,covers/2008/2008-11-24.jpg,470066,ok
2008-12-01,2008,"The New Yorker December 1, 2008 Issue",,"https://media.newyorker.com/photos/590950c16552fa0be682b9d7/master/w_1600,c_limit/2008_12_01.jpg",https://www.newyorker.com/magazine/2008/12/01,covers/2008/2008-12-01.jpg,545295,ok
2008-12-08,2008,"The New Yorker December 8, 2008 Issue",,"https://media.newyorker.com/photos/590950c1c14b3c606c103524/master/w_1600,c_limit/2008_12_08.jpg",https://www.newyorker.com/magazine/2008/12/08,covers/2008/2008-12-08.jpg,445641,ok
2008-12-15,2008,"The New Yorker December 15, 2008 Issue",,"https://media.newyorker.com/photos/590950c4ebe912338a37251f/master/w_1600,c_limit/2008_12_15.jpg",https://www.newyorker.com/magazine/2008/12/15,covers/2008/2008-12-15.jpg,418952,ok
2008-12-22,2008,"The New Yorker December 22, 2008 Issue",,"https://media.newyorker.com/photos/590950c3ebe912338a372518/master/w_1600,c_limit/2008_12_22.jpg",https://www.newyorker.com/magazine/2008/12/22,covers/2008/2008-12-22.jpg,64249,ok
2009-01-05,2009,"The New Yorker January 5, 2009 Issue",,"https://media.newyorker.com/photos/590950c2c14b3c606c103526/master/w_1600,c_limit/2009_01_05.jpg",https://www.newyorker.com/magazine/2009/01/05,covers/2009/2009-01-05.jpg,381056,ok
2009-01-12,2009,"The New Yorker January 12, 2009 Issue",,"https://media.newyorker.com/photos/590950c4c14b3c606c10352e/master/w_1600,c_limit/2009_01_12.jpg",https://www.newyorker.com/magazine/2009/01/12,covers/2009/2009-01-12.jpg,365246,ok
2009-01-19,2009,"The New Yorker January 19, 2009 Issue",,"https://media.newyorker.com/photos/590950c56552fa0be682b9e3/master/w_1600,c_limit/2009_01_19.jpg",https://www.newyorker.com/magazine/2009/01/19,covers/2009/2009-01-19.jpg,180323,ok
2009-01-26,2009,"The New Yorker January 26, 2009 Issue",,"https://media.newyorker.com/photos/590950c52179605b11ad2cf6/master/w_1600,c_limit/2009_01_26.jpg",https://www.newyorker.com/magazine/2009/01/26,covers/2009/2009-01-26.jpg,390313,ok
2009-02-02,2009,"The New Yorker February 2, 2009 Issue",,"https://media.newyorker.com/photos/590950c66552fa0be682b9e7/master/w_1600,c_limit/2009_02_02.jpg",https://www.newyorker.com/magazine/2009/02/02,covers/2009/2009-02-02.jpg,204998,ok
2009-02-09,2009,"The New Yorker February 9, 2009 Issue",,"https://media.newyorker.com/photos/590950c71c7a8e33fb38a03f/master/w_1600,c_limit/2009_02_09.jpg",https://www.newyorker.com/magazine/2009/02/09,covers/2009/2009-02-09.jpg,239441,ok
2009-02-23,2009,"The New Yorker February 23, 2009 Issue",,"https://media.newyorker.com/photos/590950c81c7a8e33fb38a042/master/w_1600,c_limit/2009_02_23.jpg",https://www.newyorker.com/magazine/2009/02/23,covers/2009/2009-02-23.jpg,379410,ok
2009-03-02,2009,"The New Yorker March 2, 2009 Issue",,"https://media.newyorker.com/photos/590950b7019dfc3494e9d6b5/master/w_1600,c_limit/2009_03_02.jpg",https://www.newyorker.com/magazine/2009/03/02,covers/2009/2009-03-02.jpg,376924,ok
2009-03-09,2009,"The New Yorker March 9, 2009 Issue",,"https://media.newyorker.com/photos/590950b82179605b11ad2cc2/master/w_1600,c_limit/2009_03_09.jpg",https://www.newyorker.com/magazine/2009/03/09,covers/2009/2009-03-09.jpg,192455,ok
2009-03-16,2009,"The New Yorker March 16, 2009 Issue",,"https://media.newyorker.com/photos/590950b9c14b3c606c103501/master/w_1600,c_limit/2009_03_16.jpg",https://www.newyorker.com/magazine/2009/03/16,covers/2009/2009-03-16.jpg,183400,ok
2009-03-23,2009,"The New Yorker March 23, 2009 Issue",,"https://media.newyorker.com/photos/590950b91c7a8e33fb38a004/master/w_1600,c_limit/2009_03_23.jpg",https://www.newyorker.com/magazine/2009/03/23,covers/2009/2009-03-23.jpg,360953,ok
2009-03-30,2009,"The New Yorker March 30, 2009 Issue",,"https://media.newyorker.com/photos/590950ba1c7a8e33fb38a007/master/w_1600,c_limit/2009_03_30.jpg",https://www.newyorker.com/magazine/2009/03/30,covers/2009/2009-03-30.jpg,384281,ok
2009-04-06,2009,"The New Yorker April 6, 2009 Issue",,"https://media.newyorker.com/photos/590950bf019dfc3494e9d6d3/master/w_1600,c_limit/2009_04_06.jpg",https://www.newyorker.com/magazine/2009/04/06,covers/2009/2009-04-06.jpg,667787,ok
2009-04-13,2009,"The New Yorker April 13, 2009 Issue",,"https://media.newyorker.com/photos/590950c0019dfc3494e9d6d5/master/w_1600,c_limit/2009_04_13.jpg",https://www.newyorker.com/magazine/2009/04/13,covers/2009/2009-04-13.jpg,494702,ok
2009-04-20,2009,"The New Yorker April 20, 2009 Issue",,"https://media.newyorker.com/photos/590950c1c14b3c606c103522/master/w_1600,c_limit/2009_04_20.jpg",https://www.newyorker.com/magazine/2009/04/20,covers/2009/2009-04-20.jpg,445440,ok
2009-04-27,2009,"The New Yorker April 27, 2009 Issue",,"https://media.newyorker.com/photos/590950c22179605b11ad2ce1/master/w_1600,c_limit/2009_04_27.jpg",https://www.newyorker.com/magazine/2009/04/27,covers/2009/2009-04-27.jpg,185490,ok
2009-05-04,2009,"The New Yorker May 4, 2009 Issue",,"https://media.newyorker.com/photos/590950bb1c7a8e33fb38a00a/master/w_1600,c_limit/2009_05_04.jpg",https://www.newyorker.com/magazine/2009/05/04,covers/2009/2009-05-04.jpg,275868,ok
2009-05-11,2009,"The New Yorker May 11, 2009 Issue",,"https://media.newyorker.com/photos/590950bc1c7a8e33fb38a00d/master/w_1600,c_limit/2009_05_11.jpg",https://www.newyorker.com/magazine/2009/05/11,covers/2009/2009-05-11.jpg,436476,ok
2009-05-18,2009,"The New Yorker May 18, 2009 Issue",,"https://media.newyorker.com/photos/590950c26552fa0be682b9db/master/w_1600,c_limit/2009_05_18.jpg",https://www.newyorker.com/magazine/2009/05/18,covers/2009/2009-05-18.jpg,258037,ok
2009-05-25,2009,"The New Yorker May 25, 2009 Issue",,"https://media.newyorker.com/photos/590950c31c7a8e33fb38a02c/master/w_1600,c_limit/2009_05_25.jpg",https://www.newyorker.com/magazine/2009/05/25,covers/2009/2009-05-25.jpg,435188,ok
2009-06-01,2009,"The New Yorker June 1, 2009 Issue",,"https://media.newyorker.com/photos/590950c4ebe912338a37251a/master/w_1600,c_limit/2009_06_01.jpg",https://www.newyorker.com/magazine/2009/06/01,covers/2009/2009-06-01.jpg,183196,ok
2009-06-08,2009,"The New Yorker June 8, 2009 Issue",,"https://media.newyorker.com/photos/590950c4ebe912338a37251d/master/w_1600,c_limit/2009_06_08.jpg",https://www.newyorker.com/magazine/2009/06/08,covers/2009/2009-06-08.jpg,386765,ok
2009-06-22,2009,"The New Yorker June 22, 2009 Issue",,"https://media.newyorker.com/photos/590950c5019dfc3494e9d6e9/master/w_1600,c_limit/2009_06_22.jpg",https://www.newyorker.com/magazine/2009/06/22,covers/2009/2009-06-22.jpg,291249,ok
2009-06-29,2009,"The New Yorker June 29, 2009 Issue",,"https://media.newyorker.com/photos/590950c62179605b11ad2cf8/master/w_1600,c_limit/2009_06_29.jpg",https://www.newyorker.com/magazine/2009/06/29,covers/2009/2009-06-29.jpg,404935,ok
2009-07-06,2009,"The New Yorker July 6 & 13, 2009 Issue",,"https://media.newyorker.com/photos/590950c6ebe912338a372527/master/w_1600,c_limit/2009_07_06.jpg",https://www.newyorker.com/magazine/2009/07/06,covers/2009/2009-07-06.jpg,484063,ok
2009-07-20,2009,"The New Yorker July 20, 2009 Issue",,"https://media.newyorker.com/photos/590950c71c7a8e33fb38a040/master/w_1600,c_limit/2009_07_20.jpg",https://www.newyorker.com/magazine/2009/07/20,covers/2009/2009-07-20.jpg,337364,ok
2009-07-27,2009,"The New Yorker July 27, 2009 Issue",,"https://media.newyorker.com/photos/590950c8019dfc3494e9d6fb/master/w_1600,c_limit/2009_07_27.jpg",https://www.newyorker.com/magazine/2009/07/27,covers/2009/2009-07-27.jpg,427179,ok
2009-08-03,2009,"The New Yorker August 3, 2009 Issue",,"https://media.newyorker.com/photos/590950c91c7a8e33fb38a048/master/w_1600,c_limit/2009_08_03.jpg",https://www.newyorker.com/magazine/2009/08/03,covers/2009/2009-08-03.jpg,476223,ok
2009-08-10,2009,"The New Yorker August 10 & 17, 2009 Issue",,"https://media.newyorker.com/photos/590950c92179605b11ad2d02/master/w_1600,c_limit/2009_08_10.jpg",https://www.newyorker.com/magazine/2009/08/10,covers/2009/2009-08-10.jpg,294538,ok
2009-08-24,2009,"The New Yorker August 24, 2009 Issue",,"https://media.newyorker.com/photos/590950ca1c7a8e33fb38a04c/master/w_1600,c_limit/2009_08_24.jpg",https://www.newyorker.com/magazine/2009/08/24,covers/2009/2009-08-24.jpg,271361,ok
2009-08-31,2009,"The New Yorker August 31, 2009 Issue",,"https://media.newyorker.com/photos/590950cb2179605b11ad2d07/master/w_1600,c_limit/2009_08_31.jpg",https://www.newyorker.com/magazine/2009/08/31,covers/2009/2009-08-31.jpg,98718,ok
2009-09-07,2009,"The New Yorker September 7, 2009 Issue",,"https://media.newyorker.com/photos/590950cb6552fa0be682b9ff/master/w_1600,c_limit/2009_09_07.jpg",https://www.newyorker.com/magazine/2009/09/07,covers/2009/2009-09-07.jpg,333565,ok
2009-09-14,2009,"The New Yorker September 14, 2009 Issue",,"https://media.newyorker.com/photos/590950bac14b3c606c103505/master/w_1600,c_limit/2009_09_14.jpg",https://www.newyorker.com/magazine/2009/09/14,covers/2009/2009-09-14.jpg,355260,ok
2009-09-21,2009,"The New Yorker September 21, 2009 Issue",,"https://media.newyorker.com/photos/590950ba2179605b11ad2cc8/master/w_1600,c_limit/2009_09_21.jpg",https://www.newyorker.com/magazine/2009/09/21,covers/2009/2009-09-21.jpg,108977,ok
2009-09-28,2009,"The New Yorker September 28, 2009 Issue",,"https://media.newyorker.com/photos/590950bb6552fa0be682b9c7/master/w_1600,c_limit/2009_09_28.jpg",https://www.newyorker.com/magazine/2009/09/28,covers/2009/2009-09-28.jpg,457903,ok
2009-10-05,2009,"The New Yorker October 5, 2009 Issue",,"https://media.newyorker.com/photos/590950bcc14b3c606c10350a/master/w_1600,c_limit/2009_10_05.jpg",https://www.newyorker.com/magazine/2009/10/05,covers/2009/2009-10-05.jpg,432696,ok
2009-10-12,2009,"The New Yorker October 12, 2009 Issue",,"https://media.newyorker.com/photos/590950be1c7a8e33fb38a014/master/w_1600,c_limit/2009_10_12.jpg",https://www.newyorker.com/magazine/2009/10/12,covers/2009/2009-10-12.jpg,539486,ok
2009-10-19,2009,"The New Yorker October 19, 2009 Issue",,"https://media.newyorker.com/photos/590950bd6552fa0be682b9cc/master/w_1600,c_limit/2009_10_19.jpg",https://www.newyorker.com/magazine/2009/10/19,covers/2009/2009-10-19.jpg,325301,ok
2009-11-09,2009,"The New Yorker November 9, 2009 Issue",,"https://media.newyorker.com/photos/590950c21c7a8e33fb38a024/master/w_1600,c_limit/2009_11_09.jpg",https://www.newyorker.com/magazine/2009/11/09,covers/2009/2009-11-09.jpg,672233,ok
2009-11-16,2009,"The New Yorker November 16, 2009 Issue",,"https://media.newyorker.com/photos/590950c2019dfc3494e9d6dc/master/w_1600,c_limit/2009_11_16.jpg",https://www.newyorker.com/magazine/2009/11/16,covers/2009/2009-11-16.jpg,111579,ok
2009-11-23,2009,"The New Yorker November 23, 2009 Issue",,"https://media.newyorker.com/photos/590950c12179605b11ad2cde/master/w_1600,c_limit/2009_11_23.jpg",https://www.newyorker.com/magazine/2009/11/23,covers/2009/2009-11-23.jpg,178588,ok
2009-11-30,2009,"The New Yorker November 30, 2009 Issue",,"https://media.newyorker.com/photos/590950c5c14b3c606c103537/master/w_1600,c_limit/2009_11_30.jpg",https://www.newyorker.com/magazine/2009/11/30,covers/2009/2009-11-30.jpg,456815,ok
2009-12-07,2009,"The New Yorker December 7, 2009 Issue",,"https://media.newyorker.com/photos/590950c4c14b3c606c10352f/master/w_1600,c_limit/2009_12_07.jpg",https://www.newyorker.com/magazine/2009/12/07,covers/2009/2009-12-07.jpg,218759,ok
2009-12-14,2009,"The New Yorker December 14, 2009 Issue",,"https://media.newyorker.com/photos/590950c4ebe912338a372520/master/w_1600,c_limit/2009_12_14.jpg",https://www.newyorker.com/magazine/2009/12/14,covers/2009/2009-12-14.jpg,466201,ok
2009-12-21,2009,"The New Yorker December 21, 2009 Issue",,"https://media.newyorker.com/photos/590950c72179605b11ad2cfc/master/w_1600,c_limit/2009_12_21.jpg",https://www.newyorker.com/magazine/2009/12/21,covers/2009/2009-12-21.jpg,324502,ok
2010-01-04,2010,"The New Yorker January 4, 2010 Issue",,"https://media.newyorker.com/photos/590950c61c7a8e33fb38a03a/master/w_1600,c_limit/2010_01_04.jpg",https://www.newyorker.com/magazine/2010/01/04,covers/2010/2010-01-04.jpg,322065,ok
2010-01-11,2010,"The New Yorker January 11, 2010 Issue",,"https://media.newyorker.com/photos/590950c3019dfc3494e9d6e1/master/w_1600,c_limit/2010_01_11.jpg",https://www.newyorker.com/magazine/2010/01/11,covers/2010/2010-01-11.jpg,181384,ok
2010-01-18,2010,"The New Yorker January 18, 2010 Issue",,"https://media.newyorker.com/photos/590950c7019dfc3494e9d6f7/master/w_1600,c_limit/2010_01_18.jpg",https://www.newyorker.com/magazine/2010/01/18,covers/2010/2010-01-18.jpg,162435,ok
2010-01-25,2010,"The New Yorker January 25, 2010 Issue",,"https://media.newyorker.com/photos/590950c9ebe912338a372530/master/w_1600,c_limit/2010_01_25.jpg",https://www.newyorker.com/magazine/2010/01/25,covers/2010/2010-01-25.jpg,591548,ok
2010-02-01,2010,"The New Yorker February 1, 2010 Issue",,"https://media.newyorker.com/photos/590950c8ebe912338a37252e/master/w_1600,c_limit/2010_02_01.jpg",https://www.newyorker.com/magazine/2010/02/01,covers/2010/2010-02-01.jpg,335469,ok
2010-02-08,2010,"The New Yorker February 8, 2010 Issue",,"https://media.newyorker.com/photos/590950cac14b3c606c103547/master/w_1600,c_limit/2010_02_08.jpg",https://www.newyorker.com/magazine/2010/02/08,covers/2010/2010-02-08.jpg,357283,ok
2010-02-15,2010,"The New Yorker February 15, 2010 Issue",,"https://media.newyorker.com/photos/590950ca2179605b11ad2d04/master/w_1600,c_limit/2010_02_15.jpg",https://www.newyorker.com/magazine/2010/02/15,covers/2010/2010-02-15.jpg,292111,ok
2010-03-01,2010,"The New Yorker March 1, 2010 Issue",,"https://media.newyorker.com/photos/590950cb6552fa0be682b9fd/master/w_1600,c_limit/2010_03_01.jpg",https://www.newyorker.com/magazine/2010/03/01,covers/2010/2010-03-01.jpg,237005,ok
2010-03-08,2010,"The New Yorker March 8, 2010 Issue",,"https://media.newyorker.com/photos/590950ccebe912338a372540/master/w_1600,c_limit/2010_03_08.jpg",https://www.newyorker.com/magazine/2010/03/08,covers/2010/2010-03-08.jpg,333652,ok
2010-03-15,2010,"The New Yorker March 15, 2010 Issue",,"https://media.newyorker.com/photos/590950cdc14b3c606c103554/master/w_1600,c_limit/2010_03_15.jpg",https://www.newyorker.com/magazine/2010/03/15,covers/2010/2010-03-15.jpg,434677,ok
2010-03-22,2010,"The New Yorker March 22, 2010 Issue",,"https://media.newyorker.com/photos/590950c2019dfc3494e9d6d9/master/w_1600,c_limit/2010_03_22.jpg",https://www.newyorker.com/magazine/2010/03/22,covers/2010/2010-03-22.jpg,156952,ok
2010-03-29,2010,"The New Yorker March 29, 2010 Issue",,"https://media.newyorker.com/photos/590950c22179605b11ad2ce6/master/w_1600,c_limit/2010_03_29.jpg",https://www.newyorker.com/magazine/2010/03/29,covers/2010/2010-03-29.jpg,398607,ok
2010-04-05,2010,"The New Yorker April 5, 2010 Issue",,"https://media.newyorker.com/photos/590950c32179605b11ad2cea/master/w_1600,c_limit/2010_04_05.jpg",https://www.newyorker.com/magazine/2010/04/05,covers/2010/2010-04-05.jpg,373908,ok
2010-04-12,2010,"The New Yorker April 12, 2010 Issue",,"https://media.newyorker.com/photos/590950c4c14b3c606c103530/master/w_1600,c_limit/2010_04_12.jpg",https://www.newyorker.com/magazine/2010/04/12,covers/2010/2010-04-12.jpg,614468,ok
2010-04-19,2010,"The New Yorker April 19, 2010 Issue",,"https://media.newyorker.com/photos/590950c41c7a8e33fb38a036/master/w_1600,c_limit/2010_04_19.jpg",https://www.newyorker.com/magazine/2010/04/19,covers/2010/2010-04-19.jpg,540498,ok
2010-04-26,2010,"The New Yorker April 26, 2010 Issue",,"https://media.newyorker.com/photos/590950c5c14b3c606c103538/master/w_1600,c_limit/2010_04_26.jpg",https://www.newyorker.com/magazine/2010/04/26,covers/2010/2010-04-26.jpg,191589,ok
2010-05-03,2010,"The New Yorker May 3, 2010 Issue",,"https://media.newyorker.com/photos/590950c6c14b3c606c10353a/master/w_1600,c_limit/2010_05_03.jpg",https://www.newyorker.com/magazine/2010/05/03,covers/2010/2010-05-03.jpg,287328,ok
2010-05-10,2010,"The New Yorker May 10, 2010 Issue",,"https://media.newyorker.com/photos/590950c6c14b3c606c10353e/master/w_1600,c_limit/2010_05_10.jpg",https://www.newyorker.com/magazine/2010/05/10,covers/2010/2010-05-10.jpg,148932,ok
2010-05-17,2010,"The New Yorker May 17, 2010 Issue",,"https://media.newyorker.com/photos/590950c76552fa0be682b9ea/master/w_1600,c_limit/2010_05_17.jpg",https://www.newyorker.com/magazine/2010/05/17,covers/2010/2010-05-17.jpg,196500,ok
2010-05-24,2010,"The New Yorker May 24, 2010 Issue",,"https://media.newyorker.com/photos/590950c81c7a8e33fb38a044/master/w_1600,c_limit/2010_05_24.jpg",https://www.newyorker.com/magazine/2010/05/24,covers/2010/2010-05-24.jpg,342108,ok
2010-05-31,2010,"The New Yorker May 31, 2010 Issue",,"https://media.newyorker.com/photos/590950c8019dfc3494e9d6fd/master/w_1600,c_limit/2010_05_31.jpg",https://www.newyorker.com/magazine/2010/05/31,covers/2010/2010-05-31.jpg,416755,ok
2010-06-07,2010,"The New Yorker June 7, 2010 Issue",,"https://media.newyorker.com/photos/590950c9019dfc3494e9d701/master/w_1600,c_limit/2010_06_07.jpg",https://www.newyorker.com/magazine/2010/06/07,covers/2010/2010-06-07.jpg,407997,ok
2010-06-14,2010,"The New Yorker June 14 & 21, 2010 Issue",,"https://media.newyorker.com/photos/590950ca6552fa0be682b9f3/master/w_1600,c_limit/2010_06_14.jpg",https://www.newyorker.com/magazine/2010/06/14,covers/2010/2010-06-14.jpg,266249,ok
2010-06-28,2010,"The New Yorker June 28, 2010 Issue",,"https://media.newyorker.com/photos/590950cb019dfc3494e9d709/master/w_1600,c_limit/2010_06_28.jpg",https://www.newyorker.com/magazine/2010/06/28,covers/2010/2010-06-28.jpg,328616,ok
2010-07-05,2010,"The New Yorker July 5, 2010 Issue",,"https://media.newyorker.com/photos/590950cc1c7a8e33fb38a054/master/w_1600,c_limit/2010_07_05.jpg",https://www.newyorker.com/magazine/2010/07/05,covers/2010/2010-07-05.jpg,216804,ok
2010-07-12,2010,"The New Yorker July 12, 2010 Issue",,"https://media.newyorker.com/photos/590950ce6552fa0be682ba0a/master/w_1600,c_limit/2010_07_12.jpg",https://www.newyorker.com/magazine/2010/07/12,covers/2010/2010-07-12.jpg,589606,ok
2010-07-26,2010,"The New Yorker July 26, 2010 Issue",,"https://media.newyorker.com/photos/590950ceebe912338a372548/master/w_1600,c_limit/2010_07_26.jpg",https://www.newyorker.com/magazine/2010/07/26,covers/2010/2010-07-26.jpg,226722,ok
2010-08-02,2010,"The New Yorker August 2, 2010 Issue",,"https://media.newyorker.com/photos/590950cf6552fa0be682ba10/master/w_1600,c_limit/2010_08_02.jpg",https://www.newyorker.com/magazine/2010/08/02,covers/2010/2010-08-02.jpg,472968,ok
2010-08-09,2010,"The New Yorker August 9, 2010 Issue",,"https://media.newyorker.com/photos/590950d12179605b11ad2d20/master/w_1600,c_limit/2010_08_09.jpg",https://www.newyorker.com/magazine/2010/08/09,covers/2010/2010-08-09.jpg,98027,ok
2010-08-16,2010,"The New Yorker August 16, 2010 Issue",,"https://media.newyorker.com/photos/590950d11c7a8e33fb38a06c/master/w_1600,c_limit/2010_08_16.jpg",https://www.newyorker.com/magazine/2010/08/16,covers/2010/2010-08-16.jpg,462851,ok
2010-08-30,2010,"The New Yorker August 30, 2010 Issue",,"https://media.newyorker.com/photos/590950d32179605b11ad2d2c/master/w_1600,c_limit/2010_08_30.jpg",https://www.newyorker.com/magazine/2010/08/30,covers/2010/2010-08-30.jpg,275033,ok
2010-09-06,2010,"The New Yorker September 6, 2010 Issue",,"https://media.newyorker.com/photos/590950c7ebe912338a37252a/master/w_1600,c_limit/2010_09_06.jpg",https://www.newyorker.com/magazine/2010/09/06,covers/2010/2010-09-06.jpg,308193,ok
2010-09-13,2010,"The New Yorker September 13, 2010 Issue",,"https://media.newyorker.com/photos/590950c9c14b3c606c103544/master/w_1600,c_limit/2010_09_13.jpg",https://www.newyorker.com/magazine/2010/09/13,covers/2010/2010-09-13.jpg,489929,ok
2010-09-20,2010,"The New Yorker September 20, 2010 Issue",,"https://media.newyorker.com/photos/590950caebe912338a372534/master/w_1600,c_limit/2010_09_20.jpg",https://www.newyorker.com/magazine/2010/09/20,covers/2010/2010-09-20.jpg,335979,ok
2010-09-27,2010,"The New Yorker September 27, 2010 Issue",,"https://media.newyorker.com/photos/590950ca1c7a8e33fb38a04e/master/w_1600,c_limit/2010_09_27.jpg",https://www.newyorker.com/magazine/2010/09/27,covers/2010/2010-09-27.jpg,377652,ok
2010-10-04,2010,"The New Yorker October 4, 2010 Issue",,"https://media.newyorker.com/photos/590950cc6552fa0be682ba02/master/w_1600,c_limit/2010_10_04.jpg",https://www.newyorker.com/magazine/2010/10/04,covers/2010/2010-10-04.jpg,360102,ok
2010-10-11,2010,"The New Yorker October 11, 2010 Issue",,"https://media.newyorker.com/photos/590950cdebe912338a372544/master/w_1600,c_limit/2010_10_11.jpg",https://www.newyorker.com/magazine/2010/10/11,covers/2010/2010-10-11.jpg,177453,ok
2010-10-18,2010,"The New Yorker October 18, 2010 Issue",,"https://media.newyorker.com/photos/590950cec14b3c606c103559/master/w_1600,c_limit/2010_10_18.jpg",https://www.newyorker.com/magazine/2010/10/18,covers/2010/2010-10-18.jpg,572822,ok
2010-11-01,2010,"The New Yorker November 1, 2010 Issue",,"https://media.newyorker.com/photos/590950d0019dfc3494e9d721/master/w_1600,c_limit/2010_11_01.jpg",https://www.newyorker.com/magazine/2010/11/01,covers/2010/2010-11-01.jpg,351057,ok
2010-11-08,2010,"The New Yorker November 8, 2010 Issue",,"https://media.newyorker.com/photos/590950d22179605b11ad2d24/master/w_1600,c_limit/2010_11_08.jpg",https://www.newyorker.com/magazine/2010/11/08,covers/2010/2010-11-08.jpg,561829,ok
2010-11-22,2010,"The New Yorker November 22, 2010 Issue",,"https://media.newyorker.com/photos/590950d3c14b3c606c10356c/master/w_1600,c_limit/2010_11_22.jpg",https://www.newyorker.com/magazine/2010/11/22,covers/2010/2010-11-22.jpg,402725,ok
2010-11-29,2010,"The New Yorker November 29, 2010 Issue",,"https://media.newyorker.com/photos/590950d5ebe912338a372568/master/w_1600,c_limit/2010_11_29.jpg",https://www.newyorker.com/magazine/2010/11/29,covers/2010/2010-11-29.jpg,285580,ok
2010-12-06,2010,"The New Yorker December 6, 2010 Issue",,"https://media.newyorker.com/photos/590950d66552fa0be682ba27/master/w_1600,c_limit/2010_12_06.jpg",https://www.newyorker.com/magazine/2010/12/06,covers/2010/2010-12-06.jpg,370540,ok
2010-12-13,2010,"The New Yorker December 13, 2010 Issue",,"https://media.newyorker.com/photos/590950c86552fa0be682b9ef/master/w_1600,c_limit/2010_12_13.jpg",https://www.newyorker.com/magazine/2010/12/13,covers/2010/2010-12-13.jpg,431498,ok
2010-12-20,2010,"The New Yorker December 20 & 27, 2010 Issue",,"https://media.newyorker.com/photos/590950c91c7a8e33fb38a04a/master/w_1600,c_limit/2010_12_20.jpg",https://www.newyorker.com/magazine/2010/12/20,covers/2010/2010-12-20.jpg,140159,ok
2011-01-03,2011,"The New Yorker January 3, 2011 Issue",,"https://media.newyorker.com/photos/590950ca6552fa0be682b9f9/master/w_1600,c_limit/2011_01_03.jpg",https://www.newyorker.com/magazine/2011/01/03,covers/2011/2011-01-03.jpg,99527,ok
2011-01-10,2011,"The New Yorker January 10, 2011 Issue",,"https://media.newyorker.com/photos/590950cc6552fa0be682ba03/master/w_1600,c_limit/2011_01_10.jpg",https://www.newyorker.com/magazine/2011/01/10,covers/2011/2011-01-10.jpg,484960,ok
2011-01-17,2011,"The New Yorker January 17, 2011 Issue",,"https://media.newyorker.com/photos/590950cc2179605b11ad2d0e/master/w_1600,c_limit/2011_01_17.jpg",https://www.newyorker.com/magazine/2011/01/17,covers/2011/2011-01-17.jpg,386814,ok
2011-01-24,2011,"The New Yorker January 24, 2011 Issue",,"https://media.newyorker.com/photos/590950ce019dfc3494e9d714/master/w_1600,c_limit/2011_01_24.jpg",https://www.newyorker.com/magazine/2011/01/24,covers/2011/2011-01-24.jpg,154212,ok
2011-01-31,2011,"The New Yorker January 31, 2011 Issue",,"https://media.newyorker.com/photos/590950d02179605b11ad2d1c/master/w_1600,c_limit/2011_01_31.jpg",https://www.newyorker.com/magazine/2011/01/31,covers/2011/2011-01-31.jpg,371595,ok
2011-02-07,2011,"The New Yorker February 7, 2011 Issue",,"https://media.newyorker.com/photos/590950d1c14b3c606c103564/master/w_1600,c_limit/2011_02_07.jpg",https://www.newyorker.com/magazine/2011/02/07,covers/2011/2011-02-07.jpg,437030,ok
2011-02-14,2011,"The New Yorker February 14 & 21, 2011 Issue",,"https://media.newyorker.com/photos/590950d21c7a8e33fb38a074/master/w_1600,c_limit/2011_02_14.jpg",https://www.newyorker.com/magazine/2011/02/14,covers/2011/2011-02-14.jpg,238368,ok
2011-02-28,2011,"The New Yorker February 28, 2011 Issue",,"https://media.newyorker.com/photos/590950d4ebe912338a372560/master/w_1600,c_limit/2011_02_28.jpg",https://www.newyorker.com/magazine/2011/02/28,covers/2011/2011-02-28.jpg,312214,ok
2011-03-07,2011,"The New Yorker March 7, 2011 Issue",,"https://media.newyorker.com/photos/590950d5019dfc3494e9d736/master/w_1600,c_limit/2011_03_07.jpg",https://www.newyorker.com/magazine/2011/03/07,covers/2011/2011-03-07.jpg,444756,ok
2011-03-14,2011,"The New Yorker March 14, 2011 Issue",,"https://media.newyorker.com/photos/590950d6019dfc3494e9d73b/master/w_1600,c_limit/2011_03_14.jpg",https://www.newyorker.com/magazine/2011/03/14,covers/2011/2011-03-14.jpg,340817,ok
2011-03-21,2011,"The New Yorker March 21, 2011 Issue",,"https://media.newyorker.com/photos/590950d76552fa0be682ba2d/master/w_1600,c_limit/2011_03_21.jpg",https://www.newyorker.com/magazine/2011/03/21,covers/2011/2011-03-21.jpg,407624,ok
2011-03-28,2011,"The New Yorker March 28, 2011 Issue",,"https://media.newyorker.com/photos/590950d86552fa0be682ba33/master/w_1600,c_limit/2011_03_28.jpg",https://www.newyorker.com/magazine/2011/03/28,covers/2011/2011-03-28.jpg,123408,ok
2011-04-04,2011,"The New Yorker April 4, 2011 Issue",,"https://media.newyorker.com/photos/590950ca6552fa0be682b9f7/master/w_1600,c_limit/2011_04_04.jpg",https://www.newyorker.com/magazine/2011/04/04,covers/2011/2011-04-04.jpg,737556,ok
2011-04-11,2011,"The New Yorker April 11, 2011 Issue",,"https://media.newyorker.com/photos/590950ccebe912338a37253e/master/w_1600,c_limit/2011_04_11.jpg",https://www.newyorker.com/magazine/2011/04/11,covers/2011/2011-04-11.jpg,448582,ok
2011-04-18,2011,"The New Yorker April 18, 2011 Issue",,"https://media.newyorker.com/photos/590950ccc14b3c606c103552/master/w_1600,c_limit/2011_04_18.jpg",https://www.newyorker.com/magazine/2011/04/18,covers/2011/2011-04-18.jpg,471403,ok
2011-04-25,2011,"The New Yorker April 25, 2011 Issue",,"https://media.newyorker.com/photos/590950ce6552fa0be682ba0b/master/w_1600,c_limit/2011_04_25.jpg",https://www.newyorker.com/magazine/2011/04/25,covers/2011/2011-04-25.jpg,281303,ok
2011-05-02,2011,"The New Yorker May 2, 2011 Issue",,"https://media.newyorker.com/photos/590950cf1c7a8e33fb38a062/master/w_1600,c_limit/2011_05_02.jpg",https://www.newyorker.com/magazine/2011/05/02,covers/2011/2011-05-02.jpg,410436,ok
2011-05-09,2011,"The New Yorker May 9, 2011 Issue",,"https://media.newyorker.com/photos/590950d1ebe912338a372552/master/w_1600,c_limit/2011_05_09.jpg",https://www.newyorker.com/magazine/2011/05/09,covers/2011/2011-05-09.jpg,354691,ok
2011-05-16,2011,"The New Yorker May 16, 2011 Issue",,"https://media.newyorker.com/photos/590950d1ebe912338a372557/master/w_1600,c_limit/2011_05_16.jpg",https://www.newyorker.com/magazine/2011/05/16,covers/2011/2011-05-16.jpg,477348,ok
2011-05-23,2011,"The New Yorker May 23, 2011 Issue",,"https://media.newyorker.com/photos/590950d3019dfc3494e9d730/master/w_1600,c_limit/2011_05_23.jpg",https://www.newyorker.com/magazine/2011/05/23,covers/2011/2011-05-23.jpg,494846,ok
2011-05-30,2011,"The New Yorker May 30, 2011 Issue",,"https://media.newyorker.com/photos/590950d5019dfc3494e9d737/master/w_1600,c_limit/2011_05_30.jpg",https://www.newyorker.com/magazine/2011/05/30,covers/2011/2011-05-30.jpg,435540,ok
2011-06-06,2011,"The New Yorker June 6, 2011 Issue",,"https://media.newyorker.com/photos/590950d71c7a8e33fb38a08e/master/w_1600,c_limit/2011_06_06.jpg",https://www.newyorker.com/magazine/2011/06/06,covers/2011/2011-06-06.jpg,305731,ok
2011-06-13,2011,"The New Yorker June 13 & 20, 2011 Issue",,"https://media.newyorker.com/photos/590950da6552fa0be682ba3d/master/w_1600,c_limit/2011_06_13.jpg",https://www.newyorker.com/magazine/2011/06/13,covers/2011/2011-06-13.jpg,359396,ok
2011-06-27,2011,"The New Yorker June 27, 2011 Issue",,"https://media.newyorker.com/photos/590950dc2179605b11ad2d50/master/w_1600,c_limit/2011_06_27.jpg",https://www.newyorker.com/magazine/2011/06/27,covers/2011/2011-06-27.jpg,559675,ok
2011-07-04,2011,"The New Yorker July 4, 2011 Issue",,"https://media.newyorker.com/photos/590950dc019dfc3494e9d754/master/w_1600,c_limit/2011_07_04.jpg",https://www.newyorker.com/magazine/2011/07/04,covers/2011/2011-07-04.jpg,279364,ok
2011-07-11,2011,"The New Yorker July 11 & 18, 2011 Issue",,"https://media.newyorker.com/photos/590950cac14b3c606c103549/master/w_1600,c_limit/2011_07_11.jpg",https://www.newyorker.com/magazine/2011/07/11,covers/2011/2011-07-11.jpg,320125,ok
2011-07-25,2011,"The New Yorker July 25, 2011 Issue",,"https://media.newyorker.com/photos/590950ca019dfc3494e9d705/master/w_1600,c_limit/2011_07_25.jpg",https://www.newyorker.com/magazine/2011/07/25,covers/2011/2011-07-25.jpg,420884,ok
2011-08-01,2011,"The New Yorker August 1, 2011 Issue",,"https://media.newyorker.com/photos/590950cbc14b3c606c10354c/master/w_1600,c_limit/2011_08_01.jpg",https://www.newyorker.com/magazine/2011/08/01,covers/2011/2011-08-01.jpg,277408,ok
2011-08-08,2011,"The New Yorker August 8, 2011 Issue",,"https://media.newyorker.com/photos/590950cc019dfc3494e9d70b/master/w_1600,c_limit/2011_08_08.jpg",https://www.newyorker.com/magazine/2011/08/08,covers/2011/2011-08-08.jpg,204139,ok
2011-08-15,2011,"The New Yorker August 15, 2011 Issue",,"https://media.newyorker.com/photos/590950cc6552fa0be682ba05/master/w_1600,c_limit/2011_08_15.jpg",https://www.newyorker.com/magazine/2011/08/15,covers/2011/2011-08-15.jpg,179527,ok
2011-08-29,2011,"The New Yorker August 29, 2011 Issue",,"https://media.newyorker.com/photos/590950cd2179605b11ad2d12/master/w_1600,c_limit/2011_08_29.jpg",https://www.newyorker.com/magazine/2011/08/29,covers/2011/2011-08-29.jpg,108135,ok
2011-09-05,2011,"The New Yorker September 5, 2011 Issue",,"https://media.newyorker.com/photos/590950ce2179605b11ad2d14/master/w_1600,c_limit/2011_09_05.jpg",https://www.newyorker.com/magazine/2011/09/05,covers/2011/2011-09-05.jpg,398208,ok
2011-09-12,2011,"The New Yorker September 12, 2011 Issue",,"https://media.newyorker.com/photos/590950cec14b3c606c10355c/master/w_1600,c_limit/2011_09_12.jpg",https://www.newyorker.com/magazine/2011/09/12,covers/2011/2011-09-12.jpg,306833,ok
2011-09-19,2011,"The New Yorker September 19, 2011 Issue",,"https://media.newyorker.com/photos/590950cf6552fa0be682ba11/master/w_1600,c_limit/2011_09_19.jpg",https://www.newyorker.com/magazine/2011/09/19,covers/2011/2011-09-19.jpg,567538,ok
2011-09-26,2011,"The New Yorker September 26, 2011 Issue",,"https://media.newyorker.com/photos/590950d01c7a8e33fb38a067/master/w_1600,c_limit/2011_09_26.jpg",https://www.newyorker.com/magazine/2011/09/26,covers/2011/2011-09-26.jpg,304587,ok
2011-10-03,2011,"The New Yorker October 3, 2011 Issue",,"https://media.newyorker.com/photos/590950d16552fa0be682ba19/master/w_1600,c_limit/2011_10_03.jpg",https://www.newyorker.com/magazine/2011/10/03,covers/2011/2011-10-03.jpg,451011,ok
2011-10-10,2011,"The New Yorker October 10, 2011 Issue",,"https://media.newyorker.com/photos/590950d11c7a8e33fb38a06e/master/w_1600,c_limit/2011_10_10.jpg",https://www.newyorker.com/magazine/2011/10/10,covers/2011/2011-10-10.jpg,268761,ok
2011-10-17,2011,"The New Yorker October 17, 2011 Issue",,"https://media.newyorker.com/photos/590950d2019dfc3494e9d726/master/w_1600,c_limit/2011_10_17.jpg",https://www.newyorker.com/magazine/2011/10/17,covers/2011/2011-10-17.jpg,483449,ok
2011-10-24,2011,"The New Yorker October 24, 2011 Issue",,"https://media.newyorker.com/photos/590950d3ebe912338a37255b/master/w_1600,c_limit/2011_10_24.jpg",https://www.newyorker.com/magazine/2011/10/24,covers/2011/2011-10-24.jpg,464623,ok
2011-10-31,2011,"The New Yorker October 31, 2011 Issue",,"https://media.newyorker.com/photos/590950d4019dfc3494e9d731/master/w_1600,c_limit/2011_10_31.jpg",https://www.newyorker.com/magazine/2011/10/31,covers/2011/2011-10-31.jpg,461616,ok
2011-11-07,2011,"The New Yorker November 7, 2011 Issue",,"https://media.newyorker.com/photos/590950d4ebe912338a372564/master/w_1600,c_limit/2011_11_07.jpg",https://www.newyorker.com/magazine/2011/11/07,covers/2011/2011-11-07.jpg,429915,ok
2011-11-14,2011,"The New Yorker November 14, 2011 Issue",,"https://media.newyorker.com/photos/590950d5c14b3c606c103571/master/w_1600,c_limit/2011_11_14.jpg",https://www.newyorker.com/magazine/2011/11/14,covers/2011/2011-11-14.jpg,377634,ok
2011-11-21,2011,"The New Yorker November 21, 2011 Issue",,"https://media.newyorker.com/photos/590950d61c7a8e33fb38a084/master/w_1600,c_limit/2011_11_21.jpg",https://www.newyorker.com/magazine/2011/11/21,covers/2011/2011-11-21.jpg,421543,ok
2011-11-28,2011,"The New Yorker November 28, 2011 Issue",,"https://media.newyorker.com/photos/590950d66552fa0be682ba2a/master/w_1600,c_limit/2011_11_28.jpg",https://www.newyorker.com/magazine/2011/11/28,covers/2011/2011-11-28.jpg,250738,ok
2011-12-05,2011,"The New Yorker December 5, 2011 Issue",,"https://media.newyorker.com/photos/590950d7c14b3c606c10357e/master/w_1600,c_limit/2011_12_05.jpg",https://www.newyorker.com/magazine/2011/12/05,covers/2011/2011-12-05.jpg,371408,ok
2011-12-12,2011,"The New Yorker December 12, 2011 Issue",,"https://media.newyorker.com/photos/590950d86552fa0be682ba31/master/w_1600,c_limit/2011_12_12.jpg",https://www.newyorker.com/magazine/2011/12/12,covers/2011/2011-12-12.jpg,520110,ok
2011-12-19,2011,"The New Yorker December 19 & 26, 2011 Issue",,"https://media.newyorker.com/photos/590950d9ebe912338a372574/master/w_1600,c_limit/2011_12_19.jpg",https://www.newyorker.com/magazine/2011/12/19,covers/2011/2011-12-19.jpg,393073,ok
2012-01-02,2012,"The New Yorker January 2, 2012 Issue",,"https://media.newyorker.com/photos/590950da1c7a8e33fb38a09e/master/w_1600,c_limit/2012_01_02.jpg",https://www.newyorker.com/magazine/2012/01/02,covers/2012/2012-01-02.jpg,346070,ok
2012-01-09,2012,"The New Yorker January 9, 2012 Issue",,"https://media.newyorker.com/photos/590950da019dfc3494e9d74b/master/w_1600,c_limit/2012_01_09.jpg",https://www.newyorker.com/magazine/2012/01/09,covers/2012/2012-01-09.jpg,412029,ok
2012-01-16,2012,"The New Yorker January 16, 2012 Issue",,"https://media.newyorker.com/photos/590950dbc14b3c606c10358e/master/w_1600,c_limit/2012_01_16.jpg",https://www.newyorker.com/magazine/2012/01/16,covers/2012/2012-01-16.jpg,184837,ok
2012-01-23,2012,"The New Yorker January 23, 2012 Issue",,"https://media.newyorker.com/photos/590950ca6552fa0be682b9f2/master/w_1600,c_limit/2012_01_23.jpg",https://www.newyorker.com/magazine/2012/01/23,covers/2012/2012-01-23.jpg,311695,ok
2012-01-30,2012,"The New Yorker January 30, 2012 Issue",,"https://media.newyorker.com/photos/590950caebe912338a372536/master/w_1600,c_limit/2012_01_30.jpg",https://www.newyorker.com/magazine/2012/01/30,covers/2012/2012-01-30.jpg,396759,ok
2012-02-06,2012,"The New Yorker February 6, 2012 Issue",,"https://media.newyorker.com/photos/590950cb6552fa0be682b9fc/master/w_1600,c_limit/2012_02_06.jpg",https://www.newyorker.com/magazine/2012/02/06,covers/2012/2012-02-06.jpg,401850,ok
2012-02-13,2012,"The New Yorker February 13 & 20, 2012 Issue",,"https://media.newyorker.com/photos/590950ccc14b3c606c10354e/master/w_1600,c_limit/2012_02_13.jpg",https://www.newyorker.com/magazine/2012/02/13,covers/2012/2012-02-13.jpg,106802,ok
2012-02-27,2012,"The New Yorker February 27, 2012 Issue",,"https://media.newyorker.com/photos/590950ccc14b3c606c103551/master/w_1600,c_limit/2012_02_27.jpg",https://www.newyorker.com/magazine/2012/02/27,covers/2012/2012-02-27.jpg,362657,ok
2012-03-05,2012,"The New Yorker March 5, 2012 Issue",,"https://media.newyorker.com/photos/590950cd019dfc3494e9d711/master/w_1600,c_limit/2012_03_05.jpg",https://www.newyorker.com/magazine/2012/03/05,covers/2012/2012-03-05.jpg,445413,ok
2012-03-12,2012,"The New Yorker March 12, 2012 Issue",,"https://media.newyorker.com/photos/590950ce1c7a8e33fb38a05c/master/w_1600,c_limit/2012_03_12.jpg",https://www.newyorker.com/magazine/2012/03/12,covers/2012/2012-03-12.jpg,216699,ok
2012-03-19,2012,"The New Yorker March 19, 2012 Issue",,"https://media.newyorker.com/photos/590950ce019dfc3494e9d719/master/w_1600,c_limit/2012_03_19.jpg",https://www.newyorker.com/magazine/2012/03/19,covers/2012/2012-03-19.jpg,232685,ok
2012-03-26,2012,"The New Yorker March 26, 2012 Issue",,"https://media.newyorker.com/photos/590950cf1c7a8e33fb38a061/master/w_1600,c_limit/2012_03_26.jpg",https://www.newyorker.com/magazine/2012/03/26,covers/2012/2012-03-26.jpg,440441,ok
2012-04-02,2012,"The New Yorker April 2, 2012 Issue",,"https://media.newyorker.com/photos/590950d0ebe912338a37254e/master/w_1600,c_limit/2012_04_02.jpg",https://www.newyorker.com/magazine/2012/04/02,covers/2012/2012-04-02.jpg,377264,ok
2012-04-09,2012,"The New Yorker April 9, 2012 Issue",,"https://media.newyorker.com/photos/590950d06552fa0be682ba16/master/w_1600,c_limit/2012_04_09.jpg",https://www.newyorker.com/magazine/2012/04/09,covers/2012/2012-04-09.jpg,135447,ok
2012-04-16,2012,"The New Yorker April 16, 2012 Issue",,"https://media.newyorker.com/photos/590950d1ebe912338a372554/master/w_1600,c_limit/2012_04_16.jpg",https://www.newyorker.com/magazine/2012/04/16,covers/2012/2012-04-16.jpg,348990,ok
2012-04-23,2012,"The New Yorker April 23, 2012 Issue",,"https://media.newyorker.com/photos/590950d21c7a8e33fb38a071/master/w_1600,c_limit/2012_04_23.jpg",https://www.newyorker.com/magazine/2012/04/23,covers/2012/2012-04-23.jpg,274771,ok
2012-04-30,2012,"The New Yorker April 30, 2012 Issue",,"https://media.newyorker.com/photos/590950d26552fa0be682ba1c/master/w_1600,c_limit/2012_04_30.jpg",https://www.newyorker.com/magazine/2012/04/30,covers/2012/2012-04-30.jpg,530771,ok
2012-05-07,2012,"The New Yorker May 7, 2012 Issue",,"https://media.newyorker.com/photos/590950d3ebe912338a37255e/master/w_1600,c_limit/2012_05_07.jpg",https://www.newyorker.com/magazine/2012/05/07,covers/2012/2012-05-07.jpg,271543,ok
2012-05-14,2012,"The New Yorker May 14, 2012 Issue",,"https://media.newyorker.com/photos/590950d4019dfc3494e9d733/master/w_1600,c_limit/2012_05_14.jpg",https://www.newyorker.com/magazine/2012/05/14,covers/2012/2012-05-14.jpg,229239,ok
2012-05-21,2012,"The New Yorker May 21, 2012 Issue",,"https://media.newyorker.com/photos/590950d41c7a8e33fb38a080/master/w_1600,c_limit/2012_05_21.jpg",https://www.newyorker.com/magazine/2012/05/21,covers/2012/2012-05-21.jpg,265607,ok
2012-05-28,2012,"The New Yorker May 28, 2012 Issue",,"https://media.newyorker.com/photos/590950d56552fa0be682ba26/master/w_1600,c_limit/2012_05_28.jpg",https://www.newyorker.com/magazine/2012/05/28,covers/2012/2012-05-28.jpg,329008,ok
2012-06-04,2012,"The New Yorker June 4 & 11, 2012 Issue",,"https://media.newyorker.com/photos/590950d66552fa0be682ba2b/master/w_1600,c_limit/2012_06_04.jpg",https://www.newyorker.com/magazine/2012/06/04,covers/2012/2012-06-04.jpg,406690,ok
2012-06-18,2012,"The New Yorker June 18, 2012 Issue",,"https://media.newyorker.com/photos/590950d72179605b11ad2d40/master/w_1600,c_limit/2012_06_18.jpg",https://www.newyorker.com/magazine/2012/06/18,covers/2012/2012-06-18.jpg,373284,ok
2012-06-25,2012,"The New Yorker June 25, 2012 Issue",,"https://media.newyorker.com/photos/590950d8ebe912338a372570/master/w_1600,c_limit/2012_06_25.jpg",https://www.newyorker.com/magazine/2012/06/25,covers/2012/2012-06-25.jpg,323917,ok
2012-07-02,2012,"The New Yorker July 2, 2012 Issue",,"https://media.newyorker.com/photos/590950d9019dfc3494e9d747/master/w_1600,c_limit/2012_07_02.jpg",https://www.newyorker.com/magazine/2012/07/02,covers/2012/2012-07-02.jpg,713567,ok
2012-07-09,2012,"The New Yorker July 9, 2012 Issue",,"https://media.newyorker.com/photos/590950d9ebe912338a372578/master/w_1600,c_limit/2012_07_09.jpg",https://www.newyorker.com/magazine/2012/07/09,covers/2012/2012-07-09.jpg,178398,ok
2012-07-23,2012,"The New Yorker July 23, 2012 Issue",,"https://media.newyorker.com/photos/590950da2179605b11ad2d4a/master/w_1600,c_limit/2012_07_23.jpg",https://www.newyorker.com/magazine/2012/07/23,covers/2012/2012-07-23.jpg,312296,ok
2012-07-30,2012,"The New Yorker July 30, 2012 Issue",,"https://media.newyorker.com/photos/590950db2179605b11ad2d4c/master/w_1600,c_limit/2012_07_30.jpg",https://www.newyorker.com/magazine/2012/07/30,covers/2012/2012-07-30.jpg,397514,ok
2012-08-06,2012,"The New Yorker August 6, 2012 Issue",,"https://media.newyorker.com/photos/590950ca6552fa0be682b9f6/master/w_1600,c_limit/2012_08_06.jpg",https://www.newyorker.com/magazine/2012/08/06,covers/2012/2012-08-06.jpg,173424,ok
2012-08-13,2012,"The New Yorker August 13, 2012 Issue",,"https://media.newyorker.com/photos/590950cbebe912338a372538/master/w_1600,c_limit/2012_08_13.jpg",https://www.newyorker.com/magazine/2012/08/13,covers/2012/2012-08-13.jpg,226716,ok
2012-08-27,2012,"The New Yorker August 27, 2012 Issue",,"https://media.newyorker.com/photos/590950cb1c7a8e33fb38a052/master/w_1600,c_limit/2012_08_27.jpg",https://www.newyorker.com/magazine/2012/08/27,covers/2012/2012-08-27.jpg,393643,ok
2012-09-03,2012,"The New Yorker September 3, 2012 Issue",,"https://media.newyorker.com/photos/590950cc019dfc3494e9d70d/master/w_1600,c_limit/2012_09_03.jpg",https://www.newyorker.com/magazine/2012/09/03,covers/2012/2012-09-03.jpg,354786,ok
2012-09-10,2012,"The New Yorker September 10, 2012 Issue",,"https://media.newyorker.com/photos/590950cdebe912338a372542/master/w_1600,c_limit/2012_09_10.jpg",https://www.newyorker.com/magazine/2012/09/10,covers/2012/2012-09-10.jpg,359012,ok
2012-09-17,2012,"The New Yorker September 17, 2012 Issue",,"https://media.newyorker.com/photos/590950cd1c7a8e33fb38a058/master/w_1600,c_limit/2012_09_17.jpg",https://www.newyorker.com/magazine/2012/09/17,covers/2012/2012-09-17.jpg,246310,ok
2012-09-24,2012,"The New Yorker September 24, 2012 Issue",,"https://media.newyorker.com/photos/590950cec14b3c606c10355a/master/w_1600,c_limit/2012_09_24.jpg",https://www.newyorker.com/magazine/2012/09/24,covers/2012/2012-09-24.jpg,513217,ok
2012-10-01,2012,"The New Yorker October 1, 2012 Issue",,"https://media.newyorker.com/photos/590950ce1c7a8e33fb38a05e/master/w_1600,c_limit/2012_10_01.jpg",https://www.newyorker.com/magazine/2012/10/01,covers/2012/2012-10-01.jpg,391725,ok
2012-10-08,2012,"The New Yorker October 8, 2012 Issue",,"https://media.newyorker.com/photos/590950cf019dfc3494e9d71e/master/w_1600,c_limit/2012_10_08.jpg",https://www.newyorker.com/magazine/2012/10/08,covers/2012/2012-10-08.jpg,374218,ok
2012-10-15,2012,"The New Yorker October 15, 2012 Issue",,"https://media.newyorker.com/photos/590950d01c7a8e33fb38a066/master/w_1600,c_limit/2012_10_15.jpg",https://www.newyorker.com/magazine/2012/10/15,covers/2012/2012-10-15.jpg,399386,ok
2012-10-22,2012,"The New Yorker October 22, 2012 Issue",,"https://media.newyorker.com/photos/590950d1c14b3c606c103563/master/w_1600,c_limit/2012_10_22.jpg",https://www.newyorker.com/magazine/2012/10/22,covers/2012/2012-10-22.jpg,665062,ok
2012-10-29,2012,"The New Yorker October 29 & November 5, 2012 Issue",,"https://media.newyorker.com/photos/590950d1ebe912338a372558/master/w_1600,c_limit/2012_10_29.jpg",https://www.newyorker.com/magazine/2012/10/29,covers/2012/2012-10-29.jpg,393225,ok
2012-11-12,2012,"The New Yorker November 12, 2012 Issue",,"https://media.newyorker.com/photos/590950d22179605b11ad2d2a/master/w_1600,c_limit/2012_11_12.jpg",https://www.newyorker.com/magazine/2012/11/12,covers/2012/2012-11-12.jpg,92711,ok
2012-11-19,2012,"The New Yorker November 19, 2012 Issue",,"https://media.newyorker.com/photos/590950d3c14b3c606c10356a/master/w_1600,c_limit/2012_11_19.jpg",https://www.newyorker.com/magazine/2012/11/19,covers/2012/2012-11-19.jpg,312038,ok
2012-11-26,2012,"The New Yorker November 26, 2012 Issue",,"https://media.newyorker.com/photos/590950d41c7a8e33fb38a079/master/w_1600,c_limit/2012_11_26.jpg",https://www.newyorker.com/magazine/2012/11/26,covers/2012/2012-11-26.jpg,416185,ok
2012-12-03,2012,"The New Yorker December 3, 2012 Issue",,"https://media.newyorker.com/photos/590950d46552fa0be682ba23/master/w_1600,c_limit/2012_12_03.jpg",https://www.newyorker.com/magazine/2012/12/03,covers/2012/2012-12-03.jpg,394854,ok
2012-12-10,2012,"The New Yorker December 10, 2012 Issue",,"https://media.newyorker.com/photos/590950d51c7a8e33fb38a082/master/w_1600,c_limit/2012_12_10.jpg",https://www.newyorker.com/magazine/2012/12/10,covers/2012/2012-12-10.jpg,355065,ok
2012-12-17,2012,"The New Yorker December 17, 2012 Issue",,"https://media.newyorker.com/photos/590950d6ebe912338a37256a/master/w_1600,c_limit/2012_12_17.jpg",https://www.newyorker.com/magazine/2012/12/17,covers/2012/2012-12-17.jpg,656591,ok
2012-12-24,2012,"The New Yorker December 24 & 31, 2012 Issue",,"https://media.newyorker.com/photos/590950d7019dfc3494e9d740/master/w_1600,c_limit/2012_12_24.jpg",https://www.newyorker.com/magazine/2012/12/24,covers/2012/2012-12-24.jpg,180840,ok
2013-01-07,2013,"The New Yorker January 7, 2013 Issue",,"https://media.newyorker.com/photos/590950d8ebe912338a37256e/master/w_1600,c_limit/2013_01_07.jpg",https://www.newyorker.com/magazine/2013/01/07,covers/2013/2013-01-07.jpg,199580,ok
2013-01-14,2013,"The New Yorker January 14, 2013 Issue",,"https://media.newyorker.com/photos/590950d82179605b11ad2d42/master/w_1600,c_limit/2013_01_14.jpg",https://www.newyorker.com/magazine/2013/01/14,covers/2013/2013-01-14.jpg,438009,ok
2013-01-21,2013,"The New Yorker January 21, 2013 Issue",,"https://media.newyorker.com/photos/590950d92179605b11ad2d44/master/w_1600,c_limit/2013_01_21.jpg",https://www.newyorker.com/magazine/2013/01/21,covers/2013/2013-01-21.jpg,378457,ok
2013-01-28,2013,"The New Yorker January 28, 2013 Issue",,"https://media.newyorker.com/photos/590950da1c7a8e33fb38a09d/master/w_1600,c_limit/2013_01_28.jpg",https://www.newyorker.com/magazine/2013/01/28,covers/2013/2013-01-28.jpg,166804,ok
2013-02-04,2013,"The New Yorker February 4, 2013 Issue",,"https://media.newyorker.com/photos/590950dac14b3c606c10358a/master/w_1600,c_limit/2013_02_04.jpg",https://www.newyorker.com/magazine/2013/02/04,covers/2013/2013-02-04.jpg,258964,ok
2013-02-11,2013,"The New Yorker February 11 & 18, 2013 Issue",,"https://media.newyorker.com/photos/590950dbebe912338a372586/master/w_1600,c_limit/2013_02_11.jpg",https://www.newyorker.com/magazine/2013/02/11,covers/2013/2013-02-11.jpg,305804,ok
2013-02-25,2013,"The New Yorker February 25, 2013 Issue",,"https://media.newyorker.com/photos/590950cd019dfc3494e9d710/master/w_1600,c_limit/2013_02_25.jpg",https://www.newyorker.com/magazine/2013/02/25,covers/2013/2013-02-25.jpg,390016,ok
2013-03-04,2013,"The New Yorker March 4, 2013 Issue",,"https://media.newyorker.com/photos/590950ce1c7a8e33fb38a05b/master/w_1600,c_limit/2013_03_04.jpg",https://www.newyorker.com/magazine/2013/03/04,covers/2013/2013-03-04.jpg,483365,ok
2013-03-11,2013,"The New Yorker March 11, 2013 Issue",,"https://media.newyorker.com/photos/590950ce2179605b11ad2d18/master/w_1600,c_limit/2013_03_11.jpg",https://www.newyorker.com/magazine/2013/03/11,covers/2013/2013-03-11.jpg,428377,ok
2013-03-18,2013,"The New Yorker March 18, 2013 Issue",,"https://media.newyorker.com/photos/590950cf019dfc3494e9d71c/master/w_1600,c_limit/2013_03_18.jpg",https://www.newyorker.com/magazine/2013/03/18,covers/2013/2013-03-18.jpg,419611,ok
2013-03-25,2013,"The New Yorker March 25, 2013 Issue",,"https://media.newyorker.com/photos/590950d02179605b11ad2d1b/master/w_1600,c_limit/2013_03_25.jpg",https://www.newyorker.com/magazine/2013/03/25,covers/2013/2013-03-25.jpg,429744,ok
2013-04-01,2013,"The New Yorker April 1, 2013 Issue",,"https://media.newyorker.com/photos/590950d16552fa0be682ba18/master/w_1600,c_limit/2013_04_01.jpg",https://www.newyorker.com/magazine/2013/04/01,covers/2013/2013-04-01.jpg,181797,ok
2013-04-08,2013,"The New Yorker April 8, 2013 Issue",,"https://media.newyorker.com/photos/590950d1c14b3c606c103568/master/w_1600,c_limit/2013_04_08.jpg",https://www.newyorker.com/magazine/2013/04/08,covers/2013/2013-04-08.jpg,501979,ok
2013-04-15,2013,"The New Yorker April 15, 2013 Issue",,"https://media.newyorker.com/photos/590950d2019dfc3494e9d728/master/w_1600,c_limit/2013_04_15.jpg",https://www.newyorker.com/magazine/2013/04/15,covers/2013/2013-04-15.jpg,587097,ok
2013-04-22,2013,"The New Yorker April 22, 2013 Issue",,"https://media.newyorker.com/photos/590950d31c7a8e33fb38a076/master/w_1600,c_limit/2013_04_22.jpg",https://www.newyorker.com/magazine/2013/04/22,covers/2013/2013-04-22.jpg,250254,ok
2013-04-29,2013,"The New Yorker April 29, 2013 Issue",,"https://media.newyorker.com/photos/590950d41c7a8e33fb38a07a/master/w_1600,c_limit/2013_04_29.jpg",https://www.newyorker.com/magazine/2013/04/29,covers/2013/2013-04-29.jpg,398615,ok
2013-05-06,2013,"The New Yorker May 6, 2013 Issue",,"https://media.newyorker.com/photos/590950d42179605b11ad2d36/master/w_1600,c_limit/2013_05_06.jpg",https://www.newyorker.com/magazine/2013/05/06,covers/2013/2013-05-06.jpg,243933,ok
2013-05-13,2013,"The New Yorker May 13, 2013 Issue",,"https://media.newyorker.com/photos/590950d52179605b11ad2d38/master/w_1600,c_limit/2013_05_13.jpg",https://www.newyorker.com/magazine/2013/05/13,covers/2013/2013-05-13.jpg,211978,ok
2013-05-20,2013,"The New Yorker May 20, 2013 Issue",,"https://media.newyorker.com/photos/590950d62179605b11ad2d3c/master/w_1600,c_limit/2013_05_20.jpg",https://www.newyorker.com/magazine/2013/05/20,covers/2013/2013-05-20.jpg,265339,ok
2013-05-27,2013,"The New Yorker May 27, 2013 Issue",,"https://media.newyorker.com/photos/590950d6019dfc3494e9d73d/master/w_1600,c_limit/2013_05_27.jpg",https://www.newyorker.com/magazine/2013/05/27,covers/2013/2013-05-27.jpg,472116,ok
2013-06-03,2013,"The New Yorker June 3, 2013 Issue",,"https://media.newyorker.com/photos/590950d71c7a8e33fb38a090/master/w_1600,c_limit/2013_06_03.jpg",https://www.newyorker.com/magazine/2013/06/03,covers/2013/2013-06-03.jpg,453093,ok
2013-06-10,2013,"The New Yorker June 10 & 17, 2013 Issue",,"https://media.newyorker.com/photos/590950d8019dfc3494e9d744/master/w_1600,c_limit/2013_06_10.jpg",https://www.newyorker.com/magazine/2013/06/10,covers/2013/2013-06-10.jpg,317371,ok
2013-06-24,2013,"The New Yorker June 24, 2013 Issue",,"https://media.newyorker.com/photos/590950d9c14b3c606c103586/master/w_1600,c_limit/2013_06_24.jpg",https://www.newyorker.com/magazine/2013/06/24,covers/2013/2013-06-24.jpg,126006,ok
2013-07-01,2013,"The New Yorker July 1, 2013 Issue",,"https://media.newyorker.com/photos/590950d96552fa0be682ba37/master/w_1600,c_limit/2013_07_01.jpg",https://www.newyorker.com/magazine/2013/07/01,covers/2013/2013-07-01.jpg,414829,ok
2013-07-08,2013,"The New Yorker July 8, 2013 Issue",,"https://media.newyorker.com/photos/590950da2179605b11ad2d48/master/w_1600,c_limit/2013_07_08.jpg",https://www.newyorker.com/magazine/2013/07/08,covers/2013/2013-07-08.jpg,180737,ok
2013-07-22,2013,"The New Yorker July 22, 2013 Issue",,"https://media.newyorker.com/photos/590950dbebe912338a372581/master/w_1600,c_limit/2013_07_22.jpg",https://www.newyorker.com/magazine/2013/07/22,covers/2013/2013-07-22.jpg,234507,ok
2013-07-29,2013,"The New Yorker July 29, 2013 Issue",,"https://media.newyorker.com/photos/590950db1c7a8e33fb38a0a6/master/w_1600,c_limit/2013_07_29.jpg",https://www.newyorker.com/magazine/2013/07/29,covers/2013/2013-07-29.jpg,516373,ok
2013-08-05,2013,"The New Yorker August 5, 2013 Issue",,"https://media.newyorker.com/photos/590950dc1c7a8e33fb38a0ac/master/w_1600,c_limit/2013_08_05.jpg",https://www.newyorker.com/magazine/2013/08/05,covers/2013/2013-08-05.jpg,500653,ok
2013-08-12,2013,"The New Yorker August 12 & 19, 2013 Issue",,"https://media.newyorker.com/photos/590950ddc14b3c606c103593/master/w_1600,c_limit/2013_08_12.jpg",https://www.newyorker.com/magazine/2013/08/12,covers/2013/2013-08-12.jpg,479600,ok
2013-08-26,2013,"The New Yorker August 26, 2013 Issue",,"https://media.newyorker.com/photos/590950dd6552fa0be682ba45/master/w_1600,c_limit/2013_08_26.jpg",https://www.newyorker.com/magazine/2013/08/26,covers/2013/2013-08-26.jpg,517824,ok
2013-09-02,2013,"The New Yorker September 2, 2013 Issue",,"https://media.newyorker.com/photos/590950de6552fa0be682ba4b/master/w_1600,c_limit/2013_09_02.jpg",https://www.newyorker.com/magazine/2013/09/02,covers/2013/2013-09-02.jpg,193055,ok
2013-09-09,2013,"The New Yorker September 9, 2013 Issue",,"https://media.newyorker.com/photos/590950ce6552fa0be682ba0d/master/w_1600,c_limit/2013_09_09.jpg",https://www.newyorker.com/magazine/2013/09/09,covers/2013/2013-09-09.jpg,389420,ok
2013-09-16,2013,"The New Yorker September 16, 2013 Issue",,"https://media.newyorker.com/photos/590950cfc14b3c606c103560/master/w_1600,c_limit/2013_09_16.jpg",https://www.newyorker.com/magazine/2013/09/16,covers/2013/2013-09-16.jpg,269168,ok
2013-09-23,2013,"The New Yorker September 23, 2013 Issue",,"https://media.newyorker.com/photos/590950d06552fa0be682ba13/master/w_1600,c_limit/2013_09_23.jpg",https://www.newyorker.com/magazine/2013/09/23,covers/2013/2013-09-23.jpg,439145,ok
2013-09-30,2013,"The New Yorker September 30, 2013 Issue",,"https://media.newyorker.com/photos/590950d1ebe912338a372551/master/w_1600,c_limit/2013_09_30.jpg",https://www.newyorker.com/magazine/2013/09/30,covers/2013/2013-09-30.jpg,445714,ok
2013-10-07,2013,"The New Yorker October 7, 2013 Issue",,"https://media.newyorker.com/photos/590950d1c14b3c606c103566/master/w_1600,c_limit/2013_10_07.jpg",https://www.newyorker.com/magazine/2013/10/07,covers/2013/2013-10-07.jpg,245455,ok
2013-10-14,2013,"The New Yorker October 14, 2013 Issue",,"https://media.newyorker.com/photos/590950d22179605b11ad2d28/master/w_1600,c_limit/2013_10_14.jpg",https://www.newyorker.com/magazine/2013/10/14,covers/2013/2013-10-14.jpg,351916,ok
2013-10-21,2013,"The New Yorker October 21, 2013 Issue",,"https://media.newyorker.com/photos/590950d3019dfc3494e9d72d/master/w_1600,c_limit/2013_10_21.jpg",https://www.newyorker.com/magazine/2013/10/21,covers/2013/2013-10-21.jpg,427455,ok
2013-10-28,2013,"The New Yorker October 28, 2013 Issue",,"https://media.newyorker.com/photos/590950cb019dfc3494e9d707/master/w_1600,c_limit/2013_10_28.jpg",https://www.newyorker.com/magazine/2013/10/28,covers/2013/2013-10-28.jpg,416245,ok
2013-11-04,2013,"The New Yorker November 4, 2013 Issue",,"https://media.newyorker.com/photos/590950cd6552fa0be682ba07/master/w_1600,c_limit/2013_11_04.jpg",https://www.newyorker.com/magazine/2013/11/04,covers/2013/2013-11-04.jpg,372509,ok
2013-11-11,2013,"The New Yorker November 11, 2013 Issue",,"https://media.newyorker.com/photos/590950d01c7a8e33fb38a068/master/w_1600,c_limit/2013_11_11.jpg",https://www.newyorker.com/magazine/2013/11/11,covers/2013/2013-11-11.jpg,453900,ok
2013-11-18,2013,"The New Yorker November 18, 2013 Issue",,"https://media.newyorker.com/photos/590950d22179605b11ad2d27/master/w_1600,c_limit/2013_11_18.jpg",https://www.newyorker.com/magazine/2013/11/18,covers/2013/2013-11-18.jpg,227747,ok
2013-11-25,2013,"The New Yorker November 25, 2013 Issue",,"https://media.newyorker.com/photos/590950c81c7a8e33fb38a046/master/w_1600,c_limit/2013_11_25.jpg",https://www.newyorker.com/magazine/2013/11/25,covers/2013/2013-11-25.jpg,248370,ok
2013-12-02,2013,"The New Yorker December 2, 2013 Issue",,"https://media.newyorker.com/photos/590950cbebe912338a37253a/master/w_1600,c_limit/2013_12_02.jpg",https://www.newyorker.com/magazine/2013/12/02,covers/2013/2013-12-02.jpg,566064,ok
2013-12-09,2013,"The New Yorker December 9, 2013 Issue",,"https://media.newyorker.com/photos/590950cc2179605b11ad2d0d/master/w_1600,c_limit/2013_12_09.jpg",https://www.newyorker.com/magazine/2013/12/09,covers/2013/2013-12-09.jpg,290009,ok
2013-12-16,2013,"The New Yorker December 16, 2013 Issue",,"https://media.newyorker.com/photos/590950ce2179605b11ad2d17/master/w_1600,c_limit/2013_12_16.jpg",https://www.newyorker.com/magazine/2013/12/16,covers/2013/2013-12-16.jpg,159638,ok
2013-12-23,2013,"The New Yorker December 23 & 30, 2013 Issue",,"https://media.newyorker.com/photos/590950d12179605b11ad2d22/master/w_1600,c_limit/2013_12_23.jpg",https://www.newyorker.com/magazine/2013/12/23,covers/2013/2013-12-23.jpg,329413,ok
2014-01-06,2014,"The New Yorker January 6, 2014 Issue",,"https://media.newyorker.com/photos/590950d32179605b11ad2d2e/master/w_1600,c_limit/2014_01_06.jpg",https://www.newyorker.com/magazine/2014/01/06,covers/2014/2014-01-06.jpg,181752,ok
2014-01-13,2014,"The New Yorker January 13, 2014 Issue",,"https://media.newyorker.com/photos/590950d46552fa0be682ba21/master/w_1600,c_limit/2014_01_13.jpg",https://www.newyorker.com/magazine/2014/01/13,covers/2014/2014-01-13.jpg,323081,ok
2014-01-20,2014,"The New Yorker January 20, 2014 Issue",,"https://media.newyorker.com/photos/590950c8c14b3c606c103541/master/w_1600,c_limit/2014_01_20.jpg",https://www.newyorker.com/magazine/2014/01/20,covers/2014/2014-01-20.jpg,419580,ok
2014-01-27,2014,"The New Yorker January 27, 2014 Issue",,"https://media.newyorker.com/photos/590950cac14b3c606c10354a/master/w_1600,c_limit/2014_01_27.jpg",https://www.newyorker.com/magazine/2014/01/27,covers/2014/2014-01-27.jpg,410370,ok
2014-02-03,2014,"The New Yorker February 3, 2014 Issue",,"https://media.newyorker.com/photos/590950cb2179605b11ad2d0a/master/w_1600,c_limit/2014_02_03.jpg",https://www.newyorker.com/magazine/2014/02/03,covers/2014/2014-02-03.jpg,311312,ok
2014-02-10,2014,"The New Yorker February 10, 2014 Issue",,"https://media.newyorker.com/photos/590950cdc14b3c606c103556/master/w_1600,c_limit/2014_02_10.jpg",https://www.newyorker.com/magazine/2014/02/10,covers/2014/2014-02-10.jpg,249714,ok
2014-02-17,2014,"The New Yorker February 17 & 24, 2014 Issue",,"https://media.newyorker.com/photos/590950ceebe912338a372547/master/w_1600,c_limit/2014_02_17.jpg",https://www.newyorker.com/magazine/2014/02/17,covers/2014/2014-02-17.jpg,183611,ok
2014-03-03,2014,"The New Yorker March 3, 2014 Issue",,"https://media.newyorker.com/photos/590950cfebe912338a37254a/master/w_1600,c_limit/2014_03_03.jpg",https://www.newyorker.com/magazine/2014/03/03,covers/2014/2014-03-03.jpg,288634,ok
2014-03-10,2014,"The New Yorker March 10, 2014 Issue",,"https://media.newyorker.com/photos/590950d2019dfc3494e9d723/master/w_1600,c_limit/2014_03_10.jpg",https://www.newyorker.com/magazine/2014/03/10,covers/2014/2014-03-10.jpg,171988,ok
2014-03-17,2014,"The New Yorker March 17, 2014 Issue",,"https://media.newyorker.com/photos/590950d3ebe912338a37255d/master/w_1600,c_limit/2014_03_17.jpg",https://www.newyorker.com/magazine/2014/03/17,covers/2014/2014-03-17.jpg,387478,ok
2014-03-24,2014,"The New Yorker March 24, 2014 Issue",,"https://media.newyorker.com/photos/590950d4c14b3c606c10356e/master/w_1600,c_limit/2014_03_24.jpg",https://www.newyorker.com/magazine/2014/03/24,covers/2014/2014-03-24.jpg,235589,ok
2014-03-31,2014,"The New Yorker March 31, 2014 Issue",,"https://media.newyorker.com/photos/590950d62179605b11ad2d3e/master/w_1600,c_limit/2014_03_31.jpg",https://www.newyorker.com/magazine/2014/03/31,covers/2014/2014-03-31.jpg,595916,ok
2014-04-07,2014,"The New Yorker April 7, 2014 Issue",,"https://media.newyorker.com/photos/590950d8c14b3c606c103582/master/w_1600,c_limit/2014_04_07.jpg",https://www.newyorker.com/magazine/2014/04/07,covers/2014/2014-04-07.jpg,414204,ok
2014-04-14,2014,"The New Yorker April 14, 2014 Issue",,"https://media.newyorker.com/photos/590950c9ebe912338a372533/master/w_1600,c_limit/2014_04_14.jpg",https://www.newyorker.com/magazine/2014/04/14,covers/2014/2014-04-14.jpg,402680,ok
2014-04-21,2014,"The New Yorker April 21, 2014 Issue",,"https://media.newyorker.com/photos/590950cb1c7a8e33fb38a050/master/w_1600,c_limit/2014_04_21.jpg",https://www.newyorker.com/magazine/2014/04/21,covers/2014/2014-04-21.jpg,452851,ok
2014-05-05,2014,"The New Yorker May 5, 2014 Issue",,"https://media.newyorker.com/photos/590950ce019dfc3494e9d718/master/w_1600,c_limit/2014_05_05.jpg",https://www.newyorker.com/magazine/2014/05/05,covers/2014/2014-05-05.jpg,272616,ok
2014-05-12,2014,"The New Yorker May 12, 2014 Issue",,"https://media.newyorker.com/photos/590950d02179605b11ad2d1e/master/w_1600,c_limit/2014_05_12.jpg",https://www.newyorker.com/magazine/2014/05/12,covers/2014/2014-05-12.jpg,501912,ok
2014-05-19,2014,"The New Yorker May 19, 2014 Issue",,"https://media.newyorker.com/photos/590950d36552fa0be682ba1d/master/w_1600,c_limit/2014_05_19.jpg",https://www.newyorker.com/magazine/2014/05/19,covers/2014/2014-05-19.jpg,422526,ok
2014-05-26,2014,"The New Yorker May 26, 2014 Issue",,"https://media.newyorker.com/photos/590950d42179605b11ad2d35/master/w_1600,c_limit/2014_05_26.jpg",https://www.newyorker.com/magazine/2014/05/26,covers/2014/2014-05-26.jpg,787396,ok
2014-06-02,2014,"The New Yorker June 2, 2014 Issue",,"https://media.newyorker.com/photos/590950d61c7a8e33fb38a086/master/w_1600,c_limit/2014_06_02.jpg",https://www.newyorker.com/magazine/2014/06/02,covers/2014/2014-06-02.jpg,219463,ok
2014-06-09,2014,"The New Yorker June 9 & 16, 2014 Issue",,"https://media.newyorker.com/photos/590950d81c7a8e33fb38a092/master/w_1600,c_limit/2014_06_09.jpg",https://www.newyorker.com/magazine/2014/06/09,covers/2014/2014-06-09.jpg,383543,ok
2014-06-23,2014,"The New Yorker June 23, 2014 Issue",,"https://media.newyorker.com/photos/590950d96552fa0be682ba35/master/w_1600,c_limit/2014_06_23.jpg",https://www.newyorker.com/magazine/2014/06/23,covers/2014/2014-06-23.jpg,490334,ok
2014-06-30,2014,"The New Yorker June 30, 2014 Issue",,"https://media.newyorker.com/photos/590950daebe912338a37257a/master/w_1600,c_limit/2014_06_30.jpg",https://www.newyorker.com/magazine/2014/06/30,covers/2014/2014-06-30.jpg,245262,ok
2014-07-07,2014,"The New Yorker July 7, 2014 Issue",,"https://media.newyorker.com/photos/590950db2179605b11ad2d4e/master/w_1600,c_limit/2014_07_07.jpg",https://www.newyorker.com/magazine/2014/07/07,covers/2014/2014-07-07.jpg,329633,ok
2014-07-21,2014,"The New Yorker July 21, 2014 Issue",,"https://media.newyorker.com/photos/590950d46552fa0be682ba1f/master/w_1600,c_limit/2014_07_21.jpg",https://www.newyorker.com/magazine/2014/07/21,covers/2014/2014-07-21.jpg,428489,ok
2014-07-28,2014,"The New Yorker July 28, 2014 Issue",,"https://media.newyorker.com/photos/59095b22ebe912338a37432a/master/w_1600,c_limit/140728_2014.jpg",https://www.newyorker.com/magazine/2014/07/28,covers/2014/2014-07-28.jpg,586958,ok
2014-08-04,2014,"The New Yorker August 4, 2014 Issue",,"https://media.newyorker.com/photos/59095b4debe912338a374364/master/w_1600,c_limit/2014_08_04.jpg",https://www.newyorker.com/magazine/2014/08/04,covers/2014/2014-08-04.jpg,766830,ok
2014-08-11,2014,"The New Yorker August 11 & 18, 2014 Issue",,"https://media.newyorker.com/photos/59095b8e019dfc3494e9f5d5/master/w_1600,c_limit/2014_08_11.jpg",https://www.newyorker.com/magazine/2014/08/11,covers/2014/2014-08-11.jpg,686118,ok
2014-08-25,2014,"The New Yorker August 25, 2014 Issue",,"https://media.newyorker.com/photos/59095bfd019dfc3494e9f69d/master/w_1600,c_limit/2014_08_25.jpg",https://www.newyorker.com/magazine/2014/08/25,covers/2014/2014-08-25.jpg,514796,ok
2014-09-01,2014,"The New Yorker September 1, 2014 Issue",,"https://media.newyorker.com/photos/59095c406552fa0be682dac8/master/w_1600,c_limit/2014_09_014.jpg",https://www.newyorker.com/magazine/2014/09/01,covers/2014/2014-09-01.jpg,634693,ok
2014-09-08,2014,"The New Yorker September 8, 2014 Issue",,"https://media.newyorker.com/photos/59095c7bc14b3c606c1054e4/master/w_1600,c_limit/2014_09_081.jpg",https://www.newyorker.com/magazine/2014/09/08,covers/2014/2014-09-08.jpg,472708,ok
2014-09-15,2014,"The New Yorker September 15, 2014 Issue",,"https://media.newyorker.com/photos/59095c976552fa0be682db5d/master/w_1600,c_limit/2014_09_15.jpg",https://www.newyorker.com/magazine/2014/09/15,covers/2014/2014-09-15.jpg,715003,ok
2014-09-22,2014,"The New Yorker September 22, 2014 Issue",,"https://media.newyorker.com/photos/59095cbf6552fa0be682dbb3/master/w_1600,c_limit/2014_09_22.jpg",https://www.newyorker.com/magazine/2014/09/22,covers/2014/2014-09-22.jpg,765438,ok
2014-09-29,2014,"The New Yorker September 29, 2014 Issue",,"https://media.newyorker.com/photos/59095d111c7a8e33fb38c26f/master/w_1600,c_limit/2014_09_291.jpg",https://www.newyorker.com/magazine/2014/09/29,covers/2014/2014-09-29.jpg,736617,ok
2014-10-06,2014,"The New Yorker October 6, 2014 Issue",,"https://media.newyorker.com/photos/59095d3e1c7a8e33fb38c2cc/master/w_1600,c_limit/2014_10_06.jpg",https://www.newyorker.com/magazine/2014/10/06,covers/2014/2014-10-06.jpg,142241,ok
2014-10-13,2014,"The New Yorker October 13, 2014 Issue",,"https://media.newyorker.com/photos/59095d716552fa0be682dcfe/master/w_1600,c_limit/2014_10_13.jpg",https://www.newyorker.com/magazine/2014/10/13,covers/2014/2014-10-13.jpg,530133,ok
2014-10-20,2014,"The New Yorker October 20, 2014 Issue",,"https://media.newyorker.com/photos/59095dc4019dfc3494e9f9cb/master/w_1600,c_limit/2014_10_20.jpg",https://www.newyorker.com/magazine/2014/10/20,covers/2014/2014-10-20.jpg,896096,ok
2014-10-27,2014,"The New Yorker October 27, 2014 Issue",,"https://media.newyorker.com/photos/59095e0e2179605b11ad5140/master/w_1600,c_limit/2014_10_27.jpg",https://www.newyorker.com/magazine/2014/10/27,covers/2014/2014-10-27.jpg,660592,ok
2014-11-03,2014,"The New Yorker November 3, 2014 Issue",,"https://media.newyorker.com/photos/59095e29c14b3c606c1057ca/master/w_1600,c_limit/2014_11_03.jpg",https://www.newyorker.com/magazine/2014/11/03,covers/2014/2014-11-03.jpg,787021,ok
2014-11-10,2014,"The New Yorker November 10, 2014 Issue",,"https://media.newyorker.com/photos/59095e692179605b11ad51f4/master/w_1600,c_limit/2014_11_10.jpg",https://www.newyorker.com/magazine/2014/11/10,covers/2014/2014-11-10.jpg,358155,ok
2014-11-17,2014,"The New Yorker November 17, 2014 Issue",,"https://media.newyorker.com/photos/59095ea6ebe912338a3749aa/master/w_1600,c_limit/2014-11-17.jpg",https://www.newyorker.com/magazine/2014/11/17,covers/2014/2014-11-17.jpg,868462,ok
2014-11-24,2014,"The New Yorker November 24, 2014 Issue",,"https://media.newyorker.com/photos/59095ece019dfc3494e9fb94/master/w_1600,c_limit/2014_11_24.jpg",https://www.newyorker.com/magazine/2014/11/24,covers/2014/2014-11-24.jpg,337654,ok
2014-12-01,2014,"The New Yorker December 1, 2014 Issue",,"https://media.newyorker.com/photos/59095f121c7a8e33fb38c60c/master/w_1600,c_limit/2014-12-01.jpg",https://www.newyorker.com/magazine/2014/12/01,covers/2014/2014-12-01.jpg,792149,ok
2014-12-08,2014,"The New Yorker December 8, 2014 Issue",,"https://media.newyorker.com/photos/59095f592179605b11ad537c/master/w_1600,c_limit/2014-12-08.jpg",https://www.newyorker.com/magazine/2014/12/08,covers/2014/2014-12-08.jpg,338850,ok
2014-12-15,2014,"The New Yorker December 15, 2014 Issue",,"https://media.newyorker.com/photos/59095fa4ebe912338a374b92/master/w_1600,c_limit/2014_12_15.jpg",https://www.newyorker.com/magazine/2014/12/15,covers/2014/2014-12-15.jpg,540790,ok
2014-12-22,2014,"The New Yorker December 22 & 29, 2014 Issue",,"https://media.newyorker.com/photos/59095ffc6552fa0be682e1cb/master/w_1600,c_limit/2014_12_22.jpg",https://www.newyorker.com/magazine/2014/12/22,covers/2014/2014-12-22.jpg,782558,ok
2015-01-05,2015,"The New Yorker January 5, 2015 Issue",,"https://media.newyorker.com/photos/5909607a6552fa0be682e2cd/master/w_1600,c_limit/2015_01_05.jpg",https://www.newyorker.com/magazine/2015/01/05,covers/2015/2015-01-05.jpg,750535,ok
2015-01-12,2015,"The New Yorker January 12, 2015 Issue",,"https://media.newyorker.com/photos/59096528ebe912338a375784/master/w_1600,c_limit/2015_01_12.jpg",https://www.newyorker.com/magazine/2015/01/12,covers/2015/2015-01-12.jpg,191420,ok
2015-01-19,2015,"The New Yorker January 19, 2015 Issue",,"https://media.newyorker.com/photos/5909656debe912338a375822/master/w_1600,c_limit/CVS_TNY_01_19_15RGB_dp.jpg",https://www.newyorker.com/magazine/2015/01/19,covers/2015/2015-01-19.jpg,494677,ok
2015-01-26,2015,"The New Yorker January 26, 2015 Issue",,"https://media.newyorker.com/photos/590965e36552fa0be682ee8f/master/w_1600,c_limit/2015_01_26.jpg",https://www.newyorker.com/magazine/2015/01/26,covers/2015/2015-01-26.jpg,799754,ok
2015-02-02,2015,"The New Yorker February 2, 2015 Issue",,"https://media.newyorker.com/photos/590966166552fa0be682eefd/master/w_1600,c_limit/2015_02_02.jpg",https://www.newyorker.com/magazine/2015/02/02,covers/2015/2015-02-02.jpg,647052,ok
2015-02-09,2015,"The New Yorker February 9, 2015 Issue",,"https://media.newyorker.com/photos/5909665eebe912338a3759e5/master/w_1600,c_limit/2015-02-09.jpg",https://www.newyorker.com/magazine/2015/02/09,covers/2015/2015-02-09.jpg,616575,ok
2015-02-16,2015,"The New Yorker February 16, 2015 Issue",,"https://media.newyorker.com/photos/590966bb6552fa0be682f029/master/w_1600,c_limit/2015_02_16.jpg",https://www.newyorker.com/magazine/2015/02/16,covers/2015/2015-02-16.jpg,917224,ok
2015-02-23,2015,"The New Yorker February 23 & March 2, 2015 Issue",,"https://media.newyorker.com/photos/59096705019dfc3494ea0d2f/master/w_1600,c_limit/2015_02_23.jpg",https://www.newyorker.com/magazine/2015/02/23,covers/2015/2015-02-23.jpg,594769,ok
2015-03-09,2015,"The New Yorker March 9, 2015 Issue",,"https://media.newyorker.com/photos/590967c8019dfc3494ea0eb3/master/w_1600,c_limit/2015_03_09.png",https://www.newyorker.com/magazine/2015/03/09,covers/2015/2015-03-09.png,1523547,ok
2015-03-16,2015,"The New Yorker March 16, 2015 Issue",,"https://media.newyorker.com/photos/590968172179605b11ad6634/master/w_1600,c_limit/2015_03_16.jpg",https://www.newyorker.com/magazine/2015/03/16,covers/2015/2015-03-16.jpg,1055730,ok
2015-03-23,2015,"The New Yorker March 23, 2015 Issue",,"https://media.newyorker.com/photos/59096862ebe912338a375dd0/master/w_1600,c_limit/2015_03_231.jpg",https://www.newyorker.com/magazine/2015/03/23,covers/2015/2015-03-23.jpg,196221,ok
2015-03-30,2015,"The New Yorker March 30, 2015 Issue",,"https://media.newyorker.com/photos/590968c9c14b3c606c106da0/master/w_1600,c_limit/CVS_TNY_03_30_15RGB.png",https://www.newyorker.com/magazine/2015/03/30,covers/2015/2015-03-30.png,2051170,ok
2015-04-06,2015,"The New Yorker April 6, 2015 Issue",,"https://media.newyorker.com/photos/5909690c1c7a8e33fb38daec/master/w_1600,c_limit/2015_04_06.png",https://www.newyorker.com/magazine/2015/04/06,covers/2015/2015-04-06.png,2351236,ok
2015-04-13,2015,"The New Yorker April 13, 2015 Issue",,"https://media.newyorker.com/photos/590969486552fa0be682f581/master/w_1600,c_limit/2015_04_131.jpg",https://www.newyorker.com/magazine/2015/04/13,covers/2015/2015-04-13.jpg,1107449,ok
2015-04-20,2015,"The New Yorker April 20, 2015 Issue",,"https://media.newyorker.com/photos/590969671c7a8e33fb38dba2/master/w_1600,c_limit/04_20_15RGB.jpg",https://www.newyorker.com/magazine/2015/04/20,covers/2015/2015-04-20.jpg,558024,ok
2015-04-27,2015,"The New Yorker April 27, 2015 Issue",,"https://media.newyorker.com/photos/590969b4ebe912338a376070/master/w_1600,c_limit/2015-04-27.jpg",https://www.newyorker.com/magazine/2015/04/27,covers/2015/2015-04-27.jpg,631136,ok
2015-05-04,2015,"The New Yorker May 4, 2015 Issue",,"https://media.newyorker.com/photos/59096cf86552fa0be682fe69/master/w_1600,c_limit/05_04_15.jpg",https://www.newyorker.com/magazine/2015/05/04,covers/2015/2015-05-04.jpg,296249,ok
2015-05-11,2015,"The New Yorker May 11, 2015 Issue",,"https://media.newyorker.com/photos/59096d17c14b3c606c107728/master/w_1600,c_limit/05_11_15.jpg",https://www.newyorker.com/magazine/2015/05/11,covers/2015/2015-05-11.jpg,222937,ok
2015-05-18,2015,"The New Yorker May 18, 2015 Issue",,"https://media.newyorker.com/photos/59096d452179605b11ad71ef/master/w_1600,c_limit/CVS_TNY_05_18_15.jpg",https://www.newyorker.com/magazine/2015/05/18,covers/2015/2015-05-18.jpg,551101,ok
2015-05-25,2015,"The New Yorker May 25, 2015 Issue",,"https://media.newyorker.com/photos/59096d7bebe912338a37695e/master/w_1600,c_limit/05_25_15.jpg",https://www.newyorker.com/magazine/2015/05/25,covers/2015/2015-05-25.jpg,798109,ok
2015-06-01,2015,"The New Yorker June 1, 2015 Issue",,"https://media.newyorker.com/photos/59096da1ebe912338a3769bc/master/w_1600,c_limit/2015-06-01.jpg",https://www.newyorker.com/magazine/2015/06/01,covers/2015/2015-06-01.jpg,647394,ok
2015-06-08,2015,"The New Yorker June 8 & 15, 2015 Issue",,"https://media.newyorker.com/photos/59096de3ebe912338a376a51/master/w_1600,c_limit/06_08_15.jpg",https://www.newyorker.com/magazine/2015/06/08,covers/2015/2015-06-08.jpg,150904,ok
2015-06-22,2015,"The New Yorker June 22, 2015 Issue",,"https://media.newyorker.com/photos/59096e44c14b3c606c107978/master/w_1600,c_limit/06_22_15.jpg",https://www.newyorker.com/magazine/2015/06/22,covers/2015/2015-06-22.jpg,355940,ok
2015-06-29,2015,"The New Yorker June 29, 2015 Issue",,"https://media.newyorker.com/photos/59096e6c1c7a8e33fb38e71a/master/w_1600,c_limit/06_29_15.jpg",https://www.newyorker.com/magazine/2015/06/29,covers/2015/2015-06-29.jpg,589561,ok
2015-07-06,2015,"The New Yorker July 6 & 13, 2015 Issue",,"https://media.newyorker.com/photos/59096ea3ebe912338a376bf9/master/w_1600,c_limit/07_06_15.jpg",https://www.newyorker.com/magazine/2015/07/06,covers/2015/2015-07-06.jpg,748562,ok
2015-07-20,2015,"The New Yorker July 20, 2015 Issue",,"https://media.newyorker.com/photos/59096ecdc14b3c606c107a6f/master/w_1600,c_limit/07_20_15.jpg",https://www.newyorker.com/magazine/2015/07/20,covers/2015/2015-07-20.jpg,624217,ok
2015-07-27,2015,"The New Yorker July 27, 2015 Issue",,"https://media.newyorker.com/photos/59096effc14b3c606c107ae8/master/w_1600,c_limit/07_27_15.jpg",https://www.newyorker.com/magazine/2015/07/27,covers/2015/2015-07-27.jpg,599951,ok
2015-08-03,2015,"The New Yorker August 3, 2015 Issue",,"https://media.newyorker.com/photos/59096f212179605b11ad75aa/master/w_1600,c_limit/08_03_15.jpg",https://www.newyorker.com/magazine/2015/08/03,covers/2015/2015-08-03.jpg,598585,ok
2015-08-10,2015,"The New Yorker August 10 & 17, 2015 Issue",,"https://media.newyorker.com/photos/59096f501c7a8e33fb38e8e6/master/w_1600,c_limit/08_10_15.jpg",https://www.newyorker.com/magazine/2015/08/10,covers/2015/2015-08-10.jpg,688525,ok
2015-08-24,2015,"The New Yorker August 24, 2015 Issue",,"https://media.newyorker.com/photos/59096fb41c7a8e33fb38e9b6/master/w_1600,c_limit/08_24_15.jpg",https://www.newyorker.com/magazine/2015/08/24,covers/2015/2015-08-24.jpg,680444,ok
2015-08-31,2015,"The New Yorker August 31, 2015 Issue",,"https://media.newyorker.com/photos/59096fd6c14b3c606c107cb0/master/w_1600,c_limit/08_31_15.jpg",https://www.newyorker.com/magazine/2015/08/31,covers/2015/2015-08-31.jpg,355258,ok
2015-09-07,2015,"The New Yorker September 7, 2015 Issue",,"https://media.newyorker.com/photos/5909700f019dfc3494ea202b/master/w_1600,c_limit/09_07_15.jpg",https://www.newyorker.com/magazine/2015/09/07,covers/2015/2015-09-07.jpg,523017,ok
2015-09-14,2015,"The New Yorker September 14, 2015 Issue",,"https://media.newyorker.com/photos/5909702b019dfc3494ea206f/master/w_1600,c_limit/09_14_15.jpg",https://www.newyorker.com/magazine/2015/09/14,covers/2015/2015-09-14.jpg,648951,ok
2015-09-21,2015,"The New Yorker September 21, 2015 Issue",,"https://media.newyorker.com/photos/5909705eebe912338a376fc9/master/w_1600,c_limit/09_21_15.jpg",https://www.newyorker.com/magazine/2015/09/21,covers/2015/2015-09-21.jpg,276606,ok
2015-09-28,2015,"The New Yorker September 28, 2015 Issue",,"https://media.newyorker.com/photos/5909708ac14b3c606c107e1e/master/w_1600,c_limit/09_28_15.jpg",https://www.newyorker.com/magazine/2015/09/28,covers/2015/2015-09-28.jpg,532264,ok
2015-10-05,2015,"The New Yorker October 5, 2015 Issue",,"https://media.newyorker.com/photos/590970ca019dfc3494ea21a0/master/w_1600,c_limit/10_05_15.jpg",https://www.newyorker.com/magazine/2015/10/05,covers/2015/2015-10-05.jpg,757868,ok
2015-10-12,2015,"The New Yorker October 12, 2015 Issue",,"https://media.newyorker.com/photos/590970f12179605b11ad795b/master/w_1600,c_limit/2015_10_12.jpg",https://www.newyorker.com/magazine/2015/10/12,covers/2015/2015-10-12.jpg,595129,ok
2015-10-19,2015,"The New Yorker October 19, 2015 Issue",,"https://media.newyorker.com/photos/59097113ebe912338a377160/master/w_1600,c_limit/10_19_15.jpg",https://www.newyorker.com/magazine/2015/10/19,covers/2015/2015-10-19.jpg,414919,ok
2015-10-26,2015,"The New Yorker October 26, 2015 Issue",,"https://media.newyorker.com/photos/590971418b51cf59fc422777/master/w_1600,c_limit/10_26_15.jpg",https://www.newyorker.com/magazine/2015/10/26,covers/2015/2015-10-26.jpg,557807,ok
2015-11-02,2015,"The New Yorker November 2, 2015 Issue",,"https://media.newyorker.com/photos/590971698b51cf59fc4227de/master/w_1600,c_limit/11_02_15.jpg",https://www.newyorker.com/magazine/2015/11/02,covers/2015/2015-11-02.jpg,432561,ok
2015-11-09,2015,"The New Yorker November 9, 2015 Issue",,"https://media.newyorker.com/photos/590971b0ebe912338a3772a6/master/w_1600,c_limit/11_09_151.jpg",https://www.newyorker.com/magazine/2015/11/09,covers/2015/2015-11-09.jpg,759359,ok
2015-11-16,2015,"The New Yorker November 16, 2015 Issue",,"https://media.newyorker.com/photos/5909726e1c7a8e33fb38ef50/master/w_1600,c_limit/11_16_15-real-6902.jpg",https://www.newyorker.com/magazine/2015/11/16,covers/2015/2015-11-16.jpg,524851,ok
2015-11-23,2015,"The New Yorker November 23, 2015 Issue",,"https://media.newyorker.com/photos/59097203c14b3c606c10811c/master/w_1600,c_limit/11_23_15.jpg",https://www.newyorker.com/magazine/2015/11/23,covers/2015/2015-11-23.jpg,624817,ok
2015-11-30,2015,"The New Yorker November 30, 2015 Issue",,"https://media.newyorker.com/photos/590972512179605b11ad7c50/master/w_1600,c_limit/11_30_15.jpg",https://www.newyorker.com/magazine/2015/11/30,covers/2015/2015-11-30.jpg,493716,ok
2015-12-07,2015,"The New Yorker December 7, 2015 Issue",,"https://media.newyorker.com/photos/5909726d2179605b11ad7c8c/master/w_1600,c_limit/12_07_15.jpg",https://www.newyorker.com/magazine/2015/12/07,covers/2015/2015-12-07.jpg,355524,ok
2015-12-14,2015,"The New Yorker December 14, 2015 Issue",,"https://media.newyorker.com/photos/5909728aebe912338a377434/master/w_1600,c_limit/12_14_15.jpg",https://www.newyorker.com/magazine/2015/12/14,covers/2015/2015-12-14.jpg,1003075,ok
2015-12-21,2015,"The New Yorker December 21 & 28, 2015 Issue",,"https://media.newyorker.com/photos/59097ed11c7a8e33fb39085a/master/w_1600,c_limit/12_21_15.jpg",https://www.newyorker.com/magazine/2015/12/21,covers/2015/2015-12-21.jpg,667723,ok
2016-01-04,2016,"The New Yorker January 4, 2016 Issue",,"https://media.newyorker.com/photos/5909730a019dfc3494ea25ef/master/w_1600,c_limit/160104_a19591.jpg",https://www.newyorker.com/magazine/2016/01/04,covers/2016/2016-01-04.jpg,228558,ok
2016-01-11,2016,"The New Yorker January 11, 2016 Issue",,"https://media.newyorker.com/photos/590973268b51cf59fc422b43/master/w_1600,c_limit/01_11_16.jpg",https://www.newyorker.com/magazine/2016/01/11,covers/2016/2016-01-11.jpg,780204,ok
2016-01-18,2016,"The New Yorker January 18, 2016 Issue",,"https://media.newyorker.com/photos/5909734a8b51cf59fc422b93/master/w_1600,c_limit/01_18_16.jpg",https://www.newyorker.com/magazine/2016/01/18,covers/2016/2016-01-18.jpg,751139,ok
2016-01-25,2016,"The New Yorker January 25, 2016 Issue",,"https://media.newyorker.com/photos/590973878b51cf59fc422c1b/master/w_1600,c_limit/01_25_16.jpg",https://www.newyorker.com/magazine/2016/01/25,covers/2016/2016-01-25.jpg,958913,ok
2016-02-01,2016,"The New Yorker February 1, 2016 Issue",,"https://media.newyorker.com/photos/590973a51c7a8e33fb38f1b8/master/w_1600,c_limit/02_01_16.jpg",https://www.newyorker.com/magazine/2016/02/01,covers/2016/2016-02-01.jpg,762064,ok
2016-02-08,2016,"The New Yorker February 8 & 15, 2016 Issue",,"https://media.newyorker.com/photos/590973d4019dfc3494ea278d/master/w_1600,c_limit/02_08_16.jpg",https://www.newyorker.com/magazine/2016/02/08,covers/2016/2016-02-08.jpg,947440,ok
2016-02-22,2016,"The New Yorker February 22, 2016 Issue",,"https://media.newyorker.com/photos/590974161c7a8e33fb38f291/master/w_1600,c_limit/02_22_16.jpg",https://www.newyorker.com/magazine/2016/02/22,covers/2016/2016-02-22.jpg,562666,ok
2016-02-29,2016,"The New Yorker February 29, 2016 Issue",,"https://media.newyorker.com/photos/5909744cc14b3c606c1085a6/master/w_1600,c_limit/02_29_16.jpg",https://www.newyorker.com/magazine/2016/02/29,covers/2016/2016-02-29.jpg,476172,ok
2016-03-07,2016,"The New Yorker March 7, 2016 Issue",,"https://media.newyorker.com/photos/590974812179605b11ad80bb/master/w_1600,c_limit/03_07_16.jpg",https://www.newyorker.com/magazine/2016/03/07,covers/2016/2016-03-07.jpg,493919,ok
2016-03-21,2016,"The New Yorker March 21, 2016 Issue",,"https://media.newyorker.com/photos/590974ee1c7a8e33fb38f438/master/w_1600,c_limit/03_21_16.jpg",https://www.newyorker.com/magazine/2016/03/21,covers/2016/2016-03-21.jpg,689972,ok
2016-03-28,2016,"The New Yorker March 28, 2016 Issue",,"https://media.newyorker.com/photos/590975271c7a8e33fb38f492/master/w_1600,c_limit/03_28_16.jpg",https://www.newyorker.com/magazine/2016/03/28,covers/2016/2016-03-28.jpg,552314,ok
2016-04-04,2016,"The New Yorker April 4, 2016 Issue",,"https://media.newyorker.com/photos/5909754f8b51cf59fc422fb1/master/w_1600,c_limit/04_04_16.jpg",https://www.newyorker.com/magazine/2016/04/04,covers/2016/2016-04-04.jpg,392365,ok
2016-04-11,2016,"The New Yorker April 11, 2016 Issue",,"https://media.newyorker.com/photos/59097599c14b3c606c10885d/master/w_1600,c_limit/04_11_16.jpg",https://www.newyorker.com/magazine/2016/04/11,covers/2016/2016-04-11.jpg,279776,ok
2016-04-18,2016,"The New Yorker April 18, 2016 Issue",,"https://media.newyorker.com/photos/590975bdc14b3c606c10889f/master/w_1600,c_limit/04_18_16.jpg",https://www.newyorker.com/magazine/2016/04/18,covers/2016/2016-04-18.jpg,890314,ok
2016-04-25,2016,"The New Yorker April 25, 2016 Issue",,"https://media.newyorker.com/photos/590975f2c14b3c606c1088f4/master/w_1600,c_limit/04_25_16.jpg",https://www.newyorker.com/magazine/2016/04/25,covers/2016/2016-04-25.jpg,623190,ok
2016-05-02,2016,"The New Yorker May 2, 2016 Issue",,"https://media.newyorker.com/photos/590976388b51cf59fc423195/master/w_1600,c_limit/05_02_16.jpg",https://www.newyorker.com/magazine/2016/05/02,covers/2016/2016-05-02.jpg,79736,ok
2016-05-09,2016,"The New Yorker May 9, 2016 Issue",,"https://media.newyorker.com/photos/590976a4c14b3c606c108a97/master/w_1600,c_limit/05_09_16.jpg",https://www.newyorker.com/magazine/2016/05/09,covers/2016/2016-05-09.jpg,555898,ok
2016-05-16,2016,"The New Yorker May 16, 2016 Issue",,"https://media.newyorker.com/photos/590976a5019dfc3494ea2d0e/master/w_1600,c_limit/05_16_16.jpg",https://www.newyorker.com/magazine/2016/05/16,covers/2016/2016-05-16.jpg,300383,ok
2016-05-23,2016,"The New Yorker May 23, 2016 Issue",,"https://media.newyorker.com/photos/590976c3c14b3c606c108ae2/master/w_1600,c_limit/05_23_16.jpg",https://www.newyorker.com/magazine/2016/05/23,covers/2016/2016-05-23.jpg,637165,ok
2016-05-30,2016,"The New Yorker May 30, 2016 Issue",,"https://media.newyorker.com/photos/590976e9019dfc3494ea2da5/master/w_1600,c_limit/05_30_16.jpg",https://www.newyorker.com/magazine/2016/05/30,covers/2016/2016-05-30.jpg,452176,ok
2016-06-06,2016,"The New Yorker June 6 & 13, 2016 Issue",,"https://media.newyorker.com/photos/5d31d92359b22d000965ee5d/master/w_1600,c_limit/2016_06_06.jpg",https://www.newyorker.com/magazine/2016/06/06,covers/2016/2016-06-06.jpg,135188,ok
2016-06-20,2016,"The New Yorker June 20, 2016 Issue",,"https://media.newyorker.com/photos/590977732179605b11ad8724/master/w_1600,c_limit/06_20_16.jpg",https://www.newyorker.com/magazine/2016/06/20,covers/2016/2016-06-20.jpg,618515,ok
2016-06-27,2016,"The New Yorker June 27, 2016 Issue",,"https://media.newyorker.com/photos/590977a2ebe912338a377e64/master/w_1600,c_limit/06_27_16.jpg",https://www.newyorker.com/magazine/2016/06/27,covers/2016/2016-06-27.jpg,186726,ok
2016-07-04,2016,"The New Yorker July 4, 2016 Issue",,"https://media.newyorker.com/photos/590977cfebe912338a377ec6/master/w_1600,c_limit/TNY_07_04_16.jpg",https://www.newyorker.com/magazine/2016/07/04,covers/2016/2016-07-04.jpg,633466,ok
2016-07-11,2016,"The New Yorker July 11 & 18, 2016 Issue",,"https://media.newyorker.com/photos/590978051c7a8e33fb38fada/master/w_1600,c_limit/07_11_16.jpg",https://www.newyorker.com/magazine/2016/07/11,covers/2016/2016-07-11.jpg,407436,ok
2016-07-25,2016,"The New Yorker July 25, 2016 Issue",,"https://media.newyorker.com/photos/590978442179605b11ad88b8/master/w_1600,c_limit/07_25_16.jpg",https://www.newyorker.com/magazine/2016/07/25,covers/2016/2016-07-25.jpg,867649,ok
2016-08-01,2016,"The New Yorker August 1, 2016 Issue",,"https://media.newyorker.com/photos/5909786d2179605b11ad8905/master/w_1600,c_limit/08_01_16.jpg",https://www.newyorker.com/magazine/2016/08/01,covers/2016/2016-08-01.jpg,250659,ok
2016-08-08,2016,"The New Yorker August 8 & 15, 2016 Issue",,"https://media.newyorker.com/photos/590978ad2179605b11ad898c/master/w_1600,c_limit/08_08_16.jpg",https://www.newyorker.com/magazine/2016/08/08,covers/2016/2016-08-08.jpg,820928,ok
2016-08-22,2016,"The New Yorker August 22, 2016 Issue",,"https://media.newyorker.com/photos/5909794e2179605b11ad8ace/master/w_1600,c_limit/08_22_16.jpg",https://www.newyorker.com/magazine/2016/08/22,covers/2016/2016-08-22.jpg,629193,ok
2016-08-29,2016,"The New Yorker August 29, 2016 Issue",,"https://media.newyorker.com/photos/5909796b2179605b11ad8b0e/master/w_1600,c_limit/08_29_16.jpg",https://www.newyorker.com/magazine/2016/08/29,covers/2016/2016-08-29.jpg,495635,ok
2016-09-05,2016,"The New Yorker September 5, 2016 Issue",,"https://media.newyorker.com/photos/5909799b8b51cf59fc423877/master/w_1600,c_limit/09_05_16.jpg",https://www.newyorker.com/magazine/2016/09/05,covers/2016/2016-09-05.jpg,235435,ok
2016-09-12,2016,"The New Yorker September 12, 2016 Issue",,"https://media.newyorker.com/photos/590979bbebe912338a3782cf/master/w_1600,c_limit/09_12_16.jpg",https://www.newyorker.com/magazine/2016/09/12,covers/2016/2016-09-12.jpg,621886,ok
2016-09-19,2016,"The New Yorker September 19, 2016 Issue",,"https://media.newyorker.com/photos/590979eec14b3c606c109129/master/w_1600,c_limit/cover_160919_400x5461.gif",https://www.newyorker.com/magazine/2016/09/19,covers/2016/2016-09-19.gif,460993,ok
2016-09-26,2016,"The New Yorker September 26, 2016 Issue",,"https://media.newyorker.com/photos/59097a148b51cf59fc42396b/master/w_1600,c_limit/09_26_16.jpg",https://www.newyorker.com/magazine/2016/09/26,covers/2016/2016-09-26.jpg,531574,ok
2016-10-03,2016,"The New Yorker October 3, 2016 Issue",,"https://media.newyorker.com/photos/59097a472179605b11ad8ca2/master/w_1600,c_limit/10_03_16.jpg",https://www.newyorker.com/magazine/2016/10/03,covers/2016/2016-10-03.jpg,323950,ok
2016-10-10,2016,"The New Yorker October 10, 2016 Issue",,"https://media.newyorker.com/photos/59097a77ebe912338a378434/master/w_1600,c_limit/10_10_16.jpg",https://www.newyorker.com/magazine/2016/10/10,covers/2016/2016-10-10.jpg,619246,ok
2016-10-17,2016,"The New Yorker October 17, 2016 Issue",,"https://media.newyorker.com/photos/59097ba0019dfc3494ea371f/master/w_1600,c_limit/10_17_16-1.jpg",https://www.newyorker.com/magazine/2016/10/17,covers/2016/2016-10-17.jpg,431226,ok
2016-10-24,2016,"The New Yorker October 24, 2016 Issue",,"https://media.newyorker.com/photos/59097ae81c7a8e33fb3900cc/master/w_1600,c_limit/161024_a20218.jpg",https://www.newyorker.com/magazine/2016/10/24,covers/2016/2016-10-24.jpg,187368,ok
2016-10-31,2016,"The New Yorker October 31, 2016 Issue",,"https://media.newyorker.com/photos/59097b9e2179605b11ad8f68/master/w_1600,c_limit/161031_cover-1.jpg",https://www.newyorker.com/magazine/2016/10/31,covers/2016/2016-10-31.jpg,703145,ok
2016-11-07,2016,"The New Yorker November 7, 2016 Issue",,"https://media.newyorker.com/photos/59097b49ebe912338a3785ee/master/w_1600,c_limit/cover_161107.jpg",https://www.newyorker.com/magazine/2016/11/07,covers/2016/2016-11-07.jpg,73588,ok
2016-11-14,2016,"The New Yorker November 14, 2016 Issue",,"https://media.newyorker.com/photos/59097b97c14b3c606c109496/master/w_1600,c_limit/cover_161114.png",https://www.newyorker.com/magazine/2016/11/14,covers/2016/2016-11-14.png,2329872,ok
2016-11-21,2016,"The New Yorker November 21, 2016 Issue",,"https://media.newyorker.com/photos/59097bcfc14b3c606c10950a/master/w_1600,c_limit/161121_cover.png",https://www.newyorker.com/magazine/2016/11/21,covers/2016/2016-11-21.png,449327,ok
2016-11-28,2016,"The New Yorker November 28, 2016 Issue",,"https://media.newyorker.com/photos/59097bff019dfc3494ea37db/master/w_1600,c_limit/cover_161128.png",https://www.newyorker.com/magazine/2016/11/28,covers/2016/2016-11-28.png,2026602,ok
2016-12-05,2016,"The New Yorker December 5, 2016 Issue",,"https://media.newyorker.com/photos/59097c1f019dfc3494ea381d/master/w_1600,c_limit/cover-161205.png",https://www.newyorker.com/magazine/2016/12/05,covers/2016/2016-12-05.png,2126864,ok
2016-12-12,2016,"The New Yorker December 12, 2016 Issue",,"https://media.newyorker.com/photos/59097c578b51cf59fc423e28/master/w_1600,c_limit/cover_161212.png",https://www.newyorker.com/magazine/2016/12/12,covers/2016/2016-12-12.png,2333173,ok
2016-12-19,2016,"The New Yorker December 19 & 26, 2016 Issue",,"https://media.newyorker.com/photos/59097c6a1c7a8e33fb3903c0/master/w_1600,c_limit/cover_161219.png",https://www.newyorker.com/magazine/2016/12/19,covers/2016/2016-12-19.png,1913115,ok
2017-01-02,2017,"The New Yorker January 2, 2017 Issue",,"https://media.newyorker.com/photos/59097cb48b51cf59fc423ee3/master/w_1600,c_limit/cover_170102.jpg",https://www.newyorker.com/magazine/2017/01/02,covers/2017/2017-01-02.jpg,471843,ok
2017-01-09,2017,"The New Yorker January 9, 2017 Issue",,"https://media.newyorker.com/photos/59097cfc2179605b11ad91d4/master/w_1600,c_limit/cover_170109.png",https://www.newyorker.com/magazine/2017/01/09,covers/2017/2017-01-09.png,265715,ok
2017-01-16,2017,"The New Yorker January 16, 2017 Issue",,"https://media.newyorker.com/photos/59097d372179605b11ad9260/master/w_1600,c_limit/170116_cover.png",https://www.newyorker.com/magazine/2017/01/16,covers/2017/2017-01-16.png,1016151,ok
2017-01-23,2017,"The New Yorker January 23, 2017 Issue",,"https://media.newyorker.com/photos/59097d592179605b11ad92c2/master/w_1600,c_limit/170123_a20601.jpg",https://www.newyorker.com/magazine/2017/01/23,covers/2017/2017-01-23.jpg,70979,ok
2017-01-30,2017,"The New Yorker January 30, 2017 Issue",,"https://media.newyorker.com/photos/59097d961c7a8e33fb3905fc/master/w_1600,c_limit/cover_170130-1.png",https://www.newyorker.com/magazine/2017/01/30,covers/2017/2017-01-30.png,1970757,ok
2017-02-06,2017,"The New Yorker February 6, 2017 Issue",,"https://media.newyorker.com/photos/59097dafc14b3c606c109898/master/w_1600,c_limit/cover_170206.png",https://www.newyorker.com/magazine/2017/02/06,covers/2017/2017-02-06.png,1551034,ok
2017-02-13,2017,"The New Yorker February 13 & 20, 2017 Issue",,"https://media.newyorker.com/photos/59097de32179605b11ad93dc/master/w_1600,c_limit/cover_170213.png",https://www.newyorker.com/magazine/2017/02/13,covers/2017/2017-02-13.png,241556,ok
2017-02-27,2017,"The New Yorker February 27, 2017 Issue",,"https://media.newyorker.com/photos/59097e3d019dfc3494ea3c71/master/w_1600,c_limit/2017_02_27.png",https://www.newyorker.com/magazine/2017/02/27,covers/2017/2017-02-27.png,1382355,ok
2017-03-06,2017,"The New Yorker March 6, 2017 Issue",,"https://media.newyorker.com/photos/59097e82ebe912338a378caa/master/w_1600,c_limit/2017-03-06-2.jpg",https://www.newyorker.com/magazine/2017/03/06,covers/2017/2017-03-06.jpg,447588,ok
2017-03-13,2017,"The New Yorker March 13, 2017 Issue",,"https://media.newyorker.com/photos/59097ee71c7a8e33fb390882/master/w_1600,c_limit/2017_03_13.jpg",https://www.newyorker.com/magazine/2017/03/13,covers/2017/2017-03-13.jpg,563204,ok
2017-03-20,2017,"The New Yorker March 20, 2017 Issue",,"https://media.newyorker.com/photos/59097f052179605b11ad961c/master/w_1600,c_limit/2017_03_20.jpg",https://www.newyorker.com/magazine/2017/03/20,covers/2017/2017-03-20.jpg,564701,ok
2017-03-27,2017,"The New Yorker March 27, 2017 Issue",,"https://media.newyorker.com/photos/59097f36c14b3c606c109bbe/master/w_1600,c_limit/2017_03_27.jpg",https://www.newyorker.com/magazine/2017/03/27,covers/2017/2017-03-27.jpg,691221,ok
2017-04-03,2017,"The New Yorker April 3, 2017 Issue",,"https://media.newyorker.com/photos/59097f87c14b3c606c109c5a/master/w_1600,c_limit/170403_a20735.jpg",https://www.newyorker.com/magazine/2017/04/03,covers/2017/2017-04-03.jpg,71227,ok
2017-04-10,2017,"The New Yorker April 10, 2017 Issue",,"https://media.newyorker.com/photos/59097fa78b51cf59fc424496/master/w_1600,c_limit/2017_04_10.jpg",https://www.newyorker.com/magazine/2017/04/10,covers/2017/2017-04-10.jpg,584734,ok
2017-04-17,2017,"The New Yorker April 17, 2017 Issue",,"https://media.newyorker.com/photos/59097fd5c14b3c606c109cf8/master/w_1600,c_limit/2017_04_17.jpg",https://www.newyorker.com/magazine/2017/04/17,covers/2017/2017-04-17.jpg,638650,ok
2017-04-24,2017,"The New Yorker April 24, 2017 Issue",,"https://media.newyorker.com/photos/59098003fba4e90c8d8d90f2/master/w_1600,c_limit/2017_04_24.jpg",https://www.newyorker.com/magazine/2017/04/24,covers/2017/2017-04-24.jpg,695171,ok
2017-05-01,2017,"The New Yorker May 1, 2017 Issue",,"https://media.newyorker.com/photos/590922296552fa0be682ac39/master/w_1600,c_limit/2017_05_01.jpg",https://www.newyorker.com/magazine/2017/05/01,covers/2017/2017-05-01.jpg,562072,ok
2017-05-08,2017,"The New Yorker May 8, 2017 Issue",,"https://media.newyorker.com/photos/59098080019dfc3494ea40c5/master/w_1600,c_limit/2017_05_08.jpg",https://www.newyorker.com/magazine/2017/05/08,covers/2017/2017-05-08.jpg,474273,ok
2017-05-15,2017,"The New Yorker May 15, 2017 Issue",,"https://media.newyorker.com/photos/590be79bdf652b705f4a69f2/master/w_1600,c_limit/170515_a20571.jpg",https://www.newyorker.com/magazine/2017/05/15,covers/2017/2017-05-15.jpg,355571,ok
2017-05-22,2017,"The New Yorker May 22, 2017 Issue",,"https://media.newyorker.com/photos/5914d91ff7187d3a20e44343/master/w_1600,c_limit/2017_05_22.jpg",https://www.newyorker.com/magazine/2017/05/22,covers/2017/2017-05-22.jpg,642497,ok
2017-05-29,2017,"The New Yorker May 29, 2017 Issue",,"https://media.newyorker.com/photos/591f32b73063e05620ddae38/master/w_1600,c_limit/2017_05_29.jpg",https://www.newyorker.com/magazine/2017/05/29,covers/2017/2017-05-29.jpg,527771,ok
2017-06-05,2017,"The New Yorker June 5 & 12, 2017 Issue",,"https://media.newyorker.com/photos/59274972ee8bba725485a57d/master/w_1600,c_limit/2017_06_05.jpg",https://www.newyorker.com/magazine/2017/06/05,covers/2017/2017-06-05.jpg,466447,ok
2017-06-19,2017,"The New Yorker June 19, 2017 Issue",,"https://media.newyorker.com/photos/5939ead017f270649605bace/master/w_1600,c_limit/cover_190617_1200-1.gif",https://www.newyorker.com/magazine/2017/06/19,covers/2017/2017-06-19.gif,1610171,ok
2017-06-26,2017,"The New Yorker June 26, 2017 Issue",,"https://media.newyorker.com/photos/59454d5ff9a1161d87e49f87/master/w_1600,c_limit/2017_06_26.jpg",https://www.newyorker.com/magazine/2017/06/26,covers/2017/2017-06-26.jpg,786833,ok
2017-07-03,2017,"The New Yorker July 3, 2017 Issue",,"https://media.newyorker.com/photos/594d857c28c98152449b09a3/master/w_1600,c_limit/CVN_TNY_07_03_17RGB.jpg",https://www.newyorker.com/magazine/2017/07/03,covers/2017/2017-07-03.jpg,336399,ok
2017-07-10,2017,"The New Yorker July 10 & 17, 2017 Issue",,"https://media.newyorker.com/photos/5956e7684408e841365a5091/master/w_1600,c_limit/2017_07_10.jpg",https://www.newyorker.com/magazine/2017/07/10,covers/2017/2017-07-10.jpg,578962,ok
2017-07-24,2017,"The New Yorker July 24, 2017 Issue",,"https://media.newyorker.com/photos/5967f50964cf46759e124e5e/master/w_1600,c_limit/CVN_TNY_07_24_17RGB.jpg",https://www.newyorker.com/magazine/2017/07/24,covers/2017/2017-07-24.jpg,593617,ok
2017-07-31,2017,"The New Yorker July 31, 2017 Issue",,"https://media.newyorker.com/photos/5973f2143cdfa859e4ba51e3/master/w_1600,c_limit/2017_07_31.jpg",https://www.newyorker.com/magazine/2017/07/31,covers/2017/2017-07-31.jpg,627656,ok
2017-08-07,2017,"The New Yorker August 7 & 14, 2017 Issue",,"https://media.newyorker.com/photos/597a52a24867016af4a68495/master/w_1600,c_limit/2017_08_07.jpg",https://www.newyorker.com/magazine/2017/08/07,covers/2017/2017-08-07.jpg,663662,ok
2017-08-21,2017,"The New Yorker August 21, 2017 Issue",,"https://media.newyorker.com/photos/598e678a6b63ca2b8502088e/master/w_1600,c_limit/2017_08_21.jpg",https://www.newyorker.com/magazine/2017/08/21,covers/2017/2017-08-21.jpg,997851,ok
2017-08-28,2017,"The New Yorker August 28, 2017 Issue",,"https://media.newyorker.com/photos/5995e22cf878b22d026d5a93/master/w_1600,c_limit/2017_08_28.jpg",https://www.newyorker.com/magazine/2017/08/28,covers/2017/2017-08-28.jpg,218056,ok
2017-09-04,2017,"The New Yorker September 4, 2017 Issue",,"https://media.newyorker.com/photos/59a0445e9d53cd419f394b15/master/w_1600,c_limit/2017_09_04.jpg",https://www.newyorker.com/magazine/2017/09/04,covers/2017/2017-09-04.jpg,373509,ok
2017-09-11,2017,"The New Yorker September 11, 2017 Issue",,"https://media.newyorker.com/photos/59a88c940da97a61599cf106/master/w_1600,c_limit/CVN_TNY_09_11_17RGB.jpg",https://www.newyorker.com/magazine/2017/09/11,covers/2017/2017-09-11.jpg,358445,ok
2017-09-18,2017,"The New Yorker September 18, 2017 Issue",,"https://media.newyorker.com/photos/59b2fead0a52a80d35bc8b65/master/w_1600,c_limit/2017_09_18.jpg",https://www.newyorker.com/magazine/2017/09/18,covers/2017/2017-09-18.jpg,962207,ok
2017-09-25,2017,"The New Yorker September 25, 2017 Issue",,"https://media.newyorker.com/photos/5d31d991a350dd0008e869ea/master/w_1600,c_limit/2017_09_25.jpg",https://www.newyorker.com/magazine/2017/09/25,covers/2017/2017-09-25.jpg,489627,ok
2017-10-02,2017,"The New Yorker October 2, 2017 Issue",,"https://media.newyorker.com/photos/59c59c96a8226d3d02b008b5/master/w_1600,c_limit/2017_10_02.jpg",https://www.newyorker.com/magazine/2017/10/02,covers/2017/2017-10-02.jpg,434650,ok
2017-10-09,2017,"The New Yorker October 9, 2017 Issue",,"https://media.newyorker.com/photos/59cd73b548e81627d95e596d/master/w_1600,c_limit/2017_10_09.jpg",https://www.newyorker.com/magazine/2017/10/09,covers/2017/2017-10-09.jpg,396209,ok
2017-10-16,2017,"The New Yorker October 16, 2017 Issue",,"https://media.newyorker.com/photos/59d7af9c4eb2a32cc69afab0/master/w_1600,c_limit/2017_10_16.jpg",https://www.newyorker.com/magazine/2017/10/16,covers/2017/2017-10-16.jpg,425712,ok
2017-10-23,2017,"The New Yorker October 23, 2017 Issue",,"https://media.newyorker.com/photos/59df8673d1819904015da180/master/w_1600,c_limit/2017_10_23.jpg",https://www.newyorker.com/magazine/2017/10/23,covers/2017/2017-10-23.jpg,461262,ok
2017-10-30,2017,"The New Yorker October 30, 2017 Issue",,"https://media.newyorker.com/photos/59ea28fd02a3104564c9ac02/master/w_1600,c_limit/2017_10_30.jpg",https://www.newyorker.com/magazine/2017/10/30,covers/2017/2017-10-30.jpg,808439,ok
2017-11-06,2017,"The New Yorker November 6, 2017 Issue",,"https://media.newyorker.com/photos/59f35364109d3025526d4d21/master/w_1600,c_limit/2017_11_06.jpg",https://www.newyorker.com/magazine/2017/11/06,covers/2017/2017-11-06.jpg,767601,ok
2017-11-13,2017,"The New Yorker November 13, 2017 Issue",,"https://media.newyorker.com/photos/59fb4618f0e7106d1415e621/master/w_1600,c_limit/2017_11_13.jpg",https://www.newyorker.com/magazine/2017/11/13,covers/2017/2017-11-13.jpg,636004,ok
2017-11-20,2017,"The New Yorker November 20, 2017 Issue",,"https://media.newyorker.com/photos/5a09dd22378d6f587bb37838/master/w_1600,c_limit/2017_11_20-large.gif",https://www.newyorker.com/magazine/2017/11/20,covers/2017/2017-11-20.gif,1784014,ok
2017-11-27,2017,"The New Yorker November 27, 2017 Issue",,"https://media.newyorker.com/photos/5a12f4c38796e321f1f8b180/master/w_1600,c_limit/2017_11_27.jpg",https://www.newyorker.com/magazine/2017/11/27,covers/2017/2017-11-27.jpg,547390,ok
2017-12-04,2017,"The New Yorker December 4, 2017 Issue",,"https://media.newyorker.com/photos/5a14b2e510b4e5443b6b7798/master/w_1600,c_limit/2017_12_04.jpg",https://www.newyorker.com/magazine/2017/12/04,covers/2017/2017-12-04.jpg,293174,ok
2017-12-11,2017,"The New Yorker December 11, 2017 Issue",,"https://media.newyorker.com/photos/5a222180b2a1746cd256c5a9/master/w_1600,c_limit/2017_12_11.jpg",https://www.newyorker.com/magazine/2017/12/11,covers/2017/2017-12-11.jpg,621393,ok
2017-12-18,2017,"The New Yorker December 18 & 25, 2017 Issue",,"https://media.newyorker.com/photos/5a298784b7407c65d87f5157/master/w_1600,c_limit/2017_12_18.jpg",https://www.newyorker.com/magazine/2017/12/18,covers/2017/2017-12-18.jpg,660550,ok
2018-01-01,2018,"The New Yorker January 1, 2018 Issue",,"https://media.newyorker.com/photos/5a393b1c1daf4f0762d3f674/master/w_1600,c_limit/2018_01_01.jpg",https://www.newyorker.com/magazine/2018/01/01,covers/2018/2018-01-01.jpg,376385,ok
2018-01-08,2018,"The New Yorker January 8, 2018 Issue",,"https://media.newyorker.com/photos/5a3da032ce70d261ca44bf9d/master/w_1600,c_limit/2018_01_08.jpg",https://www.newyorker.com/magazine/2018/01/08,covers/2018/2018-01-08.jpg,271994,ok
2018-01-15,2018,"The New Yorker January 15, 2018 Issue",,"https://media.newyorker.com/photos/5a4e96ba7d38b02c7522445f/master/w_1600,c_limit/2018_01_15.jpg",https://www.newyorker.com/magazine/2018/01/15,covers/2018/2018-01-15.jpg,526766,ok
2018-01-22,2018,"The New Yorker January 22, 2018 Issue",,"https://media.newyorker.com/photos/5a5957b8a32b7c0f5515b1c8/master/w_1600,c_limit/2018_01_22.jpg",https://www.newyorker.com/magazine/2018/01/22,covers/2018/2018-01-22.jpg,284377,ok
2018-01-29,2018,"The New Yorker January 29, 2018 Issue",,"https://media.newyorker.com/photos/5a628976baf63b1c668c4862/master/w_1600,c_limit/2018_01_29.jpg",https://www.newyorker.com/magazine/2018/01/29,covers/2018/2018-01-29.jpg,849363,ok
2018-02-05,2018,"The New Yorker February 5, 2018 Issue",,"https://media.newyorker.com/photos/5a6a4b955b95f32bc2bd6f37/master/w_1600,c_limit/2018_02_05.jpg",https://www.newyorker.com/magazine/2018/02/05,covers/2018/2018-02-05.jpg,707093,ok
2018-02-12,2018,"The New Yorker February 12 & 19, 2018 Issue",,"https://media.newyorker.com/photos/5a7487eb28a0495e57013929/master/w_1600,c_limit/cover_180212_400.gif",https://www.newyorker.com/magazine/2018/02/12,covers/2018/2018-02-12.gif,315397,ok
2018-02-26,2018,"The New Yorker February 26, 2018 Issue",,"https://media.newyorker.com/photos/5a8786356f4f81018c48fc4a/master/w_1600,c_limit/2018_02_26.jpg",https://www.newyorker.com/magazine/2018/02/26,covers/2018/2018-02-26.jpg,972934,ok
2018-03-05,2018,"The New Yorker March 5, 2018 Issue",,"https://media.newyorker.com/photos/5a908563df8dba7b8d2ab0db/master/w_1600,c_limit/2018_03_05.jpg",https://www.newyorker.com/magazine/2018/03/05,covers/2018/2018-03-05.jpg,323683,ok
2018-03-12,2018,"The New Yorker March 12, 2018 Issue",,"https://media.newyorker.com/photos/5a98913368dffb7f58f4f9c2/master/w_1600,c_limit/2018_03_12.jpg",https://www.newyorker.com/magazine/2018/03/12,covers/2018/2018-03-12.jpg,641479,ok
2018-03-19,2018,"The New Yorker March 19, 2018 Issue",,"https://media.newyorker.com/photos/5aa05a4078446d33a0636dac/master/w_1600,c_limit/2018_03_19.jpg",https://www.newyorker.com/magazine/2018/03/19,covers/2018/2018-03-19.jpg,698631,ok
2018-03-26,2018,"The New Yorker March 26, 2018 Issue",,"https://media.newyorker.com/photos/5aac2e855bab483ff9591200/master/w_1600,c_limit/2018_03_26.jpg",https://www.newyorker.com/magazine/2018/03/26,covers/2018/2018-03-26.jpg,603294,ok
2018-04-02,2018,"The New Yorker April 2, 2018 Issue",,"https://media.newyorker.com/photos/5aba61fd31a8d50df08d5503/master/w_1600,c_limit/cover_180402_1200.gif",https://www.newyorker.com/magazine/2018/04/02,covers/2018/2018-04-02.gif,324591,ok
2018-04-09,2018,"The New Yorker April 9, 2018 Issue",,"https://media.newyorker.com/photos/5abe9bd1fe845038522a68cf/master/w_1600,c_limit/2018_04_09.jpg",https://www.newyorker.com/magazine/2018/04/09,covers/2018/2018-04-09.jpg,670804,ok
2018-04-16,2018,"The New Yorker April 16, 2018 Issue",,"https://media.newyorker.com/photos/5ac8e6671018e26bd33e49fb/master/w_1600,c_limit/2018_04_16.jpg",https://www.newyorker.com/magazine/2018/04/16,covers/2018/2018-04-16.jpg,1047138,ok
2018-04-23,2018,"The New Yorker April 23, 2018 Issue",,"https://media.newyorker.com/photos/5ad0ef4d8144591441756801/master/w_1600,c_limit/2018_04_23.jpg",https://www.newyorker.com/magazine/2018/04/23,covers/2018/2018-04-23.jpg,463532,ok
2018-04-30,2018,"The New Yorker April 30, 2018 Issue",,"https://media.newyorker.com/photos/5ada80c0b318a576bcf94bd5/master/w_1600,c_limit/2018_04_30.jpg",https://www.newyorker.com/magazine/2018/04/30,covers/2018/2018-04-30.jpg,379957,ok
2018-05-07,2018,"The New Yorker May 7, 2018 Issue",,"https://media.newyorker.com/photos/5ae21f9d9b71e20275026f7a/master/w_1600,c_limit/2018_05_07.jpg",https://www.newyorker.com/magazine/2018/05/07,covers/2018/2018-05-07.jpg,1013326,ok
2018-05-14,2018,"The New Yorker May 14, 2018 Issue",,"https://media.newyorker.com/photos/5aecaba57505432fc35f5694/master/w_1600,c_limit/2018_05_14.jpg",https://www.newyorker.com/magazine/2018/05/14,covers/2018/2018-05-14.jpg,770741,ok
2018-05-21,2018,"The New Yorker May 21, 2018 Issue",,"https://media.newyorker.com/photos/5af61228371770228fe7e13c/master/w_1600,c_limit/2018_05_21.jpg",https://www.newyorker.com/magazine/2018/05/21,covers/2018/2018-05-21.jpg,1098539,ok
2018-05-28,2018,"The New Yorker May 28, 2018 Issue",,"https://media.newyorker.com/photos/5afdb79fa4522d60ea3426a2/master/w_1600,c_limit/2018_05_28.jpg",https://www.newyorker.com/magazine/2018/05/28,covers/2018/2018-05-28.jpg,429464,ok
2018-06-04,2018,"The New Yorker June 4 & 11, 2018 Issue",,"https://media.newyorker.com/photos/5b0854da17cfc821059c1fd0/master/w_1600,c_limit/2018_06_04.jpg",https://www.newyorker.com/magazine/2018/06/04,covers/2018/2018-06-04.jpg,401647,ok
2018-06-18,2018,"The New Yorker June 18, 2018 Issue",,"https://media.newyorker.com/photos/5b1c38d05b78022e20383403/master/w_1600,c_limit/2018_06_18.jpg",https://www.newyorker.com/magazine/2018/06/18,covers/2018/2018-06-18.jpg,407040,ok
2018-06-25,2018,"The New Yorker June 25, 2018 Issue",,"https://media.newyorker.com/photos/5b2719a6dc613731dba2d532/master/w_1600,c_limit/2018_06_25.jpg",https://www.newyorker.com/magazine/2018/06/25,covers/2018/2018-06-25.jpg,950880,ok
2018-07-02,2018,"The New Yorker July 2, 2018 Issue",,"https://media.newyorker.com/photos/5b306cdf2acbf821b1b76157/master/w_1600,c_limit/2018_07_02.jpg",https://www.newyorker.com/magazine/2018/07/02,covers/2018/2018-07-02.jpg,709526,ok
2018-07-09,2018,"The New Yorker July 9 & 16, 2018 Issue",,"https://media.newyorker.com/photos/5b32916f55194323de6f3a1b/master/w_1600,c_limit/2018_07_09.jpg",https://www.newyorker.com/magazine/2018/07/09,covers/2018/2018-07-09.jpg,527984,ok
2018-07-23,2018,"The New Yorker July 23, 2018 Issue",,"https://media.newyorker.com/photos/5b49297b0f24b42870b0d171/master/w_1600,c_limit/2018_07_23.jpg",https://www.newyorker.com/magazine/2018/07/23,covers/2018/2018-07-23.jpg,595193,ok
2018-07-30,2018,"The New Yorker July 30, 2018 Issue",,"https://media.newyorker.com/photos/5b5557baf5a9023836589212/master/w_1600,c_limit/2018_07_30.jpg",https://www.newyorker.com/magazine/2018/07/30,covers/2018/2018-07-30.jpg,598636,ok
2018-08-06,2018,"The New Yorker August 6 & 13, 2018 Issue",,"https://media.newyorker.com/photos/5b5a0b87f571a70b737ce945/master/w_1600,c_limit/2018_08_06.jpg",https://www.newyorker.com/magazine/2018/08/06,covers/2018/2018-08-06.jpg,1029579,ok
2018-08-20,2018,"The New Yorker August 20, 2018 Issue",,"https://media.newyorker.com/photos/5b70edfb5154760b9e6ca6a0/master/w_1600,c_limit/2018_08_20.jpg",https://www.newyorker.com/magazine/2018/08/20,covers/2018/2018-08-20.jpg,562609,ok
2018-08-27,2018,"The New Yorker August 27, 2018 Issue",,"https://media.newyorker.com/photos/5b76f9ecee74c653d5be45c5/master/w_1600,c_limit/2018_08_27.jpg",https://www.newyorker.com/magazine/2018/08/27,covers/2018/2018-08-27.jpg,1257384,ok
2018-09-03,2018,"The New Yorker September 3, 2018 Issue",,"https://media.newyorker.com/photos/5b806964d193726688735e94/master/w_1600,c_limit/2018_09_03.jpg",https://www.newyorker.com/magazine/2018/09/03,covers/2018/2018-09-03.jpg,675223,ok
2018-09-10,2018,"The New Yorker September 10, 2018 Issue",,"https://media.newyorker.com/photos/5b89a04efbba100988173e6a/master/w_1600,c_limit/2018_09_10.jpg",https://www.newyorker.com/magazine/2018/09/10,covers/2018/2018-09-10.jpg,374710,ok
2018-09-17,2018,"The New Yorker September 17, 2018 Issue",,"https://media.newyorker.com/photos/5b9299013c88fe1c4e1bf24d/master/w_1600,c_limit/2018_09_17.jpg",https://www.newyorker.com/magazine/2018/09/17,covers/2018/2018-09-17.jpg,423314,ok
2018-09-24,2018,"The New Yorker September 24, 2018 Issue",,"https://media.newyorker.com/photos/5b9f2d235d64652cda80bdaf/master/w_1600,c_limit/2018_09_24.jpg",https://www.newyorker.com/magazine/2018/09/24,covers/2018/2018-09-24.jpg,467849,ok
2018-10-01,2018,"The New Yorker October 1, 2018 Issue",,"https://media.newyorker.com/photos/5ba8689759f95b2ce7becb29/master/w_1600,c_limit/2018_10_01.jpg",https://www.newyorker.com/magazine/2018/10/01,covers/2018/2018-10-01.jpg,640067,ok
2018-10-08,2018,"The New Yorker October 8, 2018 Issue",,"https://media.newyorker.com/photos/5baeb858742f932cbcb79796/master/w_1600,c_limit/2018_10_08.jpg",https://www.newyorker.com/magazine/2018/10/08,covers/2018/2018-10-08.jpg,393793,ok
2018-10-15,2018,"The New Yorker October 15, 2018 Issue",,"https://media.newyorker.com/photos/5bbad817778dc02d3cd4c81a/master/w_1600,c_limit/2018_10_15.jpg",https://www.newyorker.com/magazine/2018/10/15,covers/2018/2018-10-15.jpg,743665,ok
2018-10-22,2018,"The New Yorker October 22, 2018 Issue",,"https://media.newyorker.com/photos/5bc0d9582c734e2cee06aeaa/master/w_1600,c_limit/2018_10_22.jpg",https://www.newyorker.com/magazine/2018/10/22,covers/2018/2018-10-22.jpg,183102,ok
2018-10-29,2018,"The New Yorker October 29, 2018 Issue",,"https://media.newyorker.com/photos/5bcd4b3b289700364281dc43/master/w_1600,c_limit/2018_10_29.jpg",https://www.newyorker.com/magazine/2018/10/29,covers/2018/2018-10-29.jpg,640262,ok
2018-11-05,2018,"The New Yorker November 5, 2018 Issue",,"https://media.newyorker.com/photos/5bd3a5fe009cb72e28908cbf/master/w_1600,c_limit/2018_11_05.jpg",https://www.newyorker.com/magazine/2018/11/05,covers/2018/2018-11-05.jpg,767541,ok
2018-11-12,2018,"The New Yorker November 12, 2018 Issue",,"https://media.newyorker.com/photos/5bdb770b885843360969b895/master/w_1600,c_limit/2018_11_12.jpg",https://www.newyorker.com/magazine/2018/11/12,covers/2018/2018-11-12.jpg,831277,ok
2018-11-19,2018,"The New Yorker November 19, 2018 Issue",,"https://media.newyorker.com/photos/5be9896ebb61515074795b7e/master/w_1600,c_limit/2018_11_19.jpg",https://www.newyorker.com/magazine/2018/11/19,covers/2018/2018-11-19.jpg,630826,ok
2018-11-26,2018,"The New Yorker November 26, 2018 Issue",,"https://media.newyorker.com/photos/5bedf93f0e5f6d2347a09485/master/w_1600,c_limit/2018_11_26.jpg",https://www.newyorker.com/magazine/2018/11/26,covers/2018/2018-11-26.jpg,1096660,ok
2018-12-03,2018,"The New Yorker December 3, 2018 Issue",,"https://media.newyorker.com/photos/5bf5a748a3db312c4264255f/master/w_1600,c_limit/2018_12_03.jpg",https://www.newyorker.com/magazine/2018/12/03,covers/2018/2018-12-03.jpg,480623,ok
2018-12-10,2018,"The New Yorker December 10, 2018 Issue",,"https://media.newyorker.com/photos/5c00675912982561ecd25c37/master/w_1600,c_limit/2018_12_10.jpg",https://www.newyorker.com/magazine/2018/12/10,covers/2018/2018-12-10.jpg,1250938,ok
2018-12-17,2018,"The New Yorker December 17, 2018 Issue",,"https://media.newyorker.com/photos/5c0b0be31b07900f295678ff/master/w_1600,c_limit/2018_12_17.jpg",https://www.newyorker.com/magazine/2018/12/17,covers/2018/2018-12-17.jpg,1026826,ok
2019-01-07,2019,"The New Yorker January 7, 2019 Issue",,"https://media.newyorker.com/photos/5c1d7db056b3ba3e34f22713/master/w_1600,c_limit/2019_01_07.jpg",https://www.newyorker.com/magazine/2019/01/07,covers/2019/2019-01-07.jpg,1017793,ok
2019-01-14,2019,"The New Yorker January 14, 2019 Issue",,"https://media.newyorker.com/photos/592d97bc0c740f6f0778c984/master/w_1600,c_limit/StFelix-Renee-Stout_Featured.jpg",https://www.newyorker.com/magazine/2019/01/14,covers/2019/2019-01-14.jpg,562639,ok
2019-02-04,2019,"The New Yorker February 4, 2019 Issue",,"https://media.newyorker.com/photos/5c4b50d80e0a446c5c0348f5/master/w_1600,c_limit/2019_02_04.jpg",https://www.newyorker.com/magazine/2019/02/04,covers/2019/2019-02-04.jpg,1474261,ok
2019-02-11,2019,"The New Yorker February 11, 2019 Issue",,"https://media.newyorker.com/photos/5c54b2806de06a1eb5fb6255/master/w_1600,c_limit/2019_02_11.jpg",https://www.newyorker.com/magazine/2019/02/11,covers/2019/2019-02-11.jpg,507118,ok
2019-02-18,2019,"The New Yorker February 18 & 25, 2019 Issue",,"https://media.newyorker.com/photos/5c5dbd0af36fcb4eed3ac425/master/w_1600,c_limit/2019_02_18.jpg",https://www.newyorker.com/magazine/2019/02/18,covers/2019/2019-02-18.jpg,417040,ok
2019-03-04,2019,"The New Yorker March 4, 2019 Issue",,"https://media.newyorker.com/photos/5c70171ab603912c80f3355f/master/w_1600,c_limit/2019_03_04.jpg",https://www.newyorker.com/magazine/2019/03/04,covers/2019/2019-03-04.jpg,741347,ok
2019-03-11,2019,"The New Yorker March 11, 2019 Issue",,"https://media.newyorker.com/photos/5c785c4991cb8a5202075ae4/master/w_1600,c_limit/2019_03_11.jpg",https://www.newyorker.com/magazine/2019/03/11,covers/2019/2019-03-11.jpg,528328,ok
2019-03-18,2019,"The New Yorker March 18, 2019 Issue",,"https://media.newyorker.com/photos/5c82bdff7622202cdb7d6a20/master/w_1600,c_limit/2019_03_18.gif",https://www.newyorker.com/magazine/2019/03/18,covers/2019/2019-03-18.gif,1479077,ok
2019-03-25,2019,"The New Yorker March 25, 2019 Issue",,"https://media.newyorker.com/photos/5c8bc1ebef56b82d12330cf3/master/w_1600,c_limit/2019_03_25.jpg",https://www.newyorker.com/magazine/2019/03/25,covers/2019/2019-03-25.jpg,776117,ok
2019-04-01,2019,"The New Yorker April 1, 2019 Issue",,"https://media.newyorker.com/photos/5c9544a002c93412cad6d834/master/w_1600,c_limit/2019_04_01.jpg",https://www.newyorker.com/magazine/2019/04/01,covers/2019/2019-04-01.jpg,807720,ok
2019-04-08,2019,"The New Yorker April 8, 2019 Issue",,"https://media.newyorker.com/photos/5c9bee08caf1186a4bcd7a1d/master/w_1600,c_limit/2019_04_08.jpg",https://www.newyorker.com/magazine/2019/04/08,covers/2019/2019-04-08.jpg,490951,ok
2019-04-15,2019,"The New Yorker April 15, 2019 Issue",,"https://media.newyorker.com/photos/5ca7676478f242425e958312/master/w_1600,c_limit/2019_04_15.jpg",https://www.newyorker.com/magazine/2019/04/15,covers/2019/2019-04-15.jpg,478550,ok
2019-04-22,2019,"The New Yorker April 22, 2019 Issue",,"https://media.newyorker.com/photos/5cafb5a2e56af87d3f9dc85d/master/w_1600,c_limit/2019_04_22.jpg",https://www.newyorker.com/magazine/2019/04/22,covers/2019/2019-04-22.jpg,470544,ok
2019-04-29,2019,"The New Yorker April 29, 2019 Issue",,"https://media.newyorker.com/photos/5cb7883f85215b2b2c37ded1/master/w_1600,c_limit/2019_04_29.jpg",https://www.newyorker.com/magazine/2019/04/29,covers/2019/2019-04-29.jpg,445671,ok
2019-05-06,2019,"The New Yorker May 6, 2019 Issue",,"https://media.newyorker.com/photos/5cc35767d6b46f0b290df25b/master/w_1600,c_limit/2019_05_06.jpg",https://www.newyorker.com/magazine/2019/05/06,covers/2019/2019-05-06.jpg,965794,ok
2019-05-13,2019,"The New Yorker May 13, 2019 Issue",,"https://media.newyorker.com/photos/5ccc62723e22812e9dda3f4a/master/w_1600,c_limit/2019-05-13.jpg",https://www.newyorker.com/magazine/2019/05/13,covers/2019/2019-05-13.jpg,462529,ok
2019-05-20,2019,"The New Yorker May 20, 2019 Issue",,"https://media.newyorker.com/photos/5cd465c4be7ba046c6347038/master/w_1600,c_limit/2019_05_20.jpg",https://www.newyorker.com/magazine/2019/05/20,covers/2019/2019-05-20.jpg,424231,ok
2019-05-27,2019,"The New Yorker May 27, 2019 Issue",,"https://media.newyorker.com/photos/5cdef417a8384fade84889dd/master/w_1600,c_limit/2019_05_27.gif",https://www.newyorker.com/magazine/2019/05/27,covers/2019/2019-05-27.gif,1750871,ok
2019-06-03,2019,"The New Yorker June 3, 2019",,"https://media.newyorker.com/photos/5ce804483f43b63b526493c4/master/w_1600,c_limit/2019_06_03.jpg",https://www.newyorker.com/magazine/2019/06/03,covers/2019/2019-06-03.jpg,709504,ok
2019-06-10,2019,"The New Yorker June 10 & 17, 2019 Issue",,"https://media.newyorker.com/photos/5cefff0865b32e3f7bd9ac38/master/w_1600,c_limit/2019_06_10.jpg",https://www.newyorker.com/magazine/2019/06/10,covers/2019/2019-06-10.jpg,503835,ok
2019-06-24,2019,"The New Yorker June 24, 2019",,"https://media.newyorker.com/photos/5d029b22ab1a6d56ad9fe568/master/w_1600,c_limit/2019_06_24.jpg",https://www.newyorker.com/magazine/2019/06/24,covers/2019/2019-06-24.jpg,126080,ok
2019-07-01,2019,"The New Yorker July 1, 2019",,"https://media.newyorker.com/photos/5d0bb81e6675c9366a6cbeb3/master/w_1600,c_limit/2019_07_01.jpg",https://www.newyorker.com/magazine/2019/07/01,covers/2019/2019-07-01.jpg,445650,ok
2019-07-08,2019,"The New Yorker July 8 & 15, 2019",,"https://media.newyorker.com/photos/5d13da56c12bbb00083fd3ca/master/w_1600,c_limit/2019_07_08.jpg",https://www.newyorker.com/magazine/2019/07/08,covers/2019/2019-07-08.jpg,545547,ok
2019-07-22,2019,"The New Yorker July 22, 2019",,"https://media.newyorker.com/photos/5d308928af143b0008abe555/master/w_1600,c_limit/static%20cover%20for%20july%2022.png",https://www.newyorker.com/magazine/2019/07/22,covers/2019/2019-07-22.png,165887,ok
2019-07-29,2019,"The New Yorker July 29, 2019",,"https://media.newyorker.com/photos/5d35a2f741f48200082fedd3/master/w_1600,c_limit/2019_07_29.jpg",https://www.newyorker.com/magazine/2019/07/29,covers/2019/2019-07-29.jpg,653866,ok
2019-08-05,2019,"The New Yorker August 5 & 12, 2019",,"https://media.newyorker.com/photos/5d3b0fa98e46f10008f4094c/master/w_1600,c_limit/2019_08_05.jpg",https://www.newyorker.com/magazine/2019/08/05,covers/2019/2019-08-05.jpg,137928,ok
2019-08-19,2019,"The New Yorker August 19, 2019",,"https://media.newyorker.com/photos/5d4c8b50a0d1c70008ec584c/master/w_1600,c_limit/2019_08_19.jpg",https://www.newyorker.com/magazine/2019/08/19,covers/2019/2019-08-19.jpg,274317,ok
2019-08-26,2019,"The New Yorker August 26, 2019",,"https://media.newyorker.com/photos/5d56d17a758034000996fb9c/master/w_1600,c_limit/2019_08_26.jpg",https://www.newyorker.com/magazine/2019/08/26,covers/2019/2019-08-26.jpg,1528113,ok
2019-09-02,2019,"The New Yorker September 2, 2019",,"https://media.newyorker.com/photos/5d600f5610653a00089a8208/master/w_1600,c_limit/2019_09_02.jpg",https://www.newyorker.com/magazine/2019/09/02,covers/2019/2019-09-02.jpg,318634,ok
2019-09-09,2019,"The New Yorker September 9, 2019",,"https://media.newyorker.com/photos/5d6fe65c73299800086be2e5/master/w_1600,c_limit/favre_STYLE_690.gif",https://www.newyorker.com/magazine/2019/09/09,covers/2019/2019-09-09.gif,3912525,ok
2019-09-16,2019,"The New Yorker September 16, 2019",,"https://media.newyorker.com/photos/5d718ed84618300008e187b4/master/w_1600,c_limit/NY190916_CVN_Brunetti_Cats_Dogs_sRGB.jpg",https://www.newyorker.com/magazine/2019/09/16,covers/2019/2019-09-16.jpg,544951,ok
2019-09-23,2019,"The New Yorker September 23, 2019",,"https://media.newyorker.com/photos/5d7ab703b2f2460008c096f9/master/w_1600,c_limit/2019_09_23.jpg",https://www.newyorker.com/magazine/2019/09/23,covers/2019/2019-09-23.jpg,650996,ok
2019-09-30,2019,"The New Yorker September 30, 2019",,"https://media.newyorker.com/photos/5d88e0a65400f90008c4d37d/master/w_1600,c_limit/2019_09_30.jpg",https://www.newyorker.com/magazine/2019/09/30,covers/2019/2019-09-30.jpg,396092,ok
2019-10-07,2019,"The New Yorker October 7, 2019",,"https://media.newyorker.com/photos/5d8d76ea06152f0008cb4409/master/w_1600,c_limit/2019-10-07.jpg",https://www.newyorker.com/magazine/2019/10/07,covers/2019/2019-10-07.jpg,788851,ok
2019-10-14,2019,"The New Yorker October 14, 2019",,"https://media.newyorker.com/photos/5d967364fe294a00088bbca3/master/w_1600,c_limit/2019-10-14.jpg",https://www.newyorker.com/magazine/2019/10/14,covers/2019/2019-10-14.jpg,848345,ok
2019-10-21,2019,"The New Yorker October 21, 2019",,"https://media.newyorker.com/photos/5d9e73e7924a2b0008dfc77a/master/w_1600,c_limit/2019_10_21.jpg",https://www.newyorker.com/magazine/2019/10/21,covers/2019/2019-10-21.jpg,352466,ok
2019-10-28,2019,"The New Yorker October 28, 2019",,"https://media.newyorker.com/photos/5da8ab11b58ec20008d1fbbf/master/w_1600,c_limit/2019_10_28.jpg",https://www.newyorker.com/magazine/2019/10/28,covers/2019/2019-10-28.jpg,1327557,ok
2019-11-04,2019,"The New Yorker November 4, 2019",,"https://media.newyorker.com/photos/5db21d777508950008b23030/master/w_1600,c_limit/2019_11_04.jpg",https://www.newyorker.com/magazine/2019/11/04,covers/2019/2019-11-04.jpg,1016536,ok
2019-11-11,2019,"The New Yorker November 11, 2019",,"https://media.newyorker.com/photos/5dbc5c2fcfb8100008fea21d/master/w_1600,c_limit/2019_11_11.jpg",https://www.newyorker.com/magazine/2019/11/11,covers/2019/2019-11-11.jpg,710096,ok
2019-11-18,2019,"The New Yorker November 18, 2019",,"https://media.newyorker.com/photos/5dc48aa016692d0008a43178/master/w_1600,c_limit/2019_11_18.jpg",https://www.newyorker.com/magazine/2019/11/18,covers/2019/2019-11-18.jpg,512280,ok
2019-11-25,2019,"The New Yorker November 25, 2019",,"https://media.newyorker.com/photos/5dcc5321b50f23000876c320/master/w_1600,c_limit/2019_11_25.jpg",https://www.newyorker.com/magazine/2019/11/25,covers/2019/2019-11-25.jpg,718268,ok
2019-12-02,2019,"The New Yorker December 2, 2019",,"https://media.newyorker.com/photos/5dd73a1b62f7190008aa5f1a/master/w_1600,c_limit/2019_12_02.jpg",https://www.newyorker.com/magazine/2019/12/02,covers/2019/2019-12-02.jpg,512315,ok
2019-12-09,2019,"The New Yorker December 9, 2019",,"https://media.newyorker.com/photos/5ddd6835996e66000803b99c/master/w_1600,c_limit/2019_12_09.jpg",https://www.newyorker.com/magazine/2019/12/09,covers/2019/2019-12-09.jpg,561190,ok
2019-12-16,2019,"The New Yorker December 16, 2019",,"https://media.newyorker.com/photos/5de97c6f1925db00086acb38/master/w_1600,c_limit/2019_12_16.jpg",https://www.newyorker.com/magazine/2019/12/16,covers/2019/2019-12-16.jpg,970530,ok
2019-12-23,2019,"The New Yorker December 23, 2019",,"https://media.newyorker.com/photos/5df173f6c24d8700085cb903/master/w_1600,c_limit/2019_12_23.jpg",https://www.newyorker.com/magazine/2019/12/23,covers/2019/2019-12-23.jpg,953542,ok
2019-12-30,2019,"The New Yorker December 30, 2019",,"https://media.newyorker.com/photos/5df3f063b84cd40008decf9d/master/w_1600,c_limit/2019_12_30.jpg",https://www.newyorker.com/magazine/2019/12/30,covers/2019/2019-12-30.jpg,682965,ok
2020-01-06,2020,"The New Yorker January 6, 2020",,"https://media.newyorker.com/photos/5dfc07ce943672000878b5dc/master/w_1600,c_limit/2020_01_06.jpg",https://www.newyorker.com/magazine/2020/01/06,covers/2020/2020-01-06.jpg,772849,ok
2020-01-13,2020,"The New Yorker January 13, 2020",,"https://media.newyorker.com/photos/5e0f9ef24b47fa000acd0722/master/w_1600,c_limit/2019_01_13.jpg",https://www.newyorker.com/magazine/2020/01/13,covers/2020/2020-01-13.jpg,558091,ok
2020-01-20,2020,"The New Yorker January 20, 2020",,"https://media.newyorker.com/photos/5e18aba590d8c40009d35521/master/w_1600,c_limit/2020_01_20.jpg",https://www.newyorker.com/magazine/2020/01/20,covers/2020/2020-01-20.jpg,302987,ok
2020-01-27,2020,"The New Yorker January 27, 2020",,"https://media.newyorker.com/photos/5e20d1098838f90009d0037c/master/w_1600,c_limit/2020_01_27.jpg",https://www.newyorker.com/magazine/2020/01/27,covers/2020/2020-01-27.jpg,380813,ok
2020-02-03,2020,"The New Yorker February 3, 2020",,"https://media.newyorker.com/photos/5e29f665909d580008a32adc/master/w_1600,c_limit/2020_02_03.gif",https://www.newyorker.com/magazine/2020/02/03,covers/2020/2020-02-03.gif,2674286,ok
2020-02-10,2020,"The New Yorker February 10, 2020",,"https://media.newyorker.com/photos/5e334b9cb5c810000827e6cd/master/w_1600,c_limit/2020_02_10.jpg",https://www.newyorker.com/magazine/2020/02/10,covers/2020/2020-02-10.jpg,145499,ok
2020-02-17,2020,"The New Yorker February 17 & 24, 2020",,"https://media.newyorker.com/photos/5e3d8ac1107f6b000939130b/master/w_1600,c_limit/2020_02_17.gif",https://www.newyorker.com/magazine/2020/02/17,covers/2020/2020-02-17.gif,9314629,ok
2020-03-02,2020,"The New Yorker March 2, 2020",,"https://media.newyorker.com/photos/5e4f1bc9c4b87000081a5461/master/w_1600,c_limit/2020_03_02.jpg",https://www.newyorker.com/magazine/2020/03/02,covers/2020/2020-03-02.jpg,664264,ok
2020-03-09,2020,"The New Yorker March 9, 2020",,"https://media.newyorker.com/photos/5e5840ff4a36920008dad985/master/w_1600,c_limit/2020_03_09.jpg",https://www.newyorker.com/magazine/2020/03/09,covers/2020/2020-03-09.jpg,578098,ok
2020-03-16,2020,"The New Yorker March 16, 2020",,"https://media.newyorker.com/photos/5e603ccb1d04cf0008996b7b/master/w_1600,c_limit/2020_03_16.jpg",https://www.newyorker.com/magazine/2020/03/16,covers/2020/2020-03-16.jpg,472568,ok
2020-03-23,2020,"The New Yorker March 23, 2020",,"https://media.newyorker.com/photos/5e6a66ab763af90008a2eaea/master/w_1600,c_limit/2020_03_23.jpg",https://www.newyorker.com/magazine/2020/03/23,covers/2020/2020-03-23.jpg,430850,ok
2020-03-30,2020,"The New Yorker March 30, 2020",,"https://media.newyorker.com/photos/5e73adef8911e2000817a359/master/w_1600,c_limit/2020_03_30.jpg",https://www.newyorker.com/magazine/2020/03/30,covers/2020/2020-03-30.jpg,494275,ok
2020-04-06,2020,"The New Yorker April 6, 2020",,"https://media.newyorker.com/photos/5e7bb1f3a4c643000873b0c6/master/w_1600,c_limit/2020_04_06.jpg",https://www.newyorker.com/magazine/2020/04/06,covers/2020/2020-04-06.jpg,353749,ok
2020-04-13,2020,"The New Yorker April 13, 2020",,"https://media.newyorker.com/photos/5e8765e19b2ebc0008405861/master/w_1600,c_limit/2020_04_13.jpg",https://www.newyorker.com/magazine/2020/04/13,covers/2020/2020-04-13.jpg,381363,ok
2020-04-20,2020,"The New Yorker April 20, 2020",,"https://media.newyorker.com/photos/5e90b90bfe3260000878c2a3/master/w_1600,c_limit/2020_04_20.jpg",https://www.newyorker.com/magazine/2020/04/20,covers/2020/2020-04-20.jpg,560965,ok
2020-04-27,2020,"The New Yorker April 27, 2020",,"https://media.newyorker.com/photos/5e99e8aeac4b8100087487b9/master/w_1600,c_limit/2020_04_27.jpg",https://www.newyorker.com/magazine/2020/04/27,covers/2020/2020-04-27.jpg,165710,ok
2020-05-04,2020,"The New Yorker May 4, 2020",,"https://media.newyorker.com/photos/5ea39a54ec496d0008abd04c/master/w_1600,c_limit/2020_05_04.jpg",https://www.newyorker.com/magazine/2020/05/04,covers/2020/2020-05-04.jpg,603286,ok
2020-05-11,2020,"The New Yorker May 11, 2020",,"https://media.newyorker.com/photos/5eaaffc4cd9c8587d7ec53f0/master/w_1600,c_limit/2020_05_11.jpg",https://www.newyorker.com/magazine/2020/05/11,covers/2020/2020-05-11.jpg,1184524,ok
2020-05-18,2020,"The New Yorker May 18, 2020",,"https://media.newyorker.com/photos/5eb58a9b176132459c096b95/master/w_1600,c_limit/2020_05_18.jpg",https://www.newyorker.com/magazine/2020/05/18,covers/2020/2020-05-18.jpg,520631,ok
2020-05-25,2020,"The New Yorker May 25, 2020",,"https://media.newyorker.com/photos/5ebedc29f34525bcbfe9c31e/master/w_1600,c_limit/2020_05_25.jpg",https://www.newyorker.com/magazine/2020/05/25,covers/2020/2020-05-25.jpg,705843,ok
2020-06-01,2020,"The New Yorker June 1, 2020",,"https://media.newyorker.com/photos/5ec8188522299c5524f4b571/master/w_1600,c_limit/2020_06_01.jpg",https://www.newyorker.com/magazine/2020/06/01,covers/2020/2020-06-01.jpg,1121455,ok
2020-06-08,2020,"The New Yorker June 8 & 15, 2020",,"https://media.newyorker.com/photos/5ed17036d80080a01f980a38/master/w_1600,c_limit/2020_06_08.jpg",https://www.newyorker.com/magazine/2020/06/08,covers/2020/2020-06-08.jpg,859496,ok
2020-06-22,2020,"The New Yorker June 22, 2020",,"https://media.newyorker.com/photos/5ee2bcfbf3e036cfcf82b258/master/w_1600,c_limit/2020_06_22.jpg",https://www.newyorker.com/magazine/2020/06/22,covers/2020/2020-06-22.jpg,475949,ok
2020-06-29,2020,"The New Yorker June 29, 2020",,"https://media.newyorker.com/photos/5eebec3635257179ff2c285d/master/w_1600,c_limit/2020_06_29.jpg",https://www.newyorker.com/magazine/2020/06/29,covers/2020/2020-06-29.jpg,345411,ok
2020-07-06,2020,"The New Yorker July 6 & 13, 2020",,"https://media.newyorker.com/photos/5ef629696cf18b2e1e061909/master/w_1600,c_limit/2020_07_06.jpg",https://www.newyorker.com/magazine/2020/07/06,covers/2020/2020-07-06.jpg,327752,ok
2020-07-20,2020,"The New Yorker July 20, 2020",,"https://media.newyorker.com/photos/5f08b1dc0b6309bc04fbf517/master/w_1600,c_limit/2020_07_20.jpg",https://www.newyorker.com/magazine/2020/07/20,covers/2020/2020-07-20.jpg,368862,ok
2020-07-27,2020,"The New Yorker July 27, 2020",,"https://media.newyorker.com/photos/5f11d27990769236f61f392d/master/w_1600,c_limit/2020_07_27.gif",https://www.newyorker.com/magazine/2020/07/27,covers/2020/2020-07-27.gif,2842409,ok
2020-08-03,2020,"The New Yorker August 3 & 10, 2020",,"https://media.newyorker.com/photos/5f1b2d822a375b7f28f28510/master/w_1600,c_limit/2020_08_03.jpg",https://www.newyorker.com/magazine/2020/08/03,covers/2020/2020-08-03.jpg,509225,ok
2020-08-17,2020,"The New Yorker August 17, 2020",,"https://media.newyorker.com/photos/5f2c87f29a557880d973a75b/master/w_1600,c_limit/2020_08_17.jpg",https://www.newyorker.com/magazine/2020/08/17,covers/2020/2020-08-17.jpg,608754,ok
2020-08-24,2020,"The New Yorker August 24, 2020",,"https://media.newyorker.com/photos/5f36c2f4840e569c23e38593/master/w_1600,c_limit/2020_08_24.jpg",https://www.newyorker.com/magazine/2020/08/24,covers/2020/2020-08-24.jpg,763876,ok
2020-08-31,2020,"The New Yorker August 31, 2020",,"https://media.newyorker.com/photos/5f3ee6b0d1dbd65a6a995b17/master/w_1600,c_limit/2020_08_31.jpg",https://www.newyorker.com/magazine/2020/08/31,covers/2020/2020-08-31.jpg,614436,ok
2020-09-07,2020,"The New Yorker September 7, 2020",,"https://media.newyorker.com/photos/5f492c2f36b6ac443a7ab684/master/w_1600,c_limit/2020_09_07.jpg",https://www.newyorker.com/magazine/2020/09/07,covers/2020/2020-09-07.jpg,459761,ok
2020-09-14,2020,"The New Yorker September 14, 2020",,"https://media.newyorker.com/photos/5f529c5ac8ef58a2cabfc8c5/master/w_1600,c_limit/2020_09_14.jpg",https://www.newyorker.com/magazine/2020/09/14,covers/2020/2020-09-14.jpg,1282347,ok
2020-09-21,2020,"The New Yorker September 21, 2020",,"https://media.newyorker.com/photos/5f5aa69336b6ac443a7ac4e8/master/w_1600,c_limit/2020_09_21.jpg",https://www.newyorker.com/magazine/2020/09/21,covers/2020/2020-09-21.jpg,443329,ok
2020-09-28,2020,"The New Yorker September 28, 2020",,"https://media.newyorker.com/photos/5f63e8f50fc96ad919ad2707/master/w_1600,c_limit/2020_09_28.jpg",https://www.newyorker.com/magazine/2020/09/28,covers/2020/2020-09-28.jpg,404400,ok
2020-10-05,2020,"The New Yorker October 5, 2020",,"https://media.newyorker.com/photos/5f6a648b5eb58946a05f9016/master/w_1600,c_limit/2020_10_05.jpg",https://www.newyorker.com/magazine/2020/10/05,covers/2020/2020-10-05.jpg,341102,ok
2020-10-12,2020,"The New Yorker October 12, 2020",,"https://media.newyorker.com/photos/5f76120eb6e6b0c9d4917c92/master/w_1600,c_limit/2020_10_12.jpg",https://www.newyorker.com/magazine/2020/10/12,covers/2020/2020-10-12.jpg,292325,ok
2020-10-19,2020,"The New Yorker October 19, 2020",,"https://media.newyorker.com/photos/5f7f9ff5e8fd0f281aad54ca/master/w_1600,c_limit/2020_10_19.jpg",https://www.newyorker.com/magazine/2020/10/19,covers/2020/2020-10-19.jpg,415033,ok
2020-10-26,2020,"The New Yorker October 26, 2020",,"https://media.newyorker.com/photos/5f88ba68ee0128b05d63b0c2/master/w_1600,c_limit/2020_10_26.jpg",https://www.newyorker.com/magazine/2020/10/26,covers/2020/2020-10-26.jpg,435016,ok
2020-11-02,2020,"The New Yorker November 2, 2020",,"https://media.newyorker.com/photos/5f9214cf6bdced5ad32db151/master/w_1600,c_limit/2020_11_02.jpg",https://www.newyorker.com/magazine/2020/11/02,covers/2020/2020-11-02.jpg,888873,ok
2020-11-09,2020,"The New Yorker November 9, 2020",,"https://media.newyorker.com/photos/5f9c46e447f34744b625a9af/master/w_1600,c_limit/2020_11_09.jpg",https://www.newyorker.com/magazine/2020/11/09,covers/2020/2020-11-09.jpg,771782,ok
2020-11-16,2020,"The New Yorker November 16, 2020",,"https://media.newyorker.com/photos/5fa5ce61a6b35b129d3d3a12/master/w_1600,c_limit/2020_11_16.jpg",https://www.newyorker.com/magazine/2020/11/16,covers/2020/2020-11-16.jpg,192158,ok
2020-11-23,2020,"The New Yorker November 23, 2020",,"https://media.newyorker.com/photos/5faed181e8ca5f5faa92454e/master/w_1600,c_limit/2020_11_23.jpg",https://www.newyorker.com/magazine/2020/11/23,covers/2020/2020-11-23.jpg,408763,ok
2020-11-30,2020,"The New Yorker November 30, 2020",,"https://media.newyorker.com/photos/5fb6bbdb68ad65a860571fec/master/w_1600,c_limit/2020_11_30.jpg",https://www.newyorker.com/magazine/2020/11/30,covers/2020/2020-11-30.jpg,761732,ok
2020-12-07,2020,"The New Yorker December 7, 2020",,"https://media.newyorker.com/photos/5fbd95513804ae9851a84fa5/master/w_1600,c_limit/2020_12_07.jpg",https://www.newyorker.com/magazine/2020/12/07,covers/2020/2020-12-07.jpg,447418,ok
2020-12-14,2020,"The New Yorker December 14, 2020",,"https://media.newyorker.com/photos/5fc95a525fc79395b74d1d1f/master/w_1600,c_limit/2020_12_14.jpg",https://www.newyorker.com/magazine/2020/12/14,covers/2020/2020-12-14.jpg,868142,ok
2020-12-21,2020,"The New Yorker December 21, 2020",,"https://media.newyorker.com/photos/5fd2925b11a46dca08606834/master/w_1600,c_limit/2020_12_21.jpg",https://www.newyorker.com/magazine/2020/12/21,covers/2020/2020-12-21.jpg,304788,ok
2020-12-28,2020,"The New Yorker December 28, 2020",,"https://media.newyorker.com/photos/5fdcff8b98fa3a60d7937c6a/master/w_1600,c_limit/2020_12_28.jpg",https://www.newyorker.com/magazine/2020/12/28,covers/2020/2020-12-28.jpg,1029316,ok
2021-01-04,2021,"The New Yorker January 4 & 11, 2021",,"https://media.newyorker.com/photos/5fe11013f0d7e9ffc85a77f4/master/w_1600,c_limit/2021_01_04.jpg",https://www.newyorker.com/magazine/2021/01/04,covers/2021/2021-01-04.jpg,253362,ok
2021-01-18,2021,"The New Yorker January 18, 2021",,"https://media.newyorker.com/photos/5ff7663bcdaffa04a7b3dbc5/master/w_1600,c_limit/2020_01_18.jpg",https://www.newyorker.com/magazine/2021/01/18,covers/2021/2021-01-18.jpg,1010179,ok
2021-01-25,2021,"The New Yorker January 25, 2021",,"https://media.newyorker.com/photos/6001c8fc6a82ad94eaac23d4/master/w_1600,c_limit/2021_02_01.jpg",https://www.newyorker.com/magazine/2021/01/25,covers/2021/2021-01-25.jpg,618068,ok
2021-02-01,2021,"The New Yorker February 1, 2021",,"https://media.newyorker.com/photos/6009c44245fbff25144092b0/master/w_1600,c_limit/2021_02_01.jpg",https://www.newyorker.com/magazine/2021/02/01,covers/2021/2021-02-01.jpg,596074,ok
2021-02-08,2021,"The New Yorker February 8, 2021",,"https://media.newyorker.com/photos/60142a02a9ca5ae44cfd4cf2/master/w_1600,c_limit/2021_02_08.jpg",https://www.newyorker.com/magazine/2021/02/08,covers/2021/2021-02-08.jpg,434323,ok
2021-02-15,2021,"The New Yorker February 15 & 22, 2021",,"https://media.newyorker.com/photos/601c2cd4a60a37667b226de0/master/w_1600,c_limit/2021_02_15.jpg",https://www.newyorker.com/magazine/2021/02/15,covers/2021/2021-02-15.jpg,469159,ok
2021-03-01,2021,"The New Yorker March 1, 2021",,"https://media.newyorker.com/photos/602fd0676403e9b7900e3f0b/master/w_1600,c_limit/2021_03_01.jpg",https://www.newyorker.com/magazine/2021/03/01,covers/2021/2021-03-01.jpg,609264,ok
2021-03-08,2021,"The New Yorker March 8, 2021",,"https://media.newyorker.com/photos/60391edebeb791a982f946df/master/w_1600,c_limit/2021_03_08.jpg",https://www.newyorker.com/magazine/2021/03/08,covers/2021/2021-03-08.jpg,869615,ok
2021-03-15,2021,"The New Yorker March 15, 2021",,"https://media.newyorker.com/photos/604245f8951e91adf050fa5c/master/w_1600,c_limit/2021_03_15.jpg",https://www.newyorker.com/magazine/2021/03/15,covers/2021/2021-03-15.jpg,454962,ok
2021-03-22,2021,"The New Yorker March 22, 2021",,"https://media.newyorker.com/photos/604a68b0a3779e0ca5912faf/master/w_1600,c_limit/2021_03_22.jpg",https://www.newyorker.com/magazine/2021/03/22,covers/2021/2021-03-22.jpg,987102,ok
2021-03-29,2021,"The New Yorker March 29, 2021",,"https://media.newyorker.com/photos/605365aa4948a403e0f5f415/master/w_1600,c_limit/2021_03_29.jpg",https://www.newyorker.com/magazine/2021/03/29,covers/2021/2021-03-29.jpg,618390,ok
2021-04-05,2021,"The New Yorker April 5, 2021",,"https://media.newyorker.com/photos/605df957d7f23fcb33f6df68/master/w_1600,c_limit/2021_04_05.jpg",https://www.newyorker.com/magazine/2021/04/05,covers/2021/2021-04-05.jpg,241267,ok
2021-04-12,2021,"The New Yorker April 12, 2021",,"https://media.newyorker.com/photos/606729bd9399b1f4a8413592/master/w_1600,c_limit/2021_04_12.jpg",https://www.newyorker.com/magazine/2021/04/12,covers/2021/2021-04-12.jpg,486627,ok
2021-04-19,2021,"The New Yorker April 19, 2021",,"https://media.newyorker.com/photos/607074294178e90c5c316e02/master/w_1600,c_limit/2021_04_19.jpg",https://www.newyorker.com/magazine/2021/04/19,covers/2021/2021-04-19.jpg,985349,ok
2021-04-26,2021,"The New Yorker April 26 & May 3, 2021",,"https://media.newyorker.com/photos/60773c76efeb7fabaf59aebd/master/w_1600,c_limit/2021_04_26.jpg",https://www.newyorker.com/magazine/2021/04/26,covers/2021/2021-04-26.jpg,674646,ok
2021-05-10,2021,"The New Yorker May 10, 2021",,"https://media.newyorker.com/photos/608c0b98fa6f8ed1e909f9af/master/w_1600,c_limit/2021_05_10.jpg",https://www.newyorker.com/magazine/2021/05/10,covers/2021/2021-05-10.jpg,710336,ok
2021-05-17,2021,"The New Yorker May 17, 2021",,"https://media.newyorker.com/photos/60958e91d9873c5d7bcde7a0/master/w_1600,c_limit/2021_05_17.jpg",https://www.newyorker.com/magazine/2021/05/17,covers/2021/2021-05-17.jpg,575348,ok
2021-05-24,2021,"The New Yorker May 24, 2021",,"https://media.newyorker.com/photos/609d4ca3f1e496b2861d1638/master/w_1600,c_limit/2021_05_24.jpg",https://www.newyorker.com/magazine/2021/05/24,covers/2021/2021-05-24.jpg,170444,ok
2021-05-31,2021,"The New Yorker May 31, 2021",,"https://media.newyorker.com/photos/60a7b249f1e496b2861d1da3/master/w_1600,c_limit/2021_05_31.jpg",https://www.newyorker.com/magazine/2021/05/31,covers/2021/2021-05-31.jpg,172228,ok
2021-06-07,2021,"The New Yorker June 7, 2021",,"https://media.newyorker.com/photos/60af9e9e3d13be160443516a/master/w_1600,c_limit/2021_06_07.jpg",https://www.newyorker.com/magazine/2021/06/07,covers/2021/2021-06-07.jpg,536602,ok
2021-06-14,2021,"The New Yorker June 14, 2021",,"https://media.newyorker.com/photos/60ba4f20b3e0d2c6eebc0999/master/w_1600,c_limit/2021_06_14.jpg",https://www.newyorker.com/magazine/2021/06/14,covers/2021/2021-06-14.jpg,411150,ok
2021-06-21,2021,"The New Yorker June 21, 2021",,"https://media.newyorker.com/photos/60c3802a3c5ab0e40c255a3b/master/w_1600,c_limit/2021_06_21.jpg",https://www.newyorker.com/magazine/2021/06/21,covers/2021/2021-06-21.jpg,935641,ok
2021-06-28,2021,"The New Yorker June 28, 2021",,"https://media.newyorker.com/photos/60cb81e1c5b3ebccf0174c99/master/w_1600,c_limit/2021_06_28.jpg",https://www.newyorker.com/magazine/2021/06/28,covers/2021/2021-06-28.jpg,817641,ok
2021-07-05,2021,"The New Yorker July 5, 2021",,"https://media.newyorker.com/photos/60d6233d904d56846688ff09/master/w_1600,c_limit/2021_07_05.jpg",https://www.newyorker.com/magazine/2021/07/05,covers/2021/2021-07-05.jpg,425917,ok
2021-07-12,2021,"The New Yorker July 12 & 19, 2021",,"https://media.newyorker.com/photos/60dde5a3833fa66507c74f79/master/w_1600,c_limit/2021_07_12.gif",https://www.newyorker.com/magazine/2021/07/12,covers/2021/2021-07-12.gif,334134,ok
2021-07-26,2021,"The New Yorker July 26, 2021",,"https://media.newyorker.com/photos/60f1beccef19e519ecf4bd03/master/w_1600,c_limit/2021_07_26.jpg",https://www.newyorker.com/magazine/2021/07/26,covers/2021/2021-07-26.jpg,285555,ok
2021-08-02,2021,"The New Yorker August 2, 2021",,"https://media.newyorker.com/photos/60f9927a089494eae3956940/master/w_1600,c_limit/2021_08_02.jpg",https://www.newyorker.com/magazine/2021/08/02,covers/2021/2021-08-02.jpg,315667,ok
2021-08-09,2021,"The New Yorker August 9, 2021",,"https://media.newyorker.com/photos/6104216c67a21b4052c3561a/master/w_1600,c_limit/2021_08_09.jpg",https://www.newyorker.com/magazine/2021/08/09,covers/2021/2021-08-09.jpg,766616,ok
2021-08-16,2021,"The New Yorker August 16, 2021",,"https://media.newyorker.com/photos/610d465b1c677cbbf716f0e7/master/w_1600,c_limit/2021_08_16.jpg",https://www.newyorker.com/magazine/2021/08/16,covers/2021/2021-08-16.jpg,893056,ok
2021-08-23,2021,"The New Yorker August 23, 2021",,"https://media.newyorker.com/photos/6116b226366d9926e9c977d6/master/w_1600,c_limit/2021_08_23.jpg",https://www.newyorker.com/magazine/2021/08/23,covers/2021/2021-08-23.jpg,609373,ok
2021-08-30,2021,"The New Yorker August 30, 2021",,"https://media.newyorker.com/photos/611fd331d52fbedc295409ca/master/w_1600,c_limit/2021_08_30.jpg",https://www.newyorker.com/magazine/2021/08/30,covers/2021/2021-08-30.jpg,314735,ok
2021-09-06,2021,"The New Yorker September 6, 2021",,"https://media.newyorker.com/photos/6127c0902aba926b33a56355/master/w_1600,c_limit/2021_09_06.jpg",https://www.newyorker.com/magazine/2021/09/06,covers/2021/2021-09-06.jpg,595999,ok
2021-09-13,2021,"The New Yorker September 13, 2021",,"https://media.newyorker.com/photos/61324f3bd5fc5b6aa59755a7/master/w_1600,c_limit/2021_09_13.jpg",https://www.newyorker.com/magazine/2021/09/13,covers/2021/2021-09-13.jpg,280268,ok
2021-09-20,2021,"The New Yorker September 20, 2021",,"https://media.newyorker.com/photos/613b9193547c7e9f5210d15d/master/w_1600,c_limit/2021_09_20.jpg",https://www.newyorker.com/magazine/2021/09/20,covers/2021/2021-09-20.jpg,737679,ok
2021-09-27,2021,"The New Yorker September 27, 2021",,"https://media.newyorker.com/photos/61436583c52e139ebf521811/master/w_1600,c_limit/2021_09_27.jpg",https://www.newyorker.com/magazine/2021/09/27,covers/2021/2021-09-27.jpg,298251,ok
2021-10-04,2021,"The New Yorker October 4, 2021",,"https://media.newyorker.com/photos/614cfad6a9dc444360bb4568/master/w_1600,c_limit/2021_10_04.jpg",https://www.newyorker.com/magazine/2021/10/04,covers/2021/2021-10-04.jpg,718357,ok
2021-10-11,2021,"The New Yorker October 11, 2021",,"https://media.newyorker.com/photos/61572a1ab4fee8bfdc6f6a5d/master/w_1600,c_limit/2021_10_11.jpg",https://www.newyorker.com/magazine/2021/10/11,covers/2021/2021-10-11.jpg,328802,ok
2021-10-18,2021,"The New Yorker October 18, 2021",,"https://media.newyorker.com/photos/61607cba59460a2dfe69353e/master/w_1600,c_limit/2021_10_18.jpg",https://www.newyorker.com/magazine/2021/10/18,covers/2021/2021-10-18.jpg,300020,ok
2021-10-25,2021,"The New Yorker October 25, 2021",,"https://media.newyorker.com/photos/6169de9a51c2f3511b8b7c55/master/w_1600,c_limit/2021_10_25.jpg",https://www.newyorker.com/magazine/2021/10/25,covers/2021/2021-10-25.jpg,995946,ok
2021-11-01,2021,"The New Yorker November 1, 2021",,"https://media.newyorker.com/photos/617186786d2e2cf8d20bb052/master/w_1600,c_limit/2021_11_01.jpg",https://www.newyorker.com/magazine/2021/11/01,covers/2021/2021-11-01.jpg,613142,ok
2021-11-08,2021,"The New Yorker November 8, 2021",,"https://media.newyorker.com/photos/617b25db34022551689edfc3/master/w_1600,c_limit/2021_11_08.jpg",https://www.newyorker.com/magazine/2021/11/08,covers/2021/2021-11-08.jpg,434260,ok
2021-11-15,2021,"The New Yorker November 15, 2021",,"https://media.newyorker.com/photos/618578dddedf5ef2f7919a9f/master/w_1600,c_limit/2021_11_15.jpg",https://www.newyorker.com/magazine/2021/11/15,covers/2021/2021-11-15.jpg,786870,ok
2021-11-22,2021,"The New Yorker November 22, 2021",,"https://media.newyorker.com/photos/618e97e5d3e5033b1dc74cfd/master/w_1600,c_limit/2021_11_22.jpg",https://www.newyorker.com/magazine/2021/11/22,covers/2021/2021-11-22.jpg,706710,ok
2021-11-29,2021,"The New Yorker November 29, 2021",,"https://media.newyorker.com/photos/6196bdc6aba3acf2243cc6f5/master/w_1600,c_limit/2021_11_29.jpg",https://www.newyorker.com/magazine/2021/11/29,covers/2021/2021-11-29.jpg,497975,ok
2021-12-06,2021,"The New Yorker December 6, 2021",,"https://media.newyorker.com/photos/619e73637358ff733148cebf/master/w_1600,c_limit/2021_12_06.jpg",https://www.newyorker.com/magazine/2021/12/06,covers/2021/2021-12-06.jpg,699259,ok
2021-12-13,2021,"The New Yorker December 13, 2021",,"https://media.newyorker.com/photos/61aa68ba0d09d9cbd92e2ed4/master/w_1600,c_limit/2021_12_13.jpg",https://www.newyorker.com/magazine/2021/12/13,covers/2021/2021-12-13.jpg,1127929,ok
2021-12-20,2021,"The New Yorker December 20, 2021",,"https://media.newyorker.com/photos/61b276c3c75ce2987314bcf7/master/w_1600,c_limit/2021_12_20.jpg",https://www.newyorker.com/magazine/2021/12/20,covers/2021/2021-12-20.jpg,267904,ok
2021-12-27,2021,"The New Yorker December 27, 2021",,"https://media.newyorker.com/photos/61bb6b326ba08b20d31c8269/master/w_1600,c_limit/2021_12_27.jpg",https://www.newyorker.com/magazine/2021/12/27,covers/2021/2021-12-27.jpg,570027,ok
2022-01-03,2022,"The New Yorker January 3 & 10, 2022",,"https://media.newyorker.com/photos/61c4491a596e9083067046e5/master/w_1600,c_limit/2022_01_03.jpg",https://www.newyorker.com/magazine/2022/01/03,covers/2022/2022-01-03.jpg,487454,ok
2022-01-17,2022,"January 17, 2022",,"https://media.newyorker.com/photos/61d8773c10c3de1b6db1576f/master/w_1600,c_limit/2022_01_17.jpg",https://www.newyorker.com/magazine/2022/01/17,covers/2022/2022-01-17.jpg,653344,ok
2022-01-24,2022,"January 24, 2022",,"https://media.newyorker.com/photos/61e1c2d473406cef6c6ca841/master/w_1600,c_limit/2022_01_24.jpg",https://www.newyorker.com/magazine/2022/01/24,covers/2022/2022-01-24.jpg,477091,ok
2022-01-31,2022,"January 31, 2022",,"https://media.newyorker.com/photos/61eafc10d844c9136f80ae7a/master/w_1600,c_limit/2022_01_31.jpg",https://www.newyorker.com/magazine/2022/01/31,covers/2022/2022-01-31.jpg,658055,ok
2022-02-07,2022,"The New Yorker February 7, 2022",,"https://media.newyorker.com/photos/61f45c582e7f7e7d51764819/master/w_1600,c_limit/2022_02_07.jpg",https://www.newyorker.com/magazine/2022/02/07,covers/2022/2022-02-07.jpg,481409,ok
2022-02-14,2022,"The New Yorker February 14 & 21, 2022",,"https://media.newyorker.com/photos/61fc291be79a5725f875c340/master/w_1600,c_limit/2022_02_14.jpg",https://www.newyorker.com/magazine/2022/02/14,covers/2022/2022-02-14.jpg,437479,ok
2022-02-28,2022,"The New Yorker February 28, 2022",,"https://media.newyorker.com/photos/6210340510266b8725ad397c/master/w_1600,c_limit/2022_02_28.jpg",https://www.newyorker.com/magazine/2022/02/28,covers/2022/2022-02-28.jpg,429978,ok
2022-03-07,2022,"The New Yorker March 7, 2022",,"https://media.newyorker.com/photos/621d16fd06b103583df6ccde/master/w_1600,c_limit/2022_03_07.jpg",https://www.newyorker.com/magazine/2022/03/07,covers/2022/2022-03-07.jpg,181742,ok
2022-03-14,2022,"The New Yorker March 14, 2022",,"https://media.newyorker.com/photos/622240f593b7d1ae15fad135/master/w_1600,c_limit/2022_03_14.jpg",https://www.newyorker.com/magazine/2022/03/14,covers/2022/2022-03-14.jpg,533474,ok
2022-03-21,2022,"The New Yorker March 21, 2022",,"https://media.newyorker.com/photos/622b6ae9a7c78fa21f57f8c4/master/w_1600,c_limit/2022_03_21.jpg",https://www.newyorker.com/magazine/2022/03/21,covers/2022/2022-03-21.jpg,848690,ok
2022-03-28,2022,"The New Yorker March 28, 2022",,"https://media.newyorker.com/photos/62336867a25c316f67447c8d/master/w_1600,c_limit/2022_03_28.jpg",https://www.newyorker.com/magazine/2022/03/28,covers/2022/2022-03-28.jpg,547787,ok
2022-04-04,2022,"The New Yorker April 4, 2022",,"https://media.newyorker.com/photos/623e40867b07635d3fd01c6e/master/w_1600,c_limit/2022_04_04.jpg",https://www.newyorker.com/magazine/2022/04/04,covers/2022/2022-04-04.jpg,682078,ok
2022-04-11,2022,"The New Yorker April 11, 2022",,"https://media.newyorker.com/photos/62475a6795655810ac559063/master/w_1600,c_limit/2022_04_11.jpg",https://www.newyorker.com/magazine/2022/04/11,covers/2022/2022-04-11.jpg,473288,ok
2022-04-18,2022,"The New Yorker April 18, 2022",,"https://media.newyorker.com/photos/62508ee94d02fa97b3ad2cf5/master/w_1600,c_limit/2022_04_18.jpg",https://www.newyorker.com/magazine/2022/04/18,covers/2022/2022-04-18.jpg,1154991,ok
2022-04-25,2022,"The New Yorker April 25 & May 2, 2022",,"https://media.newyorker.com/photos/62587b1e3184cab5262af371/master/w_1600,c_limit/2022_04_25.jpg",https://www.newyorker.com/magazine/2022/04/25,covers/2022/2022-04-25.jpg,341067,ok
2022-05-09,2022,"The New Yorker May 9, 2022",,"https://media.newyorker.com/photos/626c024fa6064604d8814cac/master/w_1600,c_limit/2022_05_09.jpg",https://www.newyorker.com/magazine/2022/05/09,covers/2022/2022-05-09.jpg,368916,ok
2022-05-16,2022,"The New Yorker May 16, 2022",,"https://media.newyorker.com/photos/62758f87126352a3af5ceb58/master/w_1600,c_limit/2022_05_16.jpg",https://www.newyorker.com/magazine/2022/05/16,covers/2022/2022-05-16.jpg,234464,ok
2022-05-23,2022,"The New Yorker May 23, 2022",,"https://media.newyorker.com/photos/627e807c522054dccf9e536c/master/w_1600,c_limit/2022_05_23.jpg",https://www.newyorker.com/magazine/2022/05/23,covers/2022/2022-05-23.jpg,628267,ok
2022-05-30,2022,"The New Yorker May 30, 2022",,"https://media.newyorker.com/photos/628663f5c7fccfdc3e256486/master/w_1600,c_limit/2022_05_30.jpg",https://www.newyorker.com/magazine/2022/05/30,covers/2022/2022-05-30.jpg,645561,ok
2022-06-06,2022,"The New Yorker June 6, 2022",,"https://media.newyorker.com/photos/6291084839b54380a6503bef/master/w_1600,c_limit/2022_06_06.jpg",https://www.newyorker.com/magazine/2022/06/06,covers/2022/2022-06-06.jpg,588850,ok
2022-06-13,2022,"The New Yorker June 13, 2022",,"https://media.newyorker.com/photos/629a60b6a0a025533773dbf9/master/w_1600,c_limit/2022_06_13.jpg",https://www.newyorker.com/magazine/2022/06/13,covers/2022/2022-06-13.jpg,1126449,ok
2022-06-20,2022,"The New Yorker June 20, 2022",,"https://media.newyorker.com/photos/62a38333505bd6fe5cdb57bb/master/w_1600,c_limit/2022_06_20.jpg",https://www.newyorker.com/magazine/2022/06/20,covers/2022/2022-06-20.jpg,908083,ok
2022-06-27,2022,"The New Yorker June 27, 2022",,"https://media.newyorker.com/photos/62ac988c62ba82990c4dde08/master/w_1600,c_limit/2022_06_27.jpg",https://www.newyorker.com/magazine/2022/06/27,covers/2022/2022-06-27.jpg,846565,ok
2022-07-04,2022,"The New Yorker July 4, 2022",,"https://media.newyorker.com/photos/62b5ccba891633e828ebe2c9/master/w_1600,c_limit/2022_07_04.jpg",https://www.newyorker.com/magazine/2022/07/04,covers/2022/2022-07-04.jpg,593245,ok
2022-07-11,2022,"The New Yorker July 11 & 18, 2022",,"https://media.newyorker.com/photos/62bdc80f67dd7aec75a63590/master/w_1600,c_limit/2022_07_11.jpg",https://www.newyorker.com/magazine/2022/07/11,covers/2022/2022-07-11.jpg,876241,ok
2022-07-25,2022,"The New Yorker July 25, 2022",,"https://media.newyorker.com/photos/62d1bce3ab5dcfe4f3e81869/master/w_1600,c_limit/2022_07_25.jpg",https://www.newyorker.com/magazine/2022/07/25,covers/2022/2022-07-25.jpg,371432,ok
2022-08-01,2022,"The New Yorker August 1, 2022",,"https://media.newyorker.com/photos/62dad3e5777f42600f0166c2/master/w_1600,c_limit/2022_08_01.jpg",https://www.newyorker.com/magazine/2022/08/01,covers/2022/2022-08-01.jpg,583681,ok
2022-08-08,2022,"The New Yorker August 8, 2022",,"https://media.newyorker.com/photos/62e2bd3866602c7ee8f8830e/master/w_1600,c_limit/2022_08_08.jpg",https://www.newyorker.com/magazine/2022/08/08,covers/2022/2022-08-08.jpg,362405,ok
2022-08-15,2022,"The New Yorker August 15, 2022",,"https://media.newyorker.com/photos/62ed85f9d2a3f5d64f4efaa0/master/w_1600,c_limit/2022_08_15.jpg",https://www.newyorker.com/magazine/2022/08/15,covers/2022/2022-08-15.jpg,525052,ok
2022-08-22,2022,"The New Yorker August 22, 2022",,"https://media.newyorker.com/photos/62f66f02271cfee9b2b3c81c/master/w_1600,c_limit/2022_08_22.jpg",https://www.newyorker.com/magazine/2022/08/22,covers/2022/2022-08-22.jpg,1207087,ok
2022-08-29,2022,"The New Yorker August 29, 2022",,"https://media.newyorker.com/photos/62ffd5d4644663fa1ebddea8/master/w_1600,c_limit/2022_08_29.jpg",https://www.newyorker.com/magazine/2022/08/29,covers/2022/2022-08-29.jpg,625458,ok
2022-09-05,2022,"The New Yorker September 5, 2022",,"https://media.newyorker.com/photos/6308ea4031be9ffd05d56c10/master/w_1600,c_limit/2022_09_05.jpg",https://www.newyorker.com/magazine/2022/09/05,covers/2022/2022-09-05.jpg,702526,ok
2022-09-12,2022,"The New Yorker September 12, 2022",,"https://media.newyorker.com/photos/631229b024363a5f384bfeaf/master/w_1600,c_limit/2022_09_12.jpg",https://www.newyorker.com/magazine/2022/09/12,covers/2022/2022-09-12.jpg,1162946,ok
2022-09-19,2022,"The New Yorker September 19, 2022",,"https://media.newyorker.com/photos/631b67dae5204f6cca594e74/master/w_1600,c_limit/2022_09_19.jpg",https://www.newyorker.com/magazine/2022/09/19,covers/2022/2022-09-19.jpg,184355,ok
2022-09-26,2022,"The New Yorker September 26, 2022",,"https://media.newyorker.com/photos/6323af7e795134076d2a20eb/master/w_1600,c_limit/2022_09_26.jpg",https://www.newyorker.com/magazine/2022/09/26,covers/2022/2022-09-26.jpg,921725,ok
2022-10-03,2022,"The New Yorker October 3, 2022",,"https://media.newyorker.com/photos/632de17e882c6ff52b2d3b1f/master/w_1600,c_limit/2022_10_03.jpg",https://www.newyorker.com/magazine/2022/10/03,covers/2022/2022-10-03.jpg,606864,ok
2022-10-10,2022,"The New Yorker October 10, 2022",,"https://media.newyorker.com/photos/6335bcb9f3c36e56980f95c1/master/w_1600,c_limit/2022_10_10.jpg",https://www.newyorker.com/magazine/2022/10/10,covers/2022/2022-10-10.jpg,1271074,ok
2022-10-17,2022,"The New Yorker October 17, 2022",,"https://media.newyorker.com/photos/633ef0e15e6bb9fc7842c425/master/w_1600,c_limit/2022_10_17.jpg",https://www.newyorker.com/magazine/2022/10/17,covers/2022/2022-10-17.jpg,429480,ok
2022-10-24,2022,"The New Yorker October 24, 2022",,"https://media.newyorker.com/photos/63470b20c9764ceac916a7df/master/w_1600,c_limit/2022_10_24.jpg",https://www.newyorker.com/magazine/2022/10/24,covers/2022/2022-10-24.jpg,638716,ok
2022-10-31,2022,"The New Yorker October 31, 2022",,"https://media.newyorker.com/photos/6352c57691116d3e3db4556a/master/w_1600,c_limit/2022_10_31.jpg",https://www.newyorker.com/magazine/2022/10/31,covers/2022/2022-10-31.jpg,485669,ok
2022-11-07,2022,"The New Yorker November 7, 2022",,"https://media.newyorker.com/photos/635c00ceb120c5ac7a42bcea/master/w_1600,c_limit/2022_11_07.jpg",https://www.newyorker.com/magazine/2022/11/07,covers/2022/2022-11-07.jpg,477199,ok
2022-11-14,2022,"The New Yorker November 14, 2022",,"https://media.newyorker.com/photos/63658ae20043641f2be3b555/master/w_1600,c_limit/2022_11_14.jpg",https://www.newyorker.com/magazine/2022/11/14,covers/2022/2022-11-14.jpg,953721,ok
2022-11-21,2022,"The New Yorker November 21, 2022",,"https://media.newyorker.com/photos/636eba572857dc647aaac234/master/w_1600,c_limit/2022_11_21.jpg",https://www.newyorker.com/magazine/2022/11/21,covers/2022/2022-11-21.jpg,524483,ok
2022-11-28,2022,"The New Yorker November 28, 2022",,"https://media.newyorker.com/photos/63765ebf573147b2b8a313a3/master/w_1600,c_limit/2022_11_28.jpg",https://www.newyorker.com/magazine/2022/11/28,covers/2022/2022-11-28.jpg,768887,ok
2022-12-05,2022,"The New Yorker December 5, 2022",,"https://media.newyorker.com/photos/637d0d8fce333787da27bbc6/master/w_1600,c_limit/2022_12_05.jpg",https://www.newyorker.com/magazine/2022/12/05,covers/2022/2022-12-05.jpg,289492,ok
2022-12-12,2022,"The New Yorker December 12, 2022",,"https://media.newyorker.com/photos/638937e9aa0ea2fe7e7eadbc/master/w_1600,c_limit/2022_12_12.jpg",https://www.newyorker.com/magazine/2022/12/12,covers/2022/2022-12-12.jpg,938917,ok
2022-12-19,2022,"The New Yorker December 19, 2022",,"https://media.newyorker.com/photos/639262ce4d4403fc45f91be3/master/w_1600,c_limit/2022_12_19.jpg",https://www.newyorker.com/magazine/2022/12/19,covers/2022/2022-12-19.jpg,464124,ok
2022-12-26,2022,"The New Yorker December 26, 2022",,"https://media.newyorker.com/photos/639b63d1bc59f7f5349ef8c7/master/w_1600,c_limit/2022_12_26.jpg",https://www.newyorker.com/magazine/2022/12/26,covers/2022/2022-12-26.jpg,463987,ok
2023-01-02,2023,"The New Yorker January 2 & 9, 2023",,"https://media.newyorker.com/photos/63a32f5da292e0d27b31f3b2/master/w_1600,c_limit/2023_01_02.jpg",https://www.newyorker.com/magazine/2023/01/02,covers/2023/2023-01-02.jpg,888335,ok
2023-01-16,2023,"The New Yorker January 16, 2023",,"https://media.newyorker.com/photos/63b844b2a292e0d27b3203c7/master/w_1600,c_limit/2022_01_16.jpg",https://www.newyorker.com/magazine/2023/01/16,covers/2023/2023-01-16.jpg,643492,ok
2023-01-23,2023,"The New Yorker January 23, 2023",,"https://media.newyorker.com/photos/63c0302a2abc40da231a9650/master/w_1600,c_limit/2023_01_23.jpg",https://www.newyorker.com/magazine/2023/01/23,covers/2023/2023-01-23.jpg,274057,ok
2023-01-30,2023,"The New Yorker January 30, 2023",,"https://media.newyorker.com/photos/63cac379546c4674d6c3c80a/master/w_1600,c_limit/2023_01_30.jpg",https://www.newyorker.com/magazine/2023/01/30,covers/2023/2023-01-30.jpg,955228,ok
2023-02-06,2023,"The New Yorker February 6, 2023",,"https://media.newyorker.com/photos/63d2f4c6c1c26cb8b39088a9/master/w_1600,c_limit/2023_02_06.jpg",https://www.newyorker.com/magazine/2023/02/06,covers/2023/2023-02-06.jpg,316821,ok
2023-02-13,2023,"The New Yorker February 13 & 20, 2023",,"https://media.newyorker.com/photos/63dbdc5f2396f6c12f8c7b12/master/w_1600,c_limit/2023_02_13.jpg",https://www.newyorker.com/magazine/2023/02/13,covers/2023/2023-02-13.jpg,296592,ok
2023-02-27,2023,"The New Yorker February 27, 2023",,"https://media.newyorker.com/photos/63efa505cb49dd0dd936c860/master/w_1600,c_limit/2023_02_27.jpg",https://www.newyorker.com/magazine/2023/02/27,covers/2023/2023-02-27.jpg,1275757,ok
2023-03-06,2023,"The New Yorker March 6, 2023",,"https://media.newyorker.com/photos/63f7cf1fb77763bed4c05b58/master/w_1600,c_limit/2023_03_06.jpg",https://www.newyorker.com/magazine/2023/03/06,covers/2023/2023-03-06.jpg,698370,ok
2023-03-13,2023,"The New Yorker March 13, 2023",,"https://media.newyorker.com/photos/640204f02b772ed9eb754338/master/w_1600,c_limit/2023_03_13.jpg",https://www.newyorker.com/magazine/2023/03/13,covers/2023/2023-03-13.jpg,369408,ok
2023-03-20,2023,"The New Yorker March 20, 2023",,"https://media.newyorker.com/photos/640b592ca79eee60d137ad48/master/w_1600,c_limit/2023_03_20.jpg",https://www.newyorker.com/magazine/2023/03/20,covers/2023/2023-03-20.jpg,750513,ok
2023-03-27,2023,"The New Yorker March 27, 2023",,"https://media.newyorker.com/photos/64124885e004b9b766f81634/master/w_1600,c_limit/2023_03_27.jpg",https://www.newyorker.com/magazine/2023/03/27,covers/2023/2023-03-27.jpg,606097,ok
2023-04-03,2023,"The New Yorker April 3, 2023",,"https://media.newyorker.com/photos/641dc65ddd09cd057679a6ee/master/w_1600,c_limit/2023_04_03.jpg",https://www.newyorker.com/magazine/2023/04/03,covers/2023/2023-04-03.jpg,376621,ok
2023-04-10,2023,"The New Yorker April 10, 2023",,"https://media.newyorker.com/photos/64260bee476987132ed8a3df/master/w_1600,c_limit/2023_04_10.jpg",https://www.newyorker.com/magazine/2023/04/10,covers/2023/2023-04-10.jpg,469630,ok
2023-04-17,2023,"The New Yorker April 17, 2023",,"https://media.newyorker.com/photos/642ee499689c96247976cdd6/master/w_1600,c_limit/2023_04_17.jpg",https://www.newyorker.com/magazine/2023/04/17,covers/2023/2023-04-17.jpg,883954,ok
2023-04-24,2023,"The New Yorker April 24 & May 1, 2023",,"https://media.newyorker.com/photos/6436d2ee0a2cc22158e8d7ba/master/w_1600,c_limit/2023_04_24.jpg",https://www.newyorker.com/magazine/2023/04/24,covers/2023/2023-04-24.jpg,791393,ok
2023-05-08,2023,"The New Yorker May 8, 2023",,"https://media.newyorker.com/photos/644acca29254665a03ac4ba0/master/w_1600,c_limit/2023_05_08.jpg",https://www.newyorker.com/magazine/2023/05/08,covers/2023/2023-05-08.jpg,628824,ok
2023-05-15,2023,"The New Yorker May 15, 2023",,"https://media.newyorker.com/photos/64554be9b7642d9e0771c4a9/master/w_1600,c_limit/2023_05_15.jpg",https://www.newyorker.com/magazine/2023/05/15,covers/2023/2023-05-15.jpg,418407,ok
2023-05-22,2023,"The New Yorker May 22, 2023",,"https://media.newyorker.com/photos/645e4ec0634014f282f9ba3f/master/w_1600,c_limit/2023_05_22.jpg",https://www.newyorker.com/magazine/2023/05/22,covers/2023/2023-05-22.jpg,428477,ok
2023-05-29,2023,"The New Yorker May 29, 2023",,"https://media.newyorker.com/photos/6466604eb7642d9e0771d61b/master/w_1600,c_limit/2023_05_29.jpg",https://www.newyorker.com/magazine/2023/05/29,covers/2023/2023-05-29.jpg,705417,ok
2023-06-05,2023,"The New Yorker June 5, 2023",,"https://media.newyorker.com/photos/646f7ea687ae684cabca4ab6/master/w_1600,c_limit/2023_06_05.jpg",https://www.newyorker.com/magazine/2023/06/05,covers/2023/2023-06-05.jpg,922020,ok
2023-06-12,2023,"The New Yorker June 12, 2023",,"https://media.newyorker.com/photos/6478c056c91efd6c449e2681/master/w_1600,c_limit/2023_06_12.jpg",https://www.newyorker.com/magazine/2023/06/12,covers/2023/2023-06-12.jpg,509245,ok
2023-06-19,2023,"The New Yorker June 19, 2023",,"https://media.newyorker.com/photos/648385da328537f70292f6d7/master/w_1600,c_limit/2023_06_19.jpg",https://www.newyorker.com/magazine/2023/06/19,covers/2023/2023-06-19.jpg,1158967,ok
2023-06-26,2023,"The New Yorker June 26, 2023",,"https://media.newyorker.com/photos/648b9735f7f3206f7e21eed1/master/w_1600,c_limit/2023_06_26.jpg",https://www.newyorker.com/magazine/2023/06/26,covers/2023/2023-06-26.jpg,616285,ok
2023-07-03,2023,"The New Yorker July 3, 2023",,"https://media.newyorker.com/photos/6495e8871f95b9ee5ffd970c/master/w_1600,c_limit/2023_07_03.jpg",https://www.newyorker.com/magazine/2023/07/03,covers/2023/2023-07-03.jpg,444696,ok
2023-07-10,2023,"The New Yorker 10 & 17, 2023",,"https://media.newyorker.com/photos/649de8ee8cd3dd892516570c/master/w_1600,c_limit/2023_07_10.jpg",https://www.newyorker.com/magazine/2023/07/10,covers/2023/2023-07-10.jpg,613552,ok
2023-07-24,2023,"The New Yorker July 24, 2023",,"https://media.newyorker.com/photos/64b1b25c8cd3dd8925166694/master/w_1600,c_limit/2023_07_24.jpg",https://www.newyorker.com/magazine/2023/07/24,covers/2023/2023-07-24.jpg,547722,ok
2023-07-31,2023,"The New Yorker July 31, 2023",,"https://media.newyorker.com/photos/64ba980799c75b29bf384002/master/w_1600,c_limit/2023_07_31.jpg",https://www.newyorker.com/magazine/2023/07/31,covers/2023/2023-07-31.jpg,389709,ok
2023-08-14,2023,"The New Yorker August 14, 2023",,"https://media.newyorker.com/photos/64cc1a743b391db87dffb743/master/w_1600,c_limit/2023_08_14.jpg",https://www.newyorker.com/magazine/2023/08/14,covers/2023/2023-08-14.jpg,762686,ok
2023-08-21,2023,"The New Yorker August 21, 2023",,"https://media.newyorker.com/photos/64d51b73ed8e4dab6d4c0a8a/master/w_1600,c_limit/2023_08_21.jpg",https://www.newyorker.com/magazine/2023/08/21,covers/2023/2023-08-21.jpg,555140,ok
2023-08-28,2023,"The New Yorker August 28, 2023",,"https://media.newyorker.com/photos/64de5f9669af7f8649144440/master/w_1600,c_limit/2023_08_28.jpg",https://www.newyorker.com/magazine/2023/08/28,covers/2023/2023-08-28.jpg,195229,ok
2023-09-04,2023,"The New Yorker September 4, 2023",,"https://media.newyorker.com/photos/64e772512804df58e6cdbd85/master/w_1600,c_limit/2023_09_04.jpg",https://www.newyorker.com/magazine/2023/09/04,covers/2023/2023-09-04.jpg,393769,ok
2023-09-11,2023,"The New Yorker September 11, 2023",,"https://media.newyorker.com/photos/64f0d655b10a8219f5c2d13e/master/w_1600,c_limit/2023_09_11.jpg",https://www.newyorker.com/magazine/2023/09/11,covers/2023/2023-09-11.jpg,804500,ok
2023-09-18,2023,"The New Yorker September 18, 2023",,"https://media.newyorker.com/photos/64fb52238028194f8c08487f/master/w_1600,c_limit/2023_09_18.jpg",https://www.newyorker.com/magazine/2023/09/18,covers/2023/2023-09-18.jpg,476088,ok
2023-09-25,2023,"The New Yorker September 25, 2023",,"https://media.newyorker.com/photos/65022a9f9bbfdc86e9efaa11/master/w_1600,c_limit/2023_09_25.jpg",https://www.newyorker.com/magazine/2023/09/25,covers/2023/2023-09-25.jpg,464676,ok
2023-10-02,2023,"The New Yorker October 2, 2023",,"https://media.newyorker.com/photos/650dd4f6c48d9b127294d807/master/w_1600,c_limit/2023_10_02.jpg",https://www.newyorker.com/magazine/2023/10/02,covers/2023/2023-10-02.jpg,773338,ok
2023-10-09,2023,"The New Yorker October 9, 2023",,"https://media.newyorker.com/photos/651751b9ceac455e1c82006d/master/w_1600,c_limit/2023_10_09.jpg",https://www.newyorker.com/magazine/2023/10/09,covers/2023/2023-10-09.jpg,999400,ok
2023-10-16,2023,"The New Yorker October 16, 2023",,"https://media.newyorker.com/photos/65206a02e60c85389b83b00b/master/w_1600,c_limit/2023_10_16.jpg",https://www.newyorker.com/magazine/2023/10/16,covers/2023/2023-10-16.jpg,355713,ok
2023-10-23,2023,"The New Yorker October 23, 2023",,"https://media.newyorker.com/photos/65283b38435b28d4ebf6b4c8/master/w_1600,c_limit/2023_10_23.jpg",https://www.newyorker.com/magazine/2023/10/23,covers/2023/2023-10-23.jpg,1026833,ok
2023-10-30,2023,"The New Yorker October 30, 2023",,"https://media.newyorker.com/photos/65318f2f30b98718fda59da6/master/w_1600,c_limit/2023_10_30.jpg",https://www.newyorker.com/magazine/2023/10/30,covers/2023/2023-10-30.jpg,991484,ok
2023-11-06,2023,"The New Yorker November 6, 2023",,"https://media.newyorker.com/photos/653bf6625b9aced69685b8f5/master/w_1600,c_limit/2023_11_06.jpg",https://www.newyorker.com/magazine/2023/11/06,covers/2023/2023-11-06.jpg,231028,ok
2023-11-13,2023,"The New Yorker November 13, 2023",,"https://media.newyorker.com/photos/654508c90279e6d17f59448b/master/w_1600,c_limit/2023_11_13.jpg",https://www.newyorker.com/magazine/2023/11/13,covers/2023/2023-11-13.jpg,452671,ok
2023-11-20,2023,"The New Yorker November 20, 2023",,"https://media.newyorker.com/photos/654e5303b30e763559be3f43/master/w_1600,c_limit/2023_11_20.jpg",https://www.newyorker.com/magazine/2023/11/20,covers/2023/2023-11-20.jpg,388508,ok
2023-11-27,2023,"The New Yorker November 27, 2023",,"https://media.newyorker.com/photos/6556637c063fc65146530cdb/master/w_1600,c_limit/2023_11_27.jpg",https://www.newyorker.com/magazine/2023/11/27,covers/2023/2023-11-27.jpg,417260,ok
2023-12-04,2023,"The New Yorker December 4, 2023",,"https://media.newyorker.com/photos/655e61a623c49d4cf40a9989/master/w_1600,c_limit/2023_12_04.jpg",https://www.newyorker.com/magazine/2023/12/04,covers/2023/2023-12-04.jpg,567403,ok
2023-12-11,2023,"The New Yorker December 11, 2023",,"https://media.newyorker.com/photos/656a06af8a4c5b52d8aa7fee/master/w_1600,c_limit/2023_12_11.jpg",https://www.newyorker.com/magazine/2023/12/11,covers/2023/2023-12-11.jpg,671667,ok
2023-12-18,2023,"The New Yorker December 18, 2023",,"https://media.newyorker.com/photos/6572111e9d0b206e207b6b97/master/w_1600,c_limit/2023_12_18.jpg",https://www.newyorker.com/magazine/2023/12/18,covers/2023/2023-12-18.jpg,209117,ok
2023-12-25,2023,"The New Yorker December 25, 2023",,"https://media.newyorker.com/photos/657b30443a0475157a91318d/master/w_1600,c_limit/2023_12_25.jpg",https://www.newyorker.com/magazine/2023/12/25,covers/2023/2023-12-25.jpg,1034780,ok
2024-01-01,2024,"The New Yorker January 1 & 8, 2024",,"https://media.newyorker.com/photos/6584427c986226975368f9b6/master/w_1600,c_limit/2024_01_01.jpg",https://www.newyorker.com/magazine/2024/01/01,covers/2024/2024-01-01.jpg,511777,ok
2024-01-15,2024,"The New Yorker January 15, 2024",,"https://media.newyorker.com/photos/65972359b82cf6febdf7fd65/master/w_1600,c_limit/2024_01_15.jpg",https://www.newyorker.com/magazine/2024/01/15,covers/2024/2024-01-15.jpg,512008,ok
2024-01-22,2024,"The New Yorker January 22, 2024",,"https://media.newyorker.com/photos/65a1950cedec0c41edbab16f/master/w_1600,c_limit/2024_01_22.jpg",https://www.newyorker.com/magazine/2024/01/22,covers/2024/2024-01-22.jpg,479130,ok
2024-01-29,2024,"The New Yorker January 29, 2024",,"https://media.newyorker.com/photos/65aab7bfe750f2ed3860756d/master/w_1600,c_limit/2024_01_29.jpg",https://www.newyorker.com/magazine/2024/01/29,covers/2024/2024-01-29.jpg,747570,ok
2024-02-12,2024,"The New Yorker February 12 & 19, 2024",,"https://media.newyorker.com/photos/65bd309db01c74a3e1fec527/master/w_1600,c_limit/2024_02_12.gif",https://www.newyorker.com/magazine/2024/02/12,covers/2024/2024-02-12.gif,4868172,ok
2024-02-26,2024,"The New Yorker February 26, 2024",,"https://media.newyorker.com/photos/65cfa0dc0df41c4530d6d003/master/w_1600,c_limit/2024_02_26.jpg",https://www.newyorker.com/magazine/2024/02/26,covers/2024/2024-02-26.jpg,690233,ok
2024-03-11,2024,"The New Yorker March 11, 2024",,"https://media.newyorker.com/photos/65e0bd2c7b829714dd06052d/master/w_1600,c_limit/2024_03_11.jpg",https://www.newyorker.com/magazine/2024/03/11,covers/2024/2024-03-11.jpg,620241,ok
2024-03-18,2024,"The New Yorker March 18, 2024",,"https://media.newyorker.com/photos/65eb46a9426b06cd1820af7d/master/w_1600,c_limit/2024_03_18.jpg",https://www.newyorker.com/magazine/2024/03/18,covers/2024/2024-03-18.jpg,608269,ok
2024-03-25,2024,"The New Yorker March 25, 2024",,"https://media.newyorker.com/photos/65f372a591e28b906f31e2d5/master/w_1600,c_limit/2024_03_25.gif",https://www.newyorker.com/magazine/2024/03/25,covers/2024/2024-03-25.gif,11742601,ok
2024-04-01,2024,"The New Yorker April 1, 2024",,"https://media.newyorker.com/photos/65fc9c61c17d55d7e5c6c7c2/master/w_1600,c_limit/2024_04_01.jpg",https://www.newyorker.com/magazine/2024/04/01,covers/2024/2024-04-01.jpg,535888,ok
2024-04-08,2024,"The New Yorker April 8, 2024",,"https://media.newyorker.com/photos/66070623f45f2acabbe22af2/master/w_1600,c_limit/2024_04_08.jpg",https://www.newyorker.com/magazine/2024/04/08,covers/2024/2024-04-08.jpg,374515,ok
2024-04-15,2024,"The New Yorker April 15, 2024",,"https://media.newyorker.com/photos/661022498b7db03d9b077f41/master/w_1600,c_limit/2024_04_15.jpg",https://www.newyorker.com/magazine/2024/04/15,covers/2024/2024-04-15.jpg,518199,ok
2024-04-22,2024,"The New Yorker April 22 & 29, 2024",,"https://media.newyorker.com/photos/6617eefd92956706762a3356/master/w_1600,c_limit/2024_04_22.jpg",https://www.newyorker.com/magazine/2024/04/22,covers/2024/2024-04-22.jpg,600814,ok
2024-05-06,2024,"The New Yorker May 6, 2024",,"https://media.newyorker.com/photos/662bbe43c01910a2afb1d65f/master/w_1600,c_limit/2024_05_06.jpg",https://www.newyorker.com/magazine/2024/05/06,covers/2024/2024-05-06.jpg,979977,ok
2024-05-13,2024,"The New Yorker May 13, 2024",,"https://media.newyorker.com/photos/663539a4fb40a33000d41970/master/w_1600,c_limit/2024_05_13.jpg",https://www.newyorker.com/magazine/2024/05/13,covers/2024/2024-05-13.jpg,602723,ok
2024-05-20,2024,"The New Yorker May 20, 2024",,"https://media.newyorker.com/photos/663e53949c6676b4d0eda127/master/w_1600,c_limit/2024_05_20.jpg",https://www.newyorker.com/magazine/2024/05/20,covers/2024/2024-05-20.jpg,733929,ok
2024-05-27,2024,"The New Yorker May 27, 2024",,"https://media.newyorker.com/photos/664b4b6f1c295240ec8f6854/master/w_1600,c_limit/2024_05_27.jpg",https://www.newyorker.com/magazine/2024/05/27,covers/2024/2024-05-27.jpg,444517,ok
2024-06-03,2024,"The New Yorker June 3, 2024",,"https://media.newyorker.com/photos/664f80be578b27b62d64faea/master/w_1600,c_limit/2024_06_03.jpg",https://www.newyorker.com/magazine/2024/06/03,covers/2024/2024-06-03.jpg,531227,ok
2024-06-10,2024,"The New Yorker June 10, 2024",,"https://media.newyorker.com/photos/6659eeebe0de284dca3d276b/master/w_1600,c_limit/2024_06_10.jpg",https://www.newyorker.com/magazine/2024/06/10,covers/2024/2024-06-10.jpg,681727,ok
2024-06-17,2024,"The New Yorker June 17, 2024",,"https://media.newyorker.com/photos/66632d2a96d010805b3a400b/master/w_1600,c_limit/2024_06_17.jpg",https://www.newyorker.com/magazine/2024/06/17,covers/2024/2024-06-17.jpg,919700,ok
2024-06-24,2024,"The New Yorker June 24, 2024",,"https://media.newyorker.com/photos/666c8aea6ae46b5ef7e380a6/master/w_1600,c_limit/2024_06_24.jpg",https://www.newyorker.com/magazine/2024/06/24,covers/2024/2024-06-24.jpg,430875,ok
2024-07-01,2024,"The New Yorker July 1, 2024",,"https://media.newyorker.com/photos/66745264d7c375a38f0bf4fc/master/w_1600,c_limit/2024_07_01.jpg",https://www.newyorker.com/magazine/2024/07/01,covers/2024/2024-07-01.jpg,782486,ok
2024-07-08,2024,"The New Yorker July 8 & 15, 2024",,"https://media.newyorker.com/photos/667c7c07229b0e2cd50b4e6e/master/w_1600,c_limit/2024_07_08.jpg",https://www.newyorker.com/magazine/2024/07/08,covers/2024/2024-07-08.jpg,339622,ok
2024-07-22,2024,"The New Yorker July 22, 2024",,"https://media.newyorker.com/photos/6691817ab5e4fab722283355/master/w_1600,c_limit/2024-07-22.jpg",https://www.newyorker.com/magazine/2024/07/22,covers/2024/2024-07-22.jpg,762121,ok
2024-07-29,2024,"The New Yorker July 29, 2024",,"https://media.newyorker.com/photos/669ab2829576838428294cbd/master/w_1600,c_limit/2024_07_29.jpg",https://www.newyorker.com/magazine/2024/07/29,covers/2024/2024-07-29.jpg,301914,ok
2024-08-05,2024,"The New Yorker August 5, 2024",,"https://media.newyorker.com/photos/66a3b073f0c8138fc69d3334/master/w_1600,c_limit/2024_08_05.jpg",https://www.newyorker.com/magazine/2024/08/05,covers/2024/2024-08-05.jpg,624473,ok
2024-08-12,2024,"The New Yorker August 12, 2024",,"https://media.newyorker.com/photos/66abf294e159a2752c120877/master/w_1600,c_limit/2024_08_12.jpg",https://www.newyorker.com/magazine/2024/08/12,covers/2024/2024-08-12.jpg,878499,ok
2024-08-19,2024,"The New Yorker August 19, 2024",,"https://media.newyorker.com/photos/66b6384c6a816f9eb42f200e/master/w_1600,c_limit/2024_08_19.jpg",https://www.newyorker.com/magazine/2024/08/19,covers/2024/2024-08-19.jpg,877463,ok
2024-08-26,2024,"The New Yorker August 26, 2024",,"https://media.newyorker.com/photos/66bf70c9ee490c9f990e5b13/master/w_1600,c_limit/2024_08_26.jpg",https://www.newyorker.com/magazine/2024/08/26,covers/2024/2024-08-26.jpg,861748,ok
2024-09-02,2024,"The New Yorker September 2, 2024",,"https://media.newyorker.com/photos/66c7b070a1be65848e18076a/master/w_1600,c_limit/2024_09_02.jpg",https://www.newyorker.com/magazine/2024/09/02,covers/2024/2024-09-02.jpg,440838,ok
2024-09-09,2024,"The New Yorker September 9, 2024",,"https://media.newyorker.com/photos/66d0e65c9feece26caa45e06/master/w_1600,c_limit/2024_09_09.jpg",https://www.newyorker.com/magazine/2024/09/09,covers/2024/2024-09-09.jpg,472914,ok
2024-09-16,2024,"The New Yorker September 16, 2024",,"https://media.newyorker.com/photos/66daef98e31bf0597b03e8d4/master/w_1600,c_limit/2024_09_16.jpg",https://www.newyorker.com/magazine/2024/09/16,covers/2024/2024-09-16.jpg,611925,ok
2024-09-23,2024,"The New Yorker September 23, 2024",,"https://media.newyorker.com/photos/66e308d30fad60d5a06f8d72/master/w_1600,c_limit/2024_09_23.jpg",https://www.newyorker.com/magazine/2024/09/23,covers/2024/2024-09-23.jpg,221022,ok
2024-09-30,2024,"The New Yorker September 30, 2024",,"https://media.newyorker.com/photos/66ec5163a28cb0b9b95a080e/master/w_1600,c_limit/2024_09_30.jpg",https://www.newyorker.com/magazine/2024/09/30,covers/2024/2024-09-30.jpg,667858,ok
2024-10-07,2024,"The New Yorker October 7, 2024",,"https://media.newyorker.com/photos/66f58e5a3ac34ce2504dfe10/master/w_1600,c_limit/2024_10_07.jpg",https://www.newyorker.com/magazine/2024/10/07,covers/2024/2024-10-07.jpg,104876,ok
2024-10-14,2024,"The New Yorker October 14, 2024",,"https://media.newyorker.com/photos/66feb34dd8c29ff92198e2ba/master/w_1600,c_limit/2024_10_14.jpg",https://www.newyorker.com/magazine/2024/10/14,covers/2024/2024-10-14.jpg,847074,ok
2024-10-21,2024,"The New Yorker October 21, 2024",,"https://media.newyorker.com/photos/6708309feaf17b890dc8ddd0/master/w_1600,c_limit/2024_10_21.jpg",https://www.newyorker.com/magazine/2024/10/21,covers/2024/2024-10-21.jpg,411346,ok
2024-10-28,2024,"The New Yorker October 28, 2024",,"https://media.newyorker.com/photos/67103153c5eb692e1b2e5a1d/master/w_1600,c_limit/2024_10_28.jpg",https://www.newyorker.com/magazine/2024/10/28,covers/2024/2024-10-28.jpg,609639,ok
2024-11-04,2024,"The New Yorker November 4, 2024",,"https://media.newyorker.com/photos/671a9b57c0dbb2f6d86d060d/master/w_1600,c_limit/2024_11_04.jpg",https://www.newyorker.com/magazine/2024/11/04,covers/2024/2024-11-04.jpg,546067,ok
2024-11-11,2024,"The New Yorker November 11, 2024",,"https://media.newyorker.com/photos/6723963f7e4572fd19679a2a/master/w_1600,c_limit/2024_11_11.jpg",https://www.newyorker.com/magazine/2024/11/11,covers/2024/2024-11-11.jpg,552593,ok
2024-11-18,2024,"The New Yorker November 18, 2024",,"https://media.newyorker.com/photos/672ea4471d03c08cf718cb53/master/w_1600,c_limit/2024_11_18.jpg",https://www.newyorker.com/magazine/2024/11/18,covers/2024/2024-11-18.jpg,401918,ok
2024-11-25,2024,"The New Yorker November 25, 2024",,"https://media.newyorker.com/photos/67366fc01578c3e58720ca70/master/w_1600,c_limit/2024_11_25.jpg",https://www.newyorker.com/magazine/2024/11/25,covers/2024/2024-11-25.jpg,546561,ok
2024-12-02,2024,"The New Yorker December 2, 2024",,"https://media.newyorker.com/photos/674126f569a96941de051e81/master/w_1600,c_limit/2024_12_02.jpg",https://www.newyorker.com/magazine/2024/12/02,covers/2024/2024-12-02.jpg,823322,ok
2024-12-09,2024,"The New Yorker December 9, 2024",,"https://media.newyorker.com/photos/6745ddcca7b54244ff377194/master/w_1600,c_limit/2024_12_09.jpg",https://www.newyorker.com/magazine/2024/12/09,covers/2024/2024-12-09.jpg,871071,ok
2024-12-16,2024,"The New Yorker December 16, 2024",,"https://media.newyorker.com/photos/675217996c1800ad4b57e386/master/w_1600,c_limit/2024_12_16.jpg",https://www.newyorker.com/magazine/2024/12/16,covers/2024/2024-12-16.jpg,811145,ok
2024-12-23,2024,"The New Yorker December 23, 2024",,"https://media.newyorker.com/photos/675b16093c71750cfed8a78c/master/w_1600,c_limit/2024_12_23.jpg",https://www.newyorker.com/magazine/2024/12/23,covers/2024/2024-12-23.jpg,438094,ok
2024-12-30,2024,"The New Yorker December 30, 2024 & January 6, 2025",,"https://media.newyorker.com/photos/676499749037bca72a3971fe/master/w_1600,c_limit/2024_12_30.jpg",https://www.newyorker.com/magazine/2024/12/30,covers/2024/2024-12-30.jpg,680689,ok
2025-01-13,2025,"The New Yorker January 13, 2025",,"https://media.newyorker.com/photos/6776cd56370d311e98dca6b6/master/w_1600,c_limit/2025_01_13.jpg",https://www.newyorker.com/magazine/2025/01/13,covers/2025/2025-01-13.jpg,722798,ok
2025-01-20,2025,"The New Yorker January 20, 2025",,"https://media.newyorker.com/photos/6781b40651e5eadfb23015da/master/w_1600,c_limit/2025_01_20.jpg",https://www.newyorker.com/magazine/2025/01/20,covers/2025/2025-01-20.jpg,658011,ok
2025-01-27,2025,"The New Yorker January 27, 2025",,"https://media.newyorker.com/photos/678aef13419eef07c40e69f1/master/w_1600,c_limit/2025_01_27.jpg",https://www.newyorker.com/magazine/2025/01/27,covers/2025/2025-01-27.jpg,198505,ok
2025-02-03,2025,"The New Yorker February 3, 2025",,"https://media.newyorker.com/photos/679427cbb3e15f768548617c/master/w_1600,c_limit/2025_02_03.jpg",https://www.newyorker.com/magazine/2025/02/03,covers/2025/2025-02-03.jpg,390403,ok
2025-02-10,2025,"The New Yorker February 10, 2025",,"https://media.newyorker.com/photos/679cf92d7a5323a95cff01ad/master/w_1600,c_limit/2025_02_10.jpg",https://www.newyorker.com/magazine/2025/02/10,covers/2025/2025-02-10.jpg,902898,ok
2025-02-17,2025,"The New Yorker February 17 & 24, 2025",,"https://media.newyorker.com/photos/67a3dcfacba10a7449d79a26/master/w_1600,c_limit/2025_02_17.gif",https://www.newyorker.com/magazine/2025/02/17,covers/2025/2025-02-17.gif,1279074,ok
2025-03-03,2025,"The New Yorker March 3, 2025",,"https://media.newyorker.com/photos/67b8e10bbfb5d81de2d70093/master/w_1600,c_limit/2025_03_03.jpg",https://www.newyorker.com/magazine/2025/03/03,covers/2025/2025-03-03.jpg,734287,ok
2025-03-10,2025,"The New Yorker March 10, 2025",,"https://media.newyorker.com/photos/67c0ea20ae4c5a7779f76d58/master/w_1600,c_limit/2025_03_10.jpg",https://www.newyorker.com/magazine/2025/03/10,covers/2025/2025-03-10.jpg,390885,ok
2025-03-17,2025,"The New Yorker March 17, 2025",,"https://media.newyorker.com/photos/67cb1c9243882404250520f3/master/w_1600,c_limit/2025_03_17.jpg",https://www.newyorker.com/magazine/2025/03/17,covers/2025/2025-03-17.jpg,788062,ok
2025-03-24,2025,"The New Yorker March 24, 2025",,"https://media.newyorker.com/photos/67d1efdef2a2fc6e1f29a8fc/master/w_1600,c_limit/2025_03_24.jpg",https://www.newyorker.com/magazine/2025/03/24,covers/2025/2025-03-24.jpg,701989,ok
2025-03-31,2025,"The New Yorker March 31, 2025",,"https://media.newyorker.com/photos/67dc7cee608ca346c4ee8ccd/master/w_1600,c_limit/2025_03_31.jpg",https://www.newyorker.com/magazine/2025/03/31,covers/2025/2025-03-31.jpg,423233,ok
2025-04-07,2025,"The New Yorker April 7, 2025",,"https://media.newyorker.com/photos/67e6b11965f8ff6992ee7ac3/master/w_1600,c_limit/2025_04_07.jpg",https://www.newyorker.com/magazine/2025/04/07,covers/2025/2025-04-07.jpg,678365,ok
2025-04-14,2025,"The New Yorker April 14, 2025",,"https://media.newyorker.com/photos/67ee9f971d7427f4c033f13c/master/w_1600,c_limit/2025_04_14.jpg",https://www.newyorker.com/magazine/2025/04/14,covers/2025/2025-04-14.jpg,381411,ok
2025-04-21,2025,"The New Yorker April 21, 2025",,"https://media.newyorker.com/photos/67f93de0c09947a9a039e41f/master/w_1600,c_limit/2025_04_21.jpg",https://www.newyorker.com/magazine/2025/04/21,covers/2025/2025-04-21.jpg,238727,ok
2025-04-28,2025,"The New Yorker April 28, 2025",,"https://media.newyorker.com/photos/6802612c9dcbd9269277a6c5/master/w_1600,c_limit/2025_04_28.jpg",https://www.newyorker.com/magazine/2025/04/28,covers/2025/2025-04-28.jpg,471293,ok
2025-05-05,2025,"The New Yorker May 5, 2025",,"https://media.newyorker.com/photos/680aa66b650019aa51ddbe35/master/w_1600,c_limit/2025_05_05.jpg",https://www.newyorker.com/magazine/2025/05/05,covers/2025/2025-05-05.jpg,680701,ok
2025-05-12,2025,"The New Yorker May 12 & 19, 2025",,"https://media.newyorker.com/photos/6813fca363a00546652996e6/master/w_1600,c_limit/2025_05_12.gif",https://www.newyorker.com/magazine/2025/05/12,covers/2025/2025-05-12.gif,2432393,ok
2025-05-26,2025,"The New Yorker May 26, 2025",,"https://media.newyorker.com/photos/6827472749e22b589d37fe65/master/w_1600,c_limit/2025_05_26.jpg",https://www.newyorker.com/magazine/2025/05/26,covers/2025/2025-05-26.jpg,680676,ok
2025-06-02,2025,"The New Yorker June 2, 2025",,"https://media.newyorker.com/photos/6830a4291fd8066f3414a8f5/master/w_1600,c_limit/2025_06_02.jpg",https://www.newyorker.com/magazine/2025/06/02,covers/2025/2025-06-02.jpg,342647,ok
2025-06-09,2025,"The New Yorker June 9, 2025",,"https://media.newyorker.com/photos/683a1684003fbdf0099d3431/master/w_1600,c_limit/2025_06_09.jpg",https://www.newyorker.com/magazine/2025/06/09,covers/2025/2025-06-09.jpg,778353,ok
2025-06-16,2025,"The New Yorker June 16, 2025",,"https://media.newyorker.com/photos/6841e6881c85ba72d1d5c264/master/w_1600,c_limit/2025_06_16.jpg",https://www.newyorker.com/magazine/2025/06/16,covers/2025/2025-06-16.jpg,387060,ok
2025-06-23,2025,"The New Yorker June 23, 2025",,"https://media.newyorker.com/photos/684b411687e3512e8df5bf13/master/w_1600,c_limit/2025_06_23.jpg",https://www.newyorker.com/magazine/2025/06/23,covers/2025/2025-06-23.jpg,698659,ok
2025-06-30,2025,"The New Yorker June 30, 2025",,"https://media.newyorker.com/photos/68559eaf0942072f92a8213b/master/w_1600,c_limit/2025_06_30.jpg",https://www.newyorker.com/magazine/2025/06/30,covers/2025/2025-06-30.jpg,445875,ok
2025-07-07,2025,"The New Yorker July 7 & 14, 2025",,"https://media.newyorker.com/photos/685c1a230006a720d390b1e2/master/w_1600,c_limit/2025_07_07.jpg",https://www.newyorker.com/magazine/2025/07/07,covers/2025/2025-07-07.jpg,173900,ok
2025-07-21,2025,"The New Yorker July 21, 2025",,"https://media.newyorker.com/photos/68717d3790adc53e662cb05e/master/w_1600,c_limit/2025_07_21.jpg",https://www.newyorker.com/magazine/2025/07/21,covers/2025/2025-07-21.jpg,450765,ok
2025-07-28,2025,"The New Yorker July 28, 2025",,"https://media.newyorker.com/photos/687a5e6d873f794071fd5ecb/master/w_1600,c_limit/2025_07_28.jpg",https://www.newyorker.com/magazine/2025/07/28,covers/2025/2025-07-28.jpg,436494,ok
2025-08-04,2025,"The New Yorker August 4, 2025",,"https://media.newyorker.com/photos/6883d08f3661a2a19a2a145e/master/w_1600,c_limit/2025_08_04.jpg",https://www.newyorker.com/magazine/2025/08/04,covers/2025/2025-08-04.jpg,751270,ok
2025-08-11,2025,"The New Yorker August 11, 2025",,"https://media.newyorker.com/photos/688ccfee0b2c5e4a66166545/master/w_1600,c_limit/2025_08_11.jpg",https://www.newyorker.com/magazine/2025/08/11,covers/2025/2025-08-11.jpg,192675,ok
2025-08-18,2025,"The New Yorker August 18, 2025",,"https://media.newyorker.com/photos/689634a9741d292225a2c8ae/master/w_1600,c_limit/2025_08_18.jpg",https://www.newyorker.com/magazine/2025/08/18,covers/2025/2025-08-18.jpg,758207,ok
2025-08-25,2025,"The New Yorker August 25, 2025",,"https://media.newyorker.com/photos/689fa02bbb196002cbd7a367/master/w_1600,c_limit/2025_08_25.jpg",https://www.newyorker.com/magazine/2025/08/25,covers/2025/2025-08-25.jpg,329821,ok
2025-09-01,2025,"The New Yorker September 1 & 8, 2025",,"https://media.newyorker.com/photos/68a6280ee1c76d805526628f/master/w_1600,c_limit/2025_09_01.gif",https://www.newyorker.com/magazine/2025/09/01,covers/2025/2025-09-01.gif,2484350,ok
2025-09-15,2025,"The New Yorker September 15, 2025",,"https://media.newyorker.com/photos/68b9f7aa5cf5cfe54df4b29a/master/w_1600,c_limit/2025_09_15.jpg",https://www.newyorker.com/magazine/2025/09/15,covers/2025/2025-09-15.jpg,478638,ok
2025-09-22,2025,"The New Yorker September 22, 2025",,"https://media.newyorker.com/photos/68c2f5de8ec6f40513769fa8/master/w_1600,c_limit/2025_09_22.jpg",https://www.newyorker.com/magazine/2025/09/22,covers/2025/2025-09-22.jpg,607304,ok
2025-09-29,2025,"The New Yorker September 29, 2025",,"https://media.newyorker.com/photos/68cdc9cdbeddd5f51f874c56/master/w_1600,c_limit/2025_09_29.jpg",https://www.newyorker.com/magazine/2025/09/29,covers/2025/2025-09-29.jpg,475407,ok
2025-10-06,2025,"The New Yorker October 6, 2025",,"https://media.newyorker.com/photos/68d6c612c0ec139ad47e81e7/master/w_1600,c_limit/2025_10_06.jpg",https://www.newyorker.com/magazine/2025/10/06,covers/2025/2025-10-06.jpg,489068,ok
2025-10-13,2025,"The New Yorker October 13, 2025",,"https://media.newyorker.com/photos/68dfe670a6d7dae57135d6eb/master/w_1600,c_limit/2025_10_13.jpg",https://www.newyorker.com/magazine/2025/10/13,covers/2025/2025-10-13.jpg,687543,ok
2025-10-20,2025,"The New Yorker October 20, 2025",,"https://media.newyorker.com/photos/68e7c97bb1cda407ef41a368/master/w_1600,c_limit/2025_10_20.jpg",https://www.newyorker.com/magazine/2025/10/20,covers/2025/2025-10-20.jpg,544825,ok
2025-10-27,2025,"The New Yorker October 27, 2025",,"https://media.newyorker.com/photos/68f1425c8302187b87df46e0/master/w_1600,c_limit/2025_10_27.jpg",https://www.newyorker.com/magazine/2025/10/27,covers/2025/2025-10-27.jpg,281489,ok
2025-11-03,2025,"The New Yorker November 3, 2025",,"https://media.newyorker.com/photos/68fbec433ec925aea62e7a90/master/w_1600,c_limit/2025_11_03.jpg",https://www.newyorker.com/magazine/2025/11/03,covers/2025/2025-11-03.jpg,795719,ok
2025-11-10,2025,"The New Yorker November 10, 2025",,"https://media.newyorker.com/photos/6905295716ec4f9969423522/master/w_1600,c_limit/2025_11_10.jpg",https://www.newyorker.com/magazine/2025/11/10,covers/2025/2025-11-10.jpg,840818,ok
2025-11-17,2025,"The New Yorker November 17, 2025",,"https://media.newyorker.com/photos/690cf2e12fe233240a5c7e91/master/w_1600,c_limit/2025_11_17.jpg",https://www.newyorker.com/magazine/2025/11/17,covers/2025/2025-11-17.jpg,685545,ok
2025-11-24,2025,"The New Yorker November 24, 2025",,"https://media.newyorker.com/photos/6917b24b8f4153ed0fc17a67/master/w_1600,c_limit/2025_11_24.jpg",https://www.newyorker.com/magazine/2025/11/24,covers/2025/2025-11-24.jpg,392783,ok
2025-12-01,2025,"The New Yorker December 1, 2025",,"https://media.newyorker.com/photos/691fa3018f7fd772b071b517/master/w_1600,c_limit/2025_12_01.gif",https://www.newyorker.com/magazine/2025/12/01,covers/2025/2025-12-01.gif,1628648,ok
2025-12-08,2025,"The New Yorker December 8, 2025",,"https://media.newyorker.com/photos/692788445d73ed1f5de69a7d/master/w_1600,c_limit/2025_12_08.jpg",https://www.newyorker.com/magazine/2025/12/08,covers/2025/2025-12-08.jpg,959504,ok
2025-12-15,2025,"The New Yorker December 15, 2025",,"https://media.newyorker.com/photos/693209caa0d5ca5cc2ec375b/master/w_1600,c_limit/2025_12_15.jpg",https://www.newyorker.com/magazine/2025/12/15,covers/2025/2025-12-15.jpg,596429,ok
2025-12-22,2025,"The New Yorker December 22, 2025",,"https://media.newyorker.com/photos/693aec3b6f6149a0b7d2c11b/master/w_1600,c_limit/2025_12_22.jpg",https://www.newyorker.com/magazine/2025/12/22,covers/2025/2025-12-22.jpg,471850,ok
2025-12-29,2025,"The New Yorker December 29, 2025 & January 5, 2025",,"https://media.newyorker.com/photos/6942b3794705200fb92caaff/master/w_1600,c_limit/2025_12_29.jpg",https://www.newyorker.com/magazine/2025/12/29,covers/2025/2025-12-29.jpg,716897,ok
2026-01-12,2026,"The New Yorker January 12, 2026",,"https://media.newyorker.com/photos/694ac0f00337d5514d29d64c/master/w_1600,c_limit/2026_01_12.jpg",https://www.newyorker.com/magazine/2026/01/12,covers/2026/2026-01-12.jpg,917383,ok
2026-01-19,2026,"The New Yorker January 19, 2026",,"https://media.newyorker.com/photos/6961578aba5ed7deee821dd0/master/w_1600,c_limit/2026_01_19.jpg",https://www.newyorker.com/magazine/2026/01/19,covers/2026/2026-01-19.jpg,614426,ok
2026-01-26,2026,"The New Yorker January 26, 2026",,"https://media.newyorker.com/photos/6969271883e256ad6346f496/master/w_1600,c_limit/2026_01_26.jpg",https://www.newyorker.com/magazine/2026/01/26,covers/2026/2026-01-26.jpg,425023,ok
2026-02-02,2026,"The New Yorker February 2, 2026",,"https://media.newyorker.com/photos/6973ccec5b0c1b614c2f4001/master/w_1600,c_limit/2026_02_02.jpg",https://www.newyorker.com/magazine/2026/02/02,covers/2026/2026-02-02.jpg,730030,ok
2026-02-09,2026,"The New Yorker February 9, 2026",,"https://media.newyorker.com/photos/697b93b64534f67b175d6cc4/master/w_1600,c_limit/2026_02_09.jpg",https://www.newyorker.com/magazine/2026/02/09,covers/2026/2026-02-09.jpg,317814,ok
2026-02-16,2026,"The New Yorker February 16 & 23, 2026",,"https://media.newyorker.com/photos/6983bfd2041b8b29c3deffe9/master/w_1600,c_limit/2026_02_16.jpg",https://www.newyorker.com/magazine/2026/02/16,covers/2026/2026-02-16.jpg,535551,ok
2026-03-02,2026,"The New Yorker March 2, 2026",,"https://media.newyorker.com/photos/69987a0e2e7bbe5bf5f49172/master/w_1600,c_limit/2026_03_02.jpg",https://www.newyorker.com/magazine/2026/03/02,covers/2026/2026-03-02.jpg,510627,ok
2026-03-09,2026,"The New Yorker March 9, 2026",,"https://media.newyorker.com/photos/69a06b8f4d69701402fa2355/master/w_1600,c_limit/2026_03_09.jpg",https://www.newyorker.com/magazine/2026/03/09,covers/2026/2026-03-09.jpg,309927,ok
2026-03-16,2026,"The New Yorker March 16, 2026",,"https://media.newyorker.com/photos/69ab15745f42558053aee339/master/w_1600,c_limit/2026_03_16.jpg",https://www.newyorker.com/magazine/2026/03/16,covers/2026/2026-03-16.jpg,610440,ok
2026-03-23,2026,"The New Yorker March 30, 2026",,"https://media.newyorker.com/photos/69b34aee7f135fb17be509c4/master/w_1600,c_limit/2026_03_23.jpg",https://www.newyorker.com/magazine/2026/03/23,covers/2026/2026-03-23.jpg,611545,ok
2026-03-30,2026,"The New Yorker March 30, 2026",,"https://media.newyorker.com/photos/69bd84f7175c0e3192d6f7c0/master/w_1600,c_limit/2026_03_30.jpg",https://www.newyorker.com/magazine/2026/03/30,covers/2026/2026-03-30.jpg,842926,ok
2026-04-06,2026,"The New Yorker April 6, 2026",,"https://media.newyorker.com/photos/69c6f608ec03345674055646/master/w_1600,c_limit/2026_04_06.jpg",https://www.newyorker.com/magazine/2026/04/06,covers/2026/2026-04-06.jpg,874476,ok
2026-04-13,2026,"The New Yorker April 13, 2026",,"https://media.newyorker.com/photos/69cea882560ecd7dc54739e2/master/w_1600,c_limit/2026_04_13.jpg",https://www.newyorker.com/magazine/2026/04/13,covers/2026/2026-04-13.jpg,252680,ok
2026-04-20,2026,"The New Yorker April 20, 2026",,"https://media.newyorker.com/photos/69d79755dbf604982ee30b15/master/w_1600,c_limit/2026_04_20.jpg",https://www.newyorker.com/magazine/2026/04/20,covers/2026/2026-04-20.jpg,575684,ok
2026-04-27,2026,"The New Yorker April 27, 2026",,"https://media.newyorker.com/photos/69e0f8104effa0a8ba0b97ad/master/w_1600,c_limit/2026_04_27.jpg",https://www.newyorker.com/magazine/2026/04/27,covers/2026/2026-04-27.jpg,1290905,ok
2026-05-04,2026,"The New Yorker May 4, 2026",,"https://media.newyorker.com/photos/69ebdfae5924d4ce1803468b/master/w_1600,c_limit/2026_05_04.jpg",https://www.newyorker.com/magazine/2026/05/04,covers/2026/2026-05-04.jpg,453141,ok
2026-05-11,2026,"The New Yorker May 11 & 18, 2026",,"https://media.newyorker.com/photos/69f3cc3d9a5c9b7337de12eb/master/w_1600,c_limit/2026_05_11.jpg",https://www.newyorker.com/magazine/2026/05/11,covers/2026/2026-05-11.jpg,740236,ok
2026-05-25,2026,"The New Yorker May 25, 2026",,"https://media.newyorker.com/photos/6a05e63d51e44bc46badd229/master/w_1600,c_limit/2026_05_25.jpg",https://www.newyorker.com/magazine/2026/05/25,covers/2026/2026-05-25.jpg,421724,ok
2026-06-01,2026,"The New Yorker June 1, 2026",,"https://media.newyorker.com/photos/6a10b474efac263a2343cfe5/master/w_1600,c_limit/2026_06_01.jpg",https://www.newyorker.com/magazine/2026/06/01,covers/2026/2026-06-01.jpg,453229,ok
2026-06-08,2026,"The New Yorker June 8, 2026",,"https://media.newyorker.com/photos/6a1853a6c7c6850782d255d5/master/w_1600,c_limit/2026_06_08.jpg",https://www.newyorker.com/magazine/2026/06/08,covers/2026/2026-06-08.jpg,605881,ok
2026-06-15,2026,"The New Yorker June 15, 2026",,"https://media.newyorker.com/photos/6a231bf507ff97ea13d4a72b/master/w_1600,c_limit/2026_06_15.jpg",https://www.newyorker.com/magazine/2026/06/15,covers/2026/2026-06-15.jpg,861593,ok
2026-06-22,2026,"The New Yorker June 22, 2026",,"https://media.newyorker.com/photos/6a2c238e9b7ced0f41e6b3fe/master/w_1600,c_limit/2026_06_22.jpg",https://www.newyorker.com/magazine/2026/06/22,covers/2026/2026-06-22.jpg,633724,ok
2026-06-29,2026,"The New Yorker June 29, 2026",,"https://media.newyorker.com/photos/6a345ef37bca6e42c6261d57/master/w_1600,c_limit/2026_06_29.jpg",https://www.newyorker.com/magazine/2026/06/29,covers/2026/2026-06-29.jpg,985137,ok
2026-07-06,2026,"The New Yorker July 6 & 13, 2026",,"https://media.newyorker.com/photos/6a3d36bed65f9efd6c6608b2/master/w_1600,c_limit/2026_07_06.jpg",https://www.newyorker.com/magazine/2026/07/06,covers/2026/2026-07-06.jpg,1068764,ok
2026-07-20,2026,"The New Yorker July 20, 2026",,"https://media.newyorker.com/photos/6a50ff4ea204adf6fa194cde/master/w_1600,c_limit/2026_07_20.jpg",https://www.newyorker.com/magazine/2026/07/20,covers/2026/2026-07-20.jpg,606238,ok
2026-07-27,2026,"The New Yorker July 27, 2026",,"https://media.newyorker.com/photos/6a5a4120373be3216d8ebaed/master/w_1600,c_limit/2026_07_27.jpg",https://www.newyorker.com/magazine/2026/07/27,covers/2026/2026-07-27.jpg,784238,ok
2026-08-03,2026,"The New Yorker August 3, 2026",,"https://media.newyorker.com/photos/6a621d6c02704a215d010e32/master/w_1600,c_limit/2026_08_03.jpg",https://www.newyorker.com/magazine/2026/08/03,covers/2026/2026-08-03.jpg,392492,ok
2026-08-10,2026,"The New Yorker August 10, 2026",,"https://media.newyorker.com/photos/6a6ce650486c1d69ba023b50/master/w_1600,c_limit/2026_08_10.jpg",https://www.newyorker.com/magazine/2026/08/10,covers/2026/2026-08-10.jpg,952778,ok
2026-08-17,2026,"The New Yorker August 17, 2026",,"https://media.newyorker.com/photos/6a761fb44256c4d9554d063c/master/w_1600,c_limit/2026_08_17.jpg",https://www.newyorker.com/magazine/2026/08/17,covers/2026/2026-08-17.jpg,1005461,ok
2026-08-24,2026,"The New Yorker August 24 & 31, 2026",,"https://media.newyorker.com/photos/6a7f56227625667cf127a6fc/master/w_1600,c_limit/2026_08_24.jpg",https://www.newyorker.com/magazine/2026/08/24,covers/2026/2026-08-24.jpg,353520,ok
2026-09-07,2026,"The New Yorker September 7, 2026",,"https://media.newyorker.com/photos/6a919bf953a88a803a118cd8/master/w_1600,c_limit/2026_09_07.jpg",https://www.newyorker.com/magazine/2026/09/07,covers/2026/2026-09-07.jpg,1349368,ok
2026-09-14,2026,"The New Yorker September 14, 2026",,"https://media.newyorker.com/photos/6a99996e29e709e5397974a3/master/w_1600,c_limit/2026_09_14.jpg",https://www.newyorker.com/magazine/2026/09/14,covers/2026/2026-09-14.jpg,385608,ok
2026-09-21,2026,"The New Yorker September 21, 2026",,"https://media.newyorker.com/photos/6aa321eadb0e398adbfa981a/master/w_1600,c_limit/2026_09_21.jpg",https://www.newyorker.com/magazine/2026/09/21,covers/2026/2026-09-21.jpg,311015,ok
